   -4.0000000000E+00    5.6966941031E-01    4.2417352578E-01    2.4000319994E-01
   -3.9200000000E+00    5.6967048455E-01    4.2417621139E-01    2.4000384715E-01
   -3.8400000000E+00    5.6967177607E-01    4.2417944019E-01    2.4000462527E-01
   -3.7600000000E+00    5.6967332882E-01    4.2418332204E-01    2.4000556077E-01
   -3.6800000000E+00    5.6967519561E-01    4.2418798903E-01    2.4000668547E-01
   -3.6000000000E+00    5.6967743998E-01    4.2419359995E-01    2.4000803763E-01
   -3.5200000000E+00    5.6968013828E-01    4.2420034571E-01    2.4000966326E-01
   -3.4400000000E+00    5.6968338233E-01    4.2420845582E-01    2.4001161765E-01
   -3.3600000000E+00    5.6968728249E-01    4.2421820622E-01    2.4001396729E-01
   -3.2800000000E+00    5.6969197145E-01    4.2422992862E-01    2.4001679208E-01
   -3.2000000000E+00    5.6969760873E-01    4.2424402183E-01    2.4002018809E-01
   -3.1200000000E+00    5.6970438611E-01    4.2426096527E-01    2.4002427080E-01
   -3.0400000000E+00    5.6971253412E-01    4.2428133531E-01    2.4002917902E-01
   -2.9600000000E+00    5.6972232993E-01    4.2430582482E-01    2.4003507961E-01
   -2.8800000000E+00    5.6973410669E-01    4.2433526672E-01    2.4004217310E-01
   -2.8000000000E+00    5.6974826491E-01    4.2437066228E-01    2.4005070051E-01
   -2.7200000000E+00    5.6976528604E-01    4.2441321509E-01    2.4006095151E-01
   -2.6400000000E+00    5.6978574877E-01    4.2446437192E-01    2.4007327419E-01
   -2.5600000000E+00    5.6981034870E-01    4.2452587175E-01    2.4008808680E-01
   -2.4800000000E+00    5.6983992190E-01    4.2459980474E-01    2.4010589183E-01
   -2.4000000000E+00    5.6987547318E-01    4.2468868296E-01    2.4012729294E-01
   -2.3200000000E+00    5.6991821016E-01    4.2479552539E-01    2.4015301515E-01
   -2.2400000000E+00    5.6996958396E-01    4.2492395991E-01    2.4018392910E-01
   -2.1600000000E+00    5.7003133825E-01    4.2507834562E-01    2.4022108001E-01
   -2.0800000000E+00    5.7010556789E-01    4.2526391973E-01    2.4026572237E-01
   -2.0000000000E+00    5.7019478937E-01    4.2548697343E-01    2.4031936128E-01
   -1.9200000000E+00    5.7030202511E-01    4.2575506278E-01    2.4038380176E-01
   -1.8400000000E+00    5.7043090445E-01    4.2607726114E-01    2.4046120743E-01
   -1.7600000000E+00    5.7058578444E-01    4.2646446111E-01    2.4055417019E-01
   -1.6800000000E+00    5.7077189416E-01    4.2692973539E-01    2.4066579269E-01
   -1.6000000000E+00    5.7099550696E-01    4.2748876739E-01    2.4079978572E-01
   -1.5200000000E+00    5.7126414574E-01    4.2816036434E-01    2.4096058272E-01
   -1.4400000000E+00    5.7158682698E-01    4.2896706745E-01    2.4115347376E-01
   -1.3600000000E+00    5.7197435029E-01    4.2993587573E-01    2.4138476126E-01
   -1.2800000000E+00    5.7243964087E-01    4.3109910218E-01    2.4166193990E-01
   -1.2000000000E+00    5.7299815301E-01    4.3249538253E-01    2.4199390216E-01
   -1.1200000000E+00    5.7366834331E-01    4.3417085828E-01    2.4239117047E-01
   -1.0400000000E+00    5.7447222235E-01    4.3618055588E-01    2.4286615539E-01
   -9.6000000000E-01    5.7543599275E-01    4.3858998188E-01    2.4343343646E-01
   -8.8000000000E-01    5.7659077983E-01    4.4147694959E-01    2.4411005930E-01
   -8.0000000000E-01    5.7797345714E-01    4.4493364284E-01    2.4491583669E-01
   -7.2000000000E-01    5.7962756214E-01    4.4906890535E-01    2.4587363469E-01
   -6.4000000000E-01    5.8160428643E-01    4.5401071607E-01    2.4700961451E-01
   -5.6000000000E-01    5.8396350667E-01    4.5990876668E-01    2.4835338898E-01
   -4.8000000000E-01    5.8677479630E-01    4.6693699076E-01    2.4993803721E-01
   -4.0000000000E-01    5.9011831931E-01    4.7529579829E-01    2.5179990417E-01
   -3.2000000000E-01    5.9408545463E-01    4.8521363658E-01    2.5397809552E-01
   -2.4000000000E-01    5.9877893034E-01    4.9694732585E-01    2.5651356503E-01
   -1.6000000000E-01    6.0431216388E-01    5.1078040971E-01    2.5944768843E-01
   -8.0000000000E-02    6.1080741604E-01    5.2701854010E-01    2.6282023220E-01
    0.0000000000E+00    6.1839229451E-01    5.4598073628E-01    2.6666666667E-01
    8.0000000000E-02    6.2719412463E-01    5.6798531158E-01    2.7101485136E-01
    1.6000000000E-01    6.3733179596E-01    5.9332948990E-01    2.7588123876E-01
    2.4000000000E-01    6.4890495778E-01    6.2226239445E-01    2.8126689697E-01
    3.2000000000E-01    6.6198092238E-01    6.5495230594E-01    2.8715381820E-01
    4.0000000000E-01    6.7658033149E-01    6.9145082874E-01    2.9350211731E-01
    4.8000000000E-01    6.9266343596E-01    7.3165858989E-01    3.0024877607E-01
    5.6000000000E-01    7.1011949462E-01    7.7529873655E-01    3.0730849944E-01
    6.4000000000E-01    7.2876200599E-01    8.2190501498E-01    3.1457699139E-01
    7.2000000000E-01    7.4833197863E-01    8.7082994657E-01    3.2193655579E-01
    8.0000000000E-01    7.6851016684E-01    9.2127541710E-01    3.2926346834E-01
    8.8000000000E-01    7.8893739726E-01    9.7234349316E-01    3.3643617876E-01
    9.6000000000E-01    8.0924030964E-01    1.0231007741E+00    3.4334321114E-01
    1.0400000000E+00    8.2905862099E-01    1.0726465525E+00    3.4988970085E-01
    1.1200000000E+00    8.4806979393E-01    1.1201744848E+00    3.5600181300E-01
    1.2000000000E+00    8.6600777790E-01    1.1650194447E+00    3.6162872981E-01
    1.2800000000E+00    8.8267396881E-01    1.2066849220E+00    3.6674233780E-01
    1.3600000000E+00    8.9794018628E-01    1.2448504657E+00    3.7133507928E-01
    1.4400000000E+00    9.1174482856E-01    1.2793620714E+00    3.7541660181E-01
    1.5200000000E+00    9.2408416648E-01    1.3102104162E+00    3.7900984845E-01
    1.6000000000E+00    9.3500094662E-01    1.3375023666E+00    3.8214712791E-01
    1.6800000000E+00    9.4457222973E-01    1.3614305743E+00    3.8486654446E-01
    1.7600000000E+00    9.5289789932E-01    1.3822447483E+00    3.8720900358E-01
    1.8400000000E+00    9.6009072473E-01    1.4002268118E+00    3.8921587220E-01
    1.9200000000E+00    9.6626837935E-01    1.4156709484E+00    3.9092727524E-01
    2.0000000000E+00    9.7154745667E-01    1.4288686417E+00    3.9238095238E-01
    2.0800000000E+00    9.7603930210E-01    1.4400982553E+00    3.9361157294E-01
    2.1600000000E+00    9.7984736598E-01    1.4496184150E+00    3.9465040307E-01
    2.2400000000E+00    9.8306575110E-01    1.4576643777E+00    3.9552522861E-01
    2.3200000000E+00    9.8577864553E-01    1.4644466138E+00    3.9626045227E-01
    2.4000000000E+00    9.8806037491E-01    1.4701509373E+00    3.9687730108E-01
    2.4800000000E+00    9.8997585976E-01    1.4749396494E+00    3.9739409583E-01
    2.5600000000E+00    9.9158131481E-01    1.4789532870E+00    3.9782654796E-01
    2.6400000000E+00    9.9292507100E-01    1.4823126775E+00    3.9818806045E-01
    2.7200000000E+00    9.9404843777E-01    1.4851210944E+00    3.9849001749E-01
    2.8000000000E+00    9.9498655086E-01    1.4874663771E+00    3.9874205400E-01
    2.8800000000E+00    9.9576917189E-01    1.4894229297E+00    3.9895230030E-01
    2.9600000000E+00    9.9642142096E-01    1.4910535524E+00    3.9912760028E-01
    3.0400000000E+00    9.9696443347E-01    1.4924110837E+00    3.9927370328E-01
    3.1200000000E+00    9.9741593923E-01    1.4935398481E+00    3.9939543100E-01
    3.2000000000E+00    9.9779076598E-01    1.4944769150E+00    3.9949682155E-01
    3.2800000000E+00    9.9810127148E-01    1.4952531787E+00    3.9958125284E-01
    3.3600000000E+00    9.9835770941E-01    1.4958942735E+00    3.9965154786E-01
    3.4400000000E+00    9.9856853377E-01    1.4964213344E+00    3.9971006390E-01
    3.5200000000E+00    9.9874064552E-01    1.4968516138E+00    3.9975876812E-01
    3.6000000000E+00    9.9887958262E-01    1.4971989566E+00    3.9979930115E-01
    3.6800000000E+00    9.9898965102E-01    1.4974741276E+00    3.9983303073E-01
    3.7600000000E+00    9.9907398738E-01    1.4976849684E+00    3.9986109663E-01
    3.8400000000E+00    9.9913453271E-01    1.4978363318E+00    3.9988444833E-01
    3.9200000000E+00    9.9917187490E-01    1.4979296873E+00    3.9990387663E-01
    4.0000000000E+00    9.9918487589E-01    1.4979621897E+00    3.9992003998E-01
