    1.0000000000E-06    7.4881136202E-01    1.4723837092E-01
    1.0010000000E-03    4.9876267535E-01    1.7545952859E-01
    2.0010000000E-03    4.6281397629E-01    1.8039982803E-01
    3.0010000000E-03    4.4059467543E-01    1.8371448622E-01
    4.0010000000E-03    4.2427266272E-01    1.8629329168E-01
    5.0010000000E-03    4.1128421297E-01    1.8844068377E-01
    6.0010000000E-03    4.0045420773E-01    1.9030062554E-01
    7.0010000000E-03    3.9114201711E-01    1.9195356796E-01
    8.0010000000E-03    3.8295842923E-01    1.9344941515E-01
    9.0010000000E-03    3.7564862410E-01    1.9482143385E-01
    1.0001000000E-02    3.6903635056E-01    1.9609300408E-01
    1.1001000000E-02    3.6299445389E-01    1.9728123742E-01
    1.2001000000E-02    3.5742808372E-01    1.9839906647E-01
    1.3001000000E-02    3.5226453993E-01    1.9945652388E-01
    1.4001000000E-02    3.4744683142E-01    2.0046156277E-01
    1.5001000000E-02    3.4292942594E-01    2.0142060372E-01
    1.6001000000E-02    3.3867535139E-01    2.0233891139E-01
    1.7001000000E-02    3.3465416268E-01    2.0322086112E-01
    1.8001000000E-02    3.3084048057E-01    2.0407013209E-01
    1.9001000000E-02    3.2721291935E-01    2.0488985025E-01
    2.0001000000E-02    3.2375328500E-01    2.0568269600E-01
    2.1001000000E-02    3.2044596585E-01    2.0645098665E-01
    2.2001000000E-02    3.1727746257E-01    2.0719674036E-01
    2.3001000000E-02    3.1423602086E-01    2.0792172658E-01
    2.4001000000E-02    3.1131134101E-01    2.0862750604E-01
    2.5001000000E-02    3.0849434566E-01    2.0931546307E-01
    2.6001000000E-02    3.0577699237E-01    2.0998683168E-01
    2.7001000000E-02    3.0315212095E-01    2.1064271705E-01
    2.8001000000E-02    3.0061332798E-01    2.1128411325E-01
    2.9001000000E-02    2.9815486307E-01    2.1191191790E-01
    3.0001000000E-02    2.9577154229E-01    2.1252694458E-01
    3.1001000000E-02    2.9345867562E-01    2.1312993321E-01
    3.2001000000E-02    2.9121200563E-01    2.1372155885E-01
    3.3001000000E-02    2.8902765551E-01    2.1430243926E-01
    3.4001000000E-02    2.8690208467E-01    2.1487314134E-01
    3.5001000000E-02    2.8483205063E-01    2.1543418667E-01
    3.6001000000E-02    2.8281457624E-01    2.1598605635E-01
    3.7001000000E-02    2.8084692127E-01    2.1652919514E-01
    3.8001000000E-02    2.7892655776E-01    2.1706401518E-01
    3.9001000000E-02    2.7705114844E-01    2.1759089908E-01
    4.0001000000E-02    2.7521852787E-01    2.1811020284E-01
    4.1001000000E-02    2.7342668593E-01    2.1862225823E-01
    4.2001000000E-02    2.7167375313E-01    2.1912737505E-01
    4.3001000000E-02    2.6995798775E-01    2.1962584307E-01
    4.4001000000E-02    2.6827776430E-01    2.2011793371E-01
    4.5001000000E-02    2.6663156339E-01    2.2060390166E-01
    4.6001000000E-02    2.6501796258E-01    2.2108398622E-01
    4.7001000000E-02    2.6343562824E-01    2.2155841255E-01
    4.8001000000E-02    2.6188330828E-01    2.2202739280E-01
    4.9001000000E-02    2.6035982555E-01    2.2249112711E-01
    5.0001000000E-02    2.5886407195E-01    2.2294980453E-01
    5.1001000000E-02    2.5739500307E-01    2.2340360381E-01
    5.2001000000E-02    2.5595163340E-01    2.2385269423E-01
    5.3001000000E-02    2.5453303190E-01    2.2429723618E-01
    5.4001000000E-02    2.5313831808E-01    2.2473738186E-01
    5.5001000000E-02    2.5176665832E-01    2.2517327580E-01
    5.6001000000E-02    2.5041726261E-01    2.2560505541E-01
    5.7001000000E-02    2.4908938155E-01    2.2603285142E-01
    5.8001000000E-02    2.4778230355E-01    2.2645678835E-01
    5.9001000000E-02    2.4649535233E-01    2.2687698489E-01
    6.0001000000E-02    2.4522788461E-01    2.2729355425E-01
    6.1001000000E-02    2.4397928797E-01    2.2770660455E-01
    6.2001000000E-02    2.4274897890E-01    2.2811623907E-01
    6.3001000000E-02    2.4153640098E-01    2.2852255660E-01
    6.4001000000E-02    2.4034102322E-01    2.2892565165E-01
    6.5001000000E-02    2.3916233854E-01    2.2932561474E-01
    6.6001000000E-02    2.3799986231E-01    2.2972253261E-01
    6.7001000000E-02    2.3685313108E-01    2.3011648843E-01
    6.8001000000E-02    2.3572170128E-01    2.3050756201E-01
    6.9001000000E-02    2.3460514819E-01    2.3089582999E-01
    7.0001000000E-02    2.3350306479E-01    2.3128136597E-01
    7.1001000000E-02    2.3241506081E-01    2.3166424073E-01
    7.2001000000E-02    2.3134076186E-01    2.3204452234E-01
    7.3001000000E-02    2.3027980849E-01    2.3242227629E-01
    7.4001000000E-02    2.2923185548E-01    2.3279756568E-01
    7.5001000000E-02    2.2819657104E-01    2.3317045126E-01
    7.6001000000E-02    2.2717363613E-01    2.3354099161E-01
    7.7001000000E-02    2.2616274382E-01    2.3390924321E-01
    7.8001000000E-02    2.2516359868E-01    2.3427526058E-01
    7.9001000000E-02    2.2417591619E-01    2.3463909633E-01
    8.0001000000E-02    2.2319942221E-01    2.3500080126E-01
    8.1001000000E-02    2.2223385251E-01    2.3536042447E-01
    8.2001000000E-02    2.2127895223E-01    2.3571801341E-01
    8.3001000000E-02    2.2033447550E-01    2.3607361397E-01
    8.4001000000E-02    2.1940018500E-01    2.3642727056E-01
    8.5001000000E-02    2.1847585154E-01    2.3677902613E-01
    8.6001000000E-02    2.1756125372E-01    2.3712892230E-01
    8.7001000000E-02    2.1665617756E-01    2.3747699935E-01
    8.8001000000E-02    2.1576041619E-01    2.3782329634E-01
    8.9001000000E-02    2.1487376950E-01    2.3816785111E-01
    9.0001000000E-02    2.1399604389E-01    2.3851070036E-01
    9.1001000000E-02    2.1312705196E-01    2.3885187970E-01
    9.2001000000E-02    2.1226661225E-01    2.3919142366E-01
    9.3001000000E-02    2.1141454900E-01    2.3952936580E-01
    9.4001000000E-02    2.1057069189E-01    2.3986573866E-01
    9.5001000000E-02    2.0973487584E-01    2.4020057387E-01
    9.6001000000E-02    2.0890694079E-01    2.4053390218E-01
    9.7001000000E-02    2.0808673147E-01    2.4086575344E-01
    9.8001000000E-02    2.0727409727E-01    2.4119615670E-01
    9.9001000000E-02    2.0646889198E-01    2.4152514021E-01
    1.0000100000E-01    2.0567097368E-01    2.4185273145E-01
    1.0100100000E-01    2.0488020452E-01    2.4217895714E-01
    1.0200100000E-01    2.0409645061E-01    2.4250384333E-01
    1.0300100000E-01    2.0331958185E-01    2.4282741534E-01
    1.0400100000E-01    2.0254947178E-01    2.4314969786E-01
    1.0500100000E-01    2.0178599745E-01    2.4347071494E-01
    1.0600100000E-01    2.0102903931E-01    2.4379049000E-01
    1.0700100000E-01    2.0027848103E-01    2.4410904588E-01
    1.0800100000E-01    1.9953420947E-01    2.4442640485E-01
    1.0900100000E-01    1.9879611446E-01    2.4474258862E-01
    1.1000100000E-01    1.9806408879E-01    2.4505761836E-01
    1.1100100000E-01    1.9733802806E-01    2.4537151473E-01
    1.1200100000E-01    1.9661783056E-01    2.4568429791E-01
    1.1300100000E-01    1.9590339723E-01    2.4599598758E-01
    1.1400100000E-01    1.9519463154E-01    2.4630660295E-01
    1.1500100000E-01    1.9449143939E-01    2.4661616278E-01
    1.1600100000E-01    1.9379372906E-01    2.4692468542E-01
    1.1700100000E-01    1.9310141110E-01    2.4723218877E-01
    1.1800100000E-01    1.9241439828E-01    2.4753869033E-01
    1.1900100000E-01    1.9173260550E-01    2.4784420720E-01
    1.2000100000E-01    1.9105594974E-01    2.4814875612E-01
    1.2100100000E-01    1.9038434995E-01    2.4845235341E-01
    1.2200100000E-01    1.8971772704E-01    2.4875501509E-01
    1.2300100000E-01    1.8905600379E-01    2.4905675679E-01
    1.2400100000E-01    1.8839910478E-01    2.4935759381E-01
    1.2500100000E-01    1.8774695636E-01    2.4965754114E-01
    1.2600100000E-01    1.8709948658E-01    2.4995661342E-01
    1.2700100000E-01    1.8645662514E-01    2.5025482501E-01
    1.2800100000E-01    1.8581830334E-01    2.5055218995E-01
    1.2900100000E-01    1.8518445403E-01    2.5084872201E-01
    1.3000100000E-01    1.8455501157E-01    2.5114443466E-01
    1.3100100000E-01    1.8392991176E-01    2.5143934109E-01
    1.3200100000E-01    1.8330909183E-01    2.5173345425E-01
    1.3300100000E-01    1.8269249040E-01    2.5202678681E-01
    1.3400100000E-01    1.8208004741E-01    2.5231935119E-01
    1.3500100000E-01    1.8147170407E-01    2.5261115957E-01
    1.3600100000E-01    1.8086740289E-01    2.5290222389E-01
    1.3700100000E-01    1.8026708759E-01    2.5319255586E-01
    1.3800100000E-01    1.7967070306E-01    2.5348216696E-01
    1.3900100000E-01    1.7907819536E-01    2.5377106847E-01
    1.4000100000E-01    1.7848951166E-01    2.5405927141E-01
    1.4100100000E-01    1.7790460024E-01    2.5434678666E-01
    1.4200100000E-01    1.7732341043E-01    2.5463362483E-01
    1.4300100000E-01    1.7674589259E-01    2.5491979639E-01
    1.4400100000E-01    1.7617199807E-01    2.5520531158E-01
    1.4500100000E-01    1.7560167923E-01    2.5549018046E-01
    1.4600100000E-01    1.7503488935E-01    2.5577441293E-01
    1.4700100000E-01    1.7447158265E-01    2.5605801870E-01
    1.4800100000E-01    1.7391171425E-01    2.5634100729E-01
    1.4900100000E-01    1.7335524013E-01    2.5662338808E-01
    1.5000100000E-01    1.7280211715E-01    2.5690517026E-01
    1.5100100000E-01    1.7225230299E-01    2.5718636289E-01
    1.5200100000E-01    1.7170575613E-01    2.5746697484E-01
    1.5300100000E-01    1.7116243585E-01    2.5774701486E-01
    1.5400100000E-01    1.7062230220E-01    2.5802649153E-01
    1.5500100000E-01    1.7008531599E-01    2.5830541329E-01
    1.5600100000E-01    1.6955143874E-01    2.5858378844E-01
    1.5700100000E-01    1.6902063269E-01    2.5886162515E-01
    1.5800100000E-01    1.6849286078E-01    2.5913893144E-01
    1.5900100000E-01    1.6796808664E-01    2.5941571522E-01
    1.6000100000E-01    1.6744627453E-01    2.5969198424E-01
    1.6100100000E-01    1.6692738938E-01    2.5996774616E-01
    1.6200100000E-01    1.6641139675E-01    2.6024300849E-01
    1.6300100000E-01    1.6589826281E-01    2.6051777863E-01
    1.6400100000E-01    1.6538795432E-01    2.6079206387E-01
    1.6500100000E-01    1.6488043865E-01    2.6106587138E-01
    1.6600100000E-01    1.6437568371E-01    2.6133920822E-01
    1.6700100000E-01    1.6387365800E-01    2.6161208134E-01
    1.6800100000E-01    1.6337433055E-01    2.6188449759E-01
    1.6900100000E-01    1.6287767092E-01    2.6215646369E-01
    1.7000100000E-01    1.6238364920E-01    2.6242798629E-01
    1.7100100000E-01    1.6189223598E-01    2.6269907193E-01
    1.7200100000E-01    1.6140340236E-01    2.6296972704E-01
    1.7300100000E-01    1.6091711992E-01    2.6323995798E-01
    1.7400100000E-01    1.6043336071E-01    2.6350977100E-01
    1.7500100000E-01    1.5995209724E-01    2.6377917225E-01
    1.7600100000E-01    1.5947330250E-01    2.6404816780E-01
    1.7700100000E-01    1.5899694989E-01    2.6431676365E-01
    1.7800100000E-01    1.5852301327E-01    2.6458496569E-01
    1.7900100000E-01    1.5805146692E-01    2.6485277973E-01
    1.8000100000E-01    1.5758228553E-01    2.6512021152E-01
    1.8100100000E-01    1.5711544419E-01    2.6538726670E-01
    1.8200100000E-01    1.5665091841E-01    2.6565395085E-01
    1.8300100000E-01    1.5618868407E-01    2.6592026946E-01
    1.8400100000E-01    1.5572871743E-01    2.6618622797E-01
    1.8500100000E-01    1.5527099514E-01    2.6645183171E-01
    1.8600100000E-01    1.5481549420E-01    2.6671708597E-01
    1.8700100000E-01    1.5436219198E-01    2.6698199595E-01
    1.8800100000E-01    1.5391106619E-01    2.6724656680E-01
    1.8900100000E-01    1.5346209488E-01    2.6751080357E-01
    1.9000100000E-01    1.5301525646E-01    2.6777471127E-01
    1.9100100000E-01    1.5257052964E-01    2.6803829484E-01
    1.9200100000E-01    1.5212789346E-01    2.6830155916E-01
    1.9300100000E-01    1.5168732729E-01    2.6856450903E-01
    1.9400100000E-01    1.5124881078E-01    2.6882714920E-01
    1.9500100000E-01    1.5081232393E-01    2.6908948436E-01
    1.9600100000E-01    1.5037784699E-01    2.6935151915E-01
    1.9700100000E-01    1.4994536053E-01    2.6961325813E-01
    1.9800100000E-01    1.4951484539E-01    2.6987470582E-01
    1.9900100000E-01    1.4908628270E-01    2.7013586669E-01
    2.0000100000E-01    1.4865965385E-01    2.7039674513E-01
    2.0100100000E-01    1.4823494053E-01    2.7065734549E-01
    2.0200100000E-01    1.4781212465E-01    2.7091767209E-01
    2.0300100000E-01    1.4739118843E-01    2.7117772916E-01
    2.0400100000E-01    1.4697211429E-01    2.7143752090E-01
    2.0500100000E-01    1.4655488494E-01    2.7169705146E-01
    2.0600100000E-01    1.4613948331E-01    2.7195632494E-01
    2.0700100000E-01    1.4572589259E-01    2.7221534539E-01
    2.0800100000E-01    1.4531409619E-01    2.7247411681E-01
    2.0900100000E-01    1.4490407775E-01    2.7273264317E-01
    2.1000100000E-01    1.4449582114E-01    2.7299092837E-01
    2.1100100000E-01    1.4408931046E-01    2.7324897628E-01
    2.1200100000E-01    1.4368453003E-01    2.7350679073E-01
    2.1300100000E-01    1.4328146436E-01    2.7376437550E-01
    2.1400100000E-01    1.4288009819E-01    2.7402173433E-01
    2.1500100000E-01    1.4248041646E-01    2.7427887092E-01
    2.1600100000E-01    1.4208240433E-01    2.7453578892E-01
    2.1700100000E-01    1.4168604713E-01    2.7479249196E-01
    2.1800100000E-01    1.4129133041E-01    2.7504898361E-01
    2.1900100000E-01    1.4089823989E-01    2.7530526742E-01
    2.2000100000E-01    1.4050676150E-01    2.7556134689E-01
    2.2100100000E-01    1.4011688134E-01    2.7581722549E-01
    2.2200100000E-01    1.3972858570E-01    2.7607290664E-01
    2.2300100000E-01    1.3934186105E-01    2.7632839374E-01
    2.2400100000E-01    1.3895669402E-01    2.7658369015E-01
    2.2500100000E-01    1.3857307144E-01    2.7683879919E-01
    2.2600100000E-01    1.3819098028E-01    2.7709372415E-01
    2.2700100000E-01    1.3781040769E-01    2.7734846830E-01
    2.2800100000E-01    1.3743134100E-01    2.7760303485E-01
    2.2900100000E-01    1.3705376768E-01    2.7785742700E-01
    2.3000100000E-01    1.3667767535E-01    2.7811164790E-01
    2.3100100000E-01    1.3630305182E-01    2.7836570069E-01
    2.3200100000E-01    1.3592988502E-01    2.7861958847E-01
    2.3300100000E-01    1.3555816305E-01    2.7887331430E-01
    2.3400100000E-01    1.3518787414E-01    2.7912688123E-01
    2.3500100000E-01    1.3481900668E-01    2.7938029226E-01
    2.3600100000E-01    1.3445154921E-01    2.7963355037E-01
    2.3700100000E-01    1.3408549039E-01    2.7988665853E-01
    2.3800100000E-01    1.3372081903E-01    2.8013961964E-01
    2.3900100000E-01    1.3335752408E-01    2.8039243662E-01
    2.4000100000E-01    1.3299559461E-01    2.8064511234E-01
    2.4100100000E-01    1.3263501983E-01    2.8089764963E-01
    2.4200100000E-01    1.3227578909E-01    2.8115005132E-01
    2.4300100000E-01    1.3191789185E-01    2.8140232021E-01
    2.4400100000E-01    1.3156131770E-01    2.8165445906E-01
    2.4500100000E-01    1.3120605636E-01    2.8190647062E-01
    2.4600100000E-01    1.3085209767E-01    2.8215835760E-01
    2.4700100000E-01    1.3049943158E-01    2.8241012271E-01
    2.4800100000E-01    1.3014804818E-01    2.8266176862E-01
    2.4900100000E-01    1.2979793764E-01    2.8291329797E-01
    2.5000100000E-01    1.2944909028E-01    2.8316471340E-01
    2.5100100000E-01    1.2910149651E-01    2.8341601750E-01
    2.5200100000E-01    1.2875514687E-01    2.8366721287E-01
    2.5300100000E-01    1.2841003198E-01    2.8391830206E-01
    2.5400100000E-01    1.2806614259E-01    2.8416928762E-01
    2.5500100000E-01    1.2772346954E-01    2.8442017206E-01
    2.5600100000E-01    1.2738200380E-01    2.8467095787E-01
    2.5700100000E-01    1.2704173642E-01    2.8492164755E-01
    2.5800100000E-01    1.2670265855E-01    2.8517224355E-01
    2.5900100000E-01    1.2636476145E-01    2.8542274830E-01
    2.6000100000E-01    1.2602803648E-01    2.8567316423E-01
    2.6100100000E-01    1.2569247507E-01    2.8592349374E-01
    2.6200100000E-01    1.2535806878E-01    2.8617373920E-01
    2.6300100000E-01    1.2502480924E-01    2.8642390299E-01
    2.6400100000E-01    1.2469268818E-01    2.8667398744E-01
    2.6500100000E-01    1.2436169743E-01    2.8692399488E-01
    2.6600100000E-01    1.2403182889E-01    2.8717392763E-01
    2.6700100000E-01    1.2370307456E-01    2.8742378797E-01
    2.6800100000E-01    1.2337542652E-01    2.8767357818E-01
    2.6900100000E-01    1.2304887695E-01    2.8792330052E-01
    2.7000100000E-01    1.2272341810E-01    2.8817295724E-01
    2.7100100000E-01    1.2239904230E-01    2.8842255054E-01
    2.7200100000E-01    1.2207574198E-01    2.8867208266E-01
    2.7300100000E-01    1.2175350964E-01    2.8892155577E-01
    2.7400100000E-01    1.2143233785E-01    2.8917097206E-01
    2.7500100000E-01    1.2111221927E-01    2.8942033370E-01
    2.7600100000E-01    1.2079314664E-01    2.8966964282E-01
    2.7700100000E-01    1.2047511277E-01    2.8991890156E-01
    2.7800100000E-01    1.2015811054E-01    2.9016811205E-01
    2.7900100000E-01    1.1984213293E-01    2.9041727638E-01
    2.8000100000E-01    1.1952717295E-01    2.9066639665E-01
    2.8100100000E-01    1.1921322371E-01    2.9091547493E-01
    2.8200100000E-01    1.1890027840E-01    2.9116451328E-01
    2.8300100000E-01    1.1858833026E-01    2.9141351375E-01
    2.8400100000E-01    1.1827737260E-01    2.9166247839E-01
    2.8500100000E-01    1.1796739882E-01    2.9191140920E-01
    2.8600100000E-01    1.1765840235E-01    2.9216030820E-01
    2.8700100000E-01    1.1735037672E-01    2.9240917740E-01
    2.8800100000E-01    1.1704331551E-01    2.9265801876E-01
    2.8900100000E-01    1.1673721237E-01    2.9290683427E-01
    2.9000100000E-01    1.1643206100E-01    2.9315562588E-01
    2.9100100000E-01    1.1612785520E-01    2.9340439554E-01
    2.9200100000E-01    1.1582458877E-01    2.9365314519E-01
    2.9300100000E-01    1.1552225564E-01    2.9390187676E-01
    2.9400100000E-01    1.1522084975E-01    2.9415059214E-01
    2.9500100000E-01    1.1492036511E-01    2.9439929326E-01
    2.9600100000E-01    1.1462079582E-01    2.9464798199E-01
    2.9700100000E-01    1.1432213599E-01    2.9489666023E-01
    2.9800100000E-01    1.1402437982E-01    2.9514532983E-01
    2.9900100000E-01    1.1372752156E-01    2.9539399265E-01
    3.0000100000E-01    1.1343155550E-01    2.9564265056E-01
    3.0100100000E-01    1.1313647602E-01    2.9589130537E-01
    3.0200100000E-01    1.1284227751E-01    2.9613995892E-01
    3.0300100000E-01    1.1254895445E-01    2.9638861303E-01
    3.0400100000E-01    1.1225650135E-01    2.9663726951E-01
    3.0500100000E-01    1.1196491278E-01    2.9688593015E-01
    3.0600100000E-01    1.1167418337E-01    2.9713459675E-01
    3.0700100000E-01    1.1138430780E-01    2.9738327108E-01
    3.0800100000E-01    1.1109528077E-01    2.9763195491E-01
    3.0900100000E-01    1.1080709707E-01    2.9788065001E-01
    3.1000100000E-01    1.1051975152E-01    2.9812935813E-01
    3.1100100000E-01    1.1023323899E-01    2.9837808100E-01
    3.1200100000E-01    1.0994755439E-01    2.9862682037E-01
    3.1300100000E-01    1.0966269270E-01    2.9887557797E-01
    3.1400100000E-01    1.0937864892E-01    2.9912435550E-01
    3.1500100000E-01    1.0909541811E-01    2.9937315469E-01
    3.1600100000E-01    1.0881299538E-01    2.9962197723E-01
    3.1700100000E-01    1.0853137587E-01    2.9987082481E-01
    3.1800100000E-01    1.0825055477E-01    3.0011969912E-01
    3.1900100000E-01    1.0797052733E-01    3.0036860184E-01
    3.2000100000E-01    1.0769128883E-01    3.0061753465E-01
    3.2100100000E-01    1.0741283457E-01    3.0086649919E-01
    3.2200100000E-01    1.0713515994E-01    3.0111549713E-01
    3.2300100000E-01    1.0685826033E-01    3.0136453012E-01
    3.2400100000E-01    1.0658213119E-01    3.0161359979E-01
    3.2500100000E-01    1.0630676801E-01    3.0186270779E-01
    3.2600100000E-01    1.0603216632E-01    3.0211185573E-01
    3.2700100000E-01    1.0575832169E-01    3.0236104524E-01
    3.2800100000E-01    1.0548522972E-01    3.0261027793E-01
    3.2900100000E-01    1.0521288607E-01    3.0285955541E-01
    3.3000100000E-01    1.0494128640E-01    3.0310887927E-01
    3.3100100000E-01    1.0467042646E-01    3.0335825112E-01
    3.3200100000E-01    1.0440030199E-01    3.0360767254E-01
    3.3300100000E-01    1.0413090879E-01    3.0385714510E-01
    3.3400100000E-01    1.0386224270E-01    3.0410667040E-01
    3.3500100000E-01    1.0359429958E-01    3.0435624998E-01
    3.3600100000E-01    1.0332707534E-01    3.0460588543E-01
    3.3700100000E-01    1.0306056593E-01    3.0485557829E-01
    3.3800100000E-01    1.0279476731E-01    3.0510533012E-01
    3.3900100000E-01    1.0252967550E-01    3.0535514246E-01
    3.4000100000E-01    1.0226528653E-01    3.0560501685E-01
    3.4100100000E-01    1.0200159650E-01    3.0585495484E-01
    3.4200100000E-01    1.0173860150E-01    3.0610495794E-01
    3.4300100000E-01    1.0147629768E-01    3.0635502769E-01
    3.4400100000E-01    1.0121468122E-01    3.0660516560E-01
    3.4500100000E-01    1.0095374833E-01    3.0685537318E-01
    3.4600100000E-01    1.0069349525E-01    3.0710565196E-01
    3.4700100000E-01    1.0043391824E-01    3.0735600342E-01
    3.4800100000E-01    1.0017501361E-01    3.0760642908E-01
    3.4900100000E-01    9.9916777703E-02    3.0785693042E-01
    3.5000100000E-01    9.9659206872E-02    3.0810750894E-01
    3.5100100000E-01    9.9402297515E-02    3.0835816612E-01
    3.5200100000E-01    9.9146046056E-02    3.0860890344E-01
    3.5300100000E-01    9.8890448947E-02    3.0885972238E-01
    3.5400100000E-01    9.8635502672E-02    3.0911062441E-01
    3.5500100000E-01    9.8381203741E-02    3.0936161101E-01
    3.5600100000E-01    9.8127548695E-02    3.0961268363E-01
    3.5700100000E-01    9.7874534101E-02    3.0986384373E-01
    3.5800100000E-01    9.7622156555E-02    3.1011509277E-01
    3.5900100000E-01    9.7370412680E-02    3.1036643221E-01
    3.6000100000E-01    9.7119299127E-02    3.1061786349E-01
    3.6100100000E-01    9.6868812574E-02    3.1086938805E-01
    3.6200100000E-01    9.6618949723E-02    3.1112100734E-01
    3.6300100000E-01    9.6369707307E-02    3.1137272279E-01
    3.6400100000E-01    9.6121082081E-02    3.1162453584E-01
    3.6500100000E-01    9.5873070827E-02    3.1187644791E-01
    3.6600100000E-01    9.5625670355E-02    3.1212846044E-01
    3.6700100000E-01    9.5378877496E-02    3.1238057485E-01
    3.6800100000E-01    9.5132689109E-02    3.1263279255E-01
    3.6900100000E-01    9.4887102078E-02    3.1288511496E-01
    3.7000100000E-01    9.4642113308E-02    3.1313754350E-01
    3.7100100000E-01    9.4397719733E-02    3.1339007958E-01
    3.7200100000E-01    9.4153918307E-02    3.1364272460E-01
    3.7300100000E-01    9.3910706009E-02    3.1389547997E-01
    3.7400100000E-01    9.3668079843E-02    3.1414834709E-01
    3.7500100000E-01    9.3426036835E-02    3.1440132736E-01
    3.7600100000E-01    9.3184574032E-02    3.1465442218E-01
    3.7700100000E-01    9.2943688507E-02    3.1490763293E-01
    3.7800100000E-01    9.2703377354E-02    3.1516096102E-01
    3.7900100000E-01    9.2463637689E-02    3.1541440782E-01
    3.8000100000E-01    9.2224466651E-02    3.1566797472E-01
    3.8100100000E-01    9.1985861400E-02    3.1592166311E-01
    3.8200100000E-01    9.1747819117E-02    3.1617547437E-01
    3.8300100000E-01    9.1510337007E-02    3.1642940987E-01
    3.8400100000E-01    9.1273412293E-02    3.1668347099E-01
    3.8500100000E-01    9.1037042220E-02    3.1693765911E-01
    3.8600100000E-01    9.0801224055E-02    3.1719197560E-01
    3.8700100000E-01    9.0565955083E-02    3.1744642182E-01
    3.8800100000E-01    9.0331232613E-02    3.1770099915E-01
    3.8900100000E-01    9.0097053971E-02    3.1795570894E-01
    3.9000100000E-01    8.9863416503E-02    3.1821055257E-01
    3.9100100000E-01    8.9630317577E-02    3.1846553140E-01
    3.9200100000E-01    8.9397754577E-02    3.1872064678E-01
    3.9300100000E-01    8.9165724911E-02    3.1897590007E-01
    3.9400100000E-01    8.8934226001E-02    3.1923129264E-01
    3.9500100000E-01    8.8703255293E-02    3.1948682583E-01
    3.9600100000E-01    8.8472810247E-02    3.1974250100E-01
    3.9700100000E-01    8.8242888344E-02    3.1999831949E-01
    3.9800100000E-01    8.8013487084E-02    3.2025428267E-01
    3.9900100000E-01    8.7784603984E-02    3.2051039188E-01
    4.0000100000E-01    8.7556236580E-02    3.2076664847E-01
    4.0100100000E-01    8.7328382424E-02    3.2102305377E-01
    4.0200100000E-01    8.7101039087E-02    3.2127960915E-01
    4.0300100000E-01    8.6874204158E-02    3.2153631593E-01
    4.0400100000E-01    8.6647875243E-02    3.2179317547E-01
    4.0500100000E-01    8.6422049964E-02    3.2205018911E-01
    4.0600100000E-01    8.6196725961E-02    3.2230735818E-01
    4.0700100000E-01    8.5971900892E-02    3.2256468402E-01
    4.0800100000E-01    8.5747572428E-02    3.2282216797E-01
    4.0900100000E-01    8.5523738261E-02    3.2307981138E-01
    4.1000100000E-01    8.5300396097E-02    3.2333761557E-01
    4.1100100000E-01    8.5077543658E-02    3.2359558188E-01
    4.1200100000E-01    8.4855178682E-02    3.2385371165E-01
    4.1300100000E-01    8.4633298925E-02    3.2411200620E-01
    4.1400100000E-01    8.4411902155E-02    3.2437046688E-01
    4.1500100000E-01    8.4190986160E-02    3.2462909502E-01
    4.1600100000E-01    8.3970548740E-02    3.2488789194E-01
    4.1700100000E-01    8.3750587712E-02    3.2514685898E-01
    4.1800100000E-01    8.3531100908E-02    3.2540599747E-01
    4.1900100000E-01    8.3312086174E-02    3.2566530874E-01
    4.2000100000E-01    8.3093541372E-02    3.2592479412E-01
    4.2100100000E-01    8.2875464379E-02    3.2618445494E-01
    4.2200100000E-01    8.2657853084E-02    3.2644429253E-01
    4.2300100000E-01    8.2440705395E-02    3.2670430822E-01
    4.2400100000E-01    8.2224019231E-02    3.2696450334E-01
    4.2500100000E-01    8.2007792525E-02    3.2722487921E-01
    4.2600100000E-01    8.1792023226E-02    3.2748543716E-01
    4.2700100000E-01    8.1576709296E-02    3.2774617853E-01
    4.2800100000E-01    8.1361848711E-02    3.2800710464E-01
    4.2900100000E-01    8.1147439461E-02    3.2826821681E-01
    4.3000100000E-01    8.0933479548E-02    3.2852951639E-01
    4.3100100000E-01    8.0719966990E-02    3.2879100469E-01
    4.3200100000E-01    8.0506899815E-02    3.2905268304E-01
    4.3300100000E-01    8.0294276068E-02    3.2931455277E-01
    4.3400100000E-01    8.0082093805E-02    3.2957661522E-01
    4.3500100000E-01    7.9870351095E-02    3.2983887171E-01
    4.3600100000E-01    7.9659046020E-02    3.3010132357E-01
    4.3700100000E-01    7.9448176675E-02    3.3036397212E-01
    4.3800100000E-01    7.9237741167E-02    3.3062681871E-01
    4.3900100000E-01    7.9027737616E-02    3.3088986465E-01
    4.4000100000E-01    7.8818164155E-02    3.3115311129E-01
    4.4100100000E-01    7.8609018929E-02    3.3141655994E-01
    4.4200100000E-01    7.8400300094E-02    3.3168021195E-01
    4.4300100000E-01    7.8192005819E-02    3.3194406865E-01
    4.4400100000E-01    7.7984134285E-02    3.3220813137E-01
    4.4500100000E-01    7.7776683686E-02    3.3247240144E-01
    4.4600100000E-01    7.7569652224E-02    3.3273688019E-01
    4.4700100000E-01    7.7363038118E-02    3.3300156897E-01
    4.4800100000E-01    7.7156839595E-02    3.3326646910E-01
    4.4900100000E-01    7.6951054893E-02    3.3353158193E-01
    4.5000100000E-01    7.6745682264E-02    3.3379690879E-01
    4.5100100000E-01    7.6540719969E-02    3.3406245103E-01
    4.5200100000E-01    7.6336166281E-02    3.3432820997E-01
    4.5300100000E-01    7.6132019485E-02    3.3459418696E-01
    4.5400100000E-01    7.5928277876E-02    3.3486038334E-01
    4.5500100000E-01    7.5724939759E-02    3.3512680046E-01
    4.5600100000E-01    7.5522003452E-02    3.3539343965E-01
    4.5700100000E-01    7.5319467281E-02    3.3566030227E-01
    4.5800100000E-01    7.5117329585E-02    3.3592738965E-01
    4.5900100000E-01    7.4915588713E-02    3.3619470315E-01
    4.6000100000E-01    7.4714243023E-02    3.3646224411E-01
    4.6100100000E-01    7.4513290885E-02    3.3673001388E-01
    4.6200100000E-01    7.4312730677E-02    3.3699801382E-01
    4.6300100000E-01    7.4112560791E-02    3.3726624527E-01
    4.6400100000E-01    7.3912779626E-02    3.3753470958E-01
    4.6500100000E-01    7.3713385591E-02    3.3780340812E-01
    4.6600100000E-01    7.3514377107E-02    3.3807234224E-01
    4.6700100000E-01    7.3315752602E-02    3.3834151330E-01
    4.6800100000E-01    7.3117510517E-02    3.3861092266E-01
    4.6900100000E-01    7.2919649299E-02    3.3888057167E-01
    4.7000100000E-01    7.2722167408E-02    3.3915046170E-01
    4.7100100000E-01    7.2525063312E-02    3.3942059412E-01
    4.7200100000E-01    7.2328335488E-02    3.3969097029E-01
    4.7300100000E-01    7.2131982422E-02    3.3996159158E-01
    4.7400100000E-01    7.1936002612E-02    3.4023245936E-01
    4.7500100000E-01    7.1740394561E-02    3.4050357500E-01
    4.7600100000E-01    7.1545156785E-02    3.4077493987E-01
    4.7700100000E-01    7.1350287807E-02    3.4104655534E-01
    4.7800100000E-01    7.1155786160E-02    3.4131842281E-01
    4.7900100000E-01    7.0961650384E-02    3.4159054363E-01
    4.8000100000E-01    7.0767879029E-02    3.4186291921E-01
    4.8100100000E-01    7.0574470655E-02    3.4213555091E-01
    4.8200100000E-01    7.0381423829E-02    3.4240844012E-01
    4.8300100000E-01    7.0188737127E-02    3.4268158824E-01
    4.8400100000E-01    6.9996409134E-02    3.4295499664E-01
    4.8500100000E-01    6.9804438444E-02    3.4322866673E-01
    4.8600100000E-01    6.9612823656E-02    3.4350259989E-01
    4.8700100000E-01    6.9421563382E-02    3.4377679753E-01
    4.8800100000E-01    6.9230656240E-02    3.4405126103E-01
    4.8900100000E-01    6.9040100856E-02    3.4432599180E-01
    4.9000100000E-01    6.8849895865E-02    3.4460099125E-01
    4.9100100000E-01    6.8660039908E-02    3.4487626078E-01
    4.9200100000E-01    6.8470531637E-02    3.4515180179E-01
    4.9300100000E-01    6.8281369711E-02    3.4542761570E-01
    4.9400100000E-01    6.8092552795E-02    3.4570370393E-01
    4.9500100000E-01    6.7904079564E-02    3.4598006787E-01
    4.9600100000E-01    6.7715948700E-02    3.4625670897E-01
    4.9700100000E-01    6.7528158892E-02    3.4653362862E-01
    4.9800100000E-01    6.7340708838E-02    3.4681082827E-01
    4.9900100000E-01    6.7153597244E-02    3.4708830933E-01
    5.0000100000E-01    6.6966822820E-02    3.4736607323E-01
    5.0100100000E-01    6.6780384288E-02    3.4764412141E-01
    5.0200100000E-01    6.6594280375E-02    3.4792245530E-01
    5.0300100000E-01    6.6408509814E-02    3.4820107634E-01
    5.0400100000E-01    6.6223071349E-02    3.4847998596E-01
    5.0500100000E-01    6.6037963728E-02    3.4875918561E-01
    5.0600100000E-01    6.5853185708E-02    3.4903867674E-01
    5.0700100000E-01    6.5668736051E-02    3.4931846080E-01
    5.0800100000E-01    6.5484613530E-02    3.4959853923E-01
    5.0900100000E-01    6.5300816920E-02    3.4987891350E-01
    5.1000100000E-01    6.5117345008E-02    3.5015958506E-01
    5.1100100000E-01    6.4934196583E-02    3.5044055538E-01
    5.1200100000E-01    6.4751370445E-02    3.5072182591E-01
    5.1300100000E-01    6.4568865398E-02    3.5100339813E-01
    5.1400100000E-01    6.4386680254E-02    3.5128527351E-01
    5.1500100000E-01    6.4204813833E-02    3.5156745353E-01
    5.1600100000E-01    6.4023264958E-02    3.5184993965E-01
    5.1700100000E-01    6.3842032462E-02    3.5213273337E-01
    5.1800100000E-01    6.3661115183E-02    3.5241583616E-01
    5.1900100000E-01    6.3480511965E-02    3.5269924952E-01
    5.2000100000E-01    6.3300221661E-02    3.5298297494E-01
    5.2100100000E-01    6.3120243128E-02    3.5326701391E-01
    5.2200100000E-01    6.2940575229E-02    3.5355136793E-01
    5.2300100000E-01    6.2761216835E-02    3.5383603851E-01
    5.2400100000E-01    6.2582166823E-02    3.5412102715E-01
    5.2500100000E-01    6.2403424075E-02    3.5440633536E-01
    5.2600100000E-01    6.2224987481E-02    3.5469196466E-01
    5.2700100000E-01    6.2046855934E-02    3.5497791656E-01
    5.2800100000E-01    6.1869028338E-02    3.5526419259E-01
    5.2900100000E-01    6.1691503598E-02    3.5555079426E-01
    5.3000100000E-01    6.1514280628E-02    3.5583772311E-01
    5.3100100000E-01    6.1337358347E-02    3.5612498068E-01
    5.3200100000E-01    6.1160735680E-02    3.5641256849E-01
    5.3300100000E-01    6.0984411558E-02    3.5670048809E-01
    5.3400100000E-01    6.0808384918E-02    3.5698874103E-01
    5.3500100000E-01    6.0632654701E-02    3.5727732886E-01
    5.3600100000E-01    6.0457219856E-02    3.5756625312E-01
    5.3700100000E-01    6.0282079338E-02    3.5785551538E-01
    5.3800100000E-01    6.0107232105E-02    3.5814511719E-01
    5.3900100000E-01    5.9932677122E-02    3.5843506013E-01
    5.4000100000E-01    5.9758413361E-02    3.5872534577E-01
    5.4100100000E-01    5.9584439797E-02    3.5901597567E-01
    5.4200100000E-01    5.9410755412E-02    3.5930695142E-01
    5.4300100000E-01    5.9237359193E-02    3.5959827460E-01
    5.4400100000E-01    5.9064250133E-02    3.5988994680E-01
    5.4500100000E-01    5.8891427230E-02    3.6018196962E-01
    5.4600100000E-01    5.8718889486E-02    3.6047434464E-01
    5.4700100000E-01    5.8546635911E-02    3.6076707348E-01
    5.4800100000E-01    5.8374665518E-02    3.6106015773E-01
    5.4900100000E-01    5.8202977325E-02    3.6135359901E-01
    5.5000100000E-01    5.8031570359E-02    3.6164739894E-01
    5.5100100000E-01    5.7860443646E-02    3.6194155913E-01
    5.5200100000E-01    5.7689596222E-02    3.6223608121E-01
    5.5300100000E-01    5.7519027127E-02    3.6253096681E-01
    5.5400100000E-01    5.7348735405E-02    3.6282621757E-01
    5.5500100000E-01    5.7178720105E-02    3.6312183512E-01
    5.5600100000E-01    5.7008980281E-02    3.6341782112E-01
    5.5700100000E-01    5.6839514994E-02    3.6371417720E-01
    5.5800100000E-01    5.6670323307E-02    3.6401090503E-01
    5.5900100000E-01    5.6501404290E-02    3.6430800626E-01
    5.6000100000E-01    5.6332757017E-02    3.6460548257E-01
    5.6100100000E-01    5.6164380565E-02    3.6490333562E-01
    5.6200100000E-01    5.5996274020E-02    3.6520156709E-01
    5.6300100000E-01    5.5828436469E-02    3.6550017865E-01
    5.6400100000E-01    5.5660867004E-02    3.6579917200E-01
    5.6500100000E-01    5.5493564724E-02    3.6609854883E-01
    5.6600100000E-01    5.5326528731E-02    3.6639831083E-01
    5.6700100000E-01    5.5159758132E-02    3.6669845970E-01
    5.6800100000E-01    5.4993252037E-02    3.6699899716E-01
    5.6900100000E-01    5.4827009564E-02    3.6729992492E-01
    5.7000100000E-01    5.4661029832E-02    3.6760124470E-01
    5.7100100000E-01    5.4495311966E-02    3.6790295822E-01
    5.7200100000E-01    5.4329855095E-02    3.6820506722E-01
    5.7300100000E-01    5.4164658354E-02    3.6850757342E-01
    5.7400100000E-01    5.3999720880E-02    3.6881047858E-01
    5.7500100000E-01    5.3835041816E-02    3.6911378443E-01
    5.7600100000E-01    5.3670620309E-02    3.6941749274E-01
    5.7700100000E-01    5.3506455509E-02    3.6972160527E-01
    5.7800100000E-01    5.3342546573E-02    3.7002612377E-01
    5.7900100000E-01    5.3178892659E-02    3.7033105002E-01
    5.8000100000E-01    5.3015492932E-02    3.7063638581E-01
    5.8100100000E-01    5.2852346559E-02    3.7094213291E-01
    5.8200100000E-01    5.2689452712E-02    3.7124829311E-01
    5.8300100000E-01    5.2526810569E-02    3.7155486821E-01
    5.8400100000E-01    5.2364419308E-02    3.7186186001E-01
    5.8500100000E-01    5.2202278115E-02    3.7216927033E-01
    5.8600100000E-01    5.2040386178E-02    3.7247710097E-01
    5.8700100000E-01    5.1878742690E-02    3.7278535376E-01
    5.8800100000E-01    5.1717346846E-02    3.7309403053E-01
    5.8900100000E-01    5.1556197848E-02    3.7340313311E-01
    5.9000100000E-01    5.1395294899E-02    3.7371266335E-01
    5.9100100000E-01    5.1234637207E-02    3.7402262308E-01
    5.9200100000E-01    5.1074223986E-02    3.7433301417E-01
    5.9300100000E-01    5.0914054451E-02    3.7464383848E-01
    5.9400100000E-01    5.0754127822E-02    3.7495509787E-01
    5.9500100000E-01    5.0594443321E-02    3.7526679423E-01
    5.9600100000E-01    5.0435000178E-02    3.7557892942E-01
    5.9700100000E-01    5.0275797623E-02    3.7589150535E-01
    5.9800100000E-01    5.0116834890E-02    3.7620452390E-01
    5.9900100000E-01    4.9958111219E-02    3.7651798699E-01
    6.0000100000E-01    4.9799625851E-02    3.7683189651E-01
    6.0100100000E-01    4.9641378033E-02    3.7714625439E-01
    6.0200100000E-01    4.9483367014E-02    3.7746106255E-01
    6.0300100000E-01    4.9325592048E-02    3.7777632292E-01
    6.0400100000E-01    4.9168052390E-02    3.7809203744E-01
    6.0500100000E-01    4.9010747303E-02    3.7840820805E-01
    6.0600100000E-01    4.8853676048E-02    3.7872483672E-01
    6.0700100000E-01    4.8696837894E-02    3.7904192540E-01
    6.0800100000E-01    4.8540232112E-02    3.7935947606E-01
    6.0900100000E-01    4.8383857976E-02    3.7967749068E-01
    6.1000100000E-01    4.8227714764E-02    3.7999597123E-01
    6.1100100000E-01    4.8071801757E-02    3.8031491972E-01
    6.1200100000E-01    4.7916118240E-02    3.8063433814E-01
    6.1300100000E-01    4.7760663501E-02    3.8095422849E-01
    6.1400100000E-01    4.7605436831E-02    3.8127459280E-01
    6.1500100000E-01    4.7450437525E-02    3.8159543308E-01
    6.1600100000E-01    4.7295664881E-02    3.8191675137E-01
    6.1700100000E-01    4.7141118201E-02    3.8223854971E-01
    6.1800100000E-01    4.6986796789E-02    3.8256083013E-01
    6.1900100000E-01    4.6832699953E-02    3.8288359470E-01
    6.2000100000E-01    4.6678827004E-02    3.8320684549E-01
    6.2100100000E-01    4.6525177257E-02    3.8353058456E-01
    6.2200100000E-01    4.6371750029E-02    3.8385481398E-01
    6.2300100000E-01    4.6218544642E-02    3.8417953586E-01
    6.2400100000E-01    4.6065560418E-02    3.8450475229E-01
    6.2500100000E-01    4.5912796686E-02    3.8483046537E-01
    6.2600100000E-01    4.5760252774E-02    3.8515667722E-01
    6.2700100000E-01    4.5607928018E-02    3.8548338996E-01
    6.2800100000E-01    4.5455821752E-02    3.8581060572E-01
    6.2900100000E-01    4.5303933316E-02    3.8613832664E-01
    6.3000100000E-01    4.5152262054E-02    3.8646655487E-01
    6.3100100000E-01    4.5000807309E-02    3.8679529257E-01
    6.3200100000E-01    4.4849568432E-02    3.8712454191E-01
    6.3300100000E-01    4.4698544773E-02    3.8745430506E-01
    6.3400100000E-01    4.4547735686E-02    3.8778458420E-01
    6.3500100000E-01    4.4397140530E-02    3.8811538154E-01
    6.3600100000E-01    4.4246758664E-02    3.8844669927E-01
    6.3700100000E-01    4.4096589452E-02    3.8877853961E-01
    6.3800100000E-01    4.3946632261E-02    3.8911090478E-01
    6.3900100000E-01    4.3796886458E-02    3.8944379702E-01
    6.4000100000E-01    4.3647351416E-02    3.8977721855E-01
    6.4100100000E-01    4.3498026510E-02    3.9011117164E-01
    6.4200100000E-01    4.3348911117E-02    3.9044565855E-01
    6.4300100000E-01    4.3200004617E-02    3.9078068154E-01
    6.4400100000E-01    4.3051306395E-02    3.9111624289E-01
    6.4500100000E-01    4.2902815835E-02    3.9145234490E-01
    6.4600100000E-01    4.2754532326E-02    3.9178898987E-01
    6.4700100000E-01    4.2606455261E-02    3.9212618010E-01
    6.4800100000E-01    4.2458584033E-02    3.9246391792E-01
    6.4900100000E-01    4.2310918038E-02    3.9280220565E-01
    6.5000100000E-01    4.2163456677E-02    3.9314104563E-01
    6.5100100000E-01    4.2016199352E-02    3.9348044023E-01
    6.5200100000E-01    4.1869145467E-02    3.9382039179E-01
    6.5300100000E-01    4.1722294431E-02    3.9416090268E-01
    6.5400100000E-01    4.1575645653E-02    3.9450197530E-01
    6.5500100000E-01    4.1429198547E-02    3.9484361204E-01
    6.5600100000E-01    4.1282952527E-02    3.9518581529E-01
    6.5700100000E-01    4.1136907012E-02    3.9552858747E-01
    6.5800100000E-01    4.0991061422E-02    3.9587193101E-01
    6.5900100000E-01    4.0845415180E-02    3.9621584834E-01
    6.6000100000E-01    4.0699967712E-02    3.9656034191E-01
    6.6100100000E-01    4.0554718446E-02    3.9690541417E-01
    6.6200100000E-01    4.0409666813E-02    3.9725106761E-01
    6.6300100000E-01    4.0264812246E-02    3.9759730469E-01
    6.6400100000E-01    4.0120154181E-02    3.9794412790E-01
    6.6500100000E-01    3.9975692055E-02    3.9829153976E-01
    6.6600100000E-01    3.9831425309E-02    3.9863954278E-01
    6.6700100000E-01    3.9687353387E-02    3.9898813948E-01
    6.6800100000E-01    3.9543475733E-02    3.9933733240E-01
    6.6900100000E-01    3.9399791796E-02    3.9968712409E-01
    6.7000100000E-01    3.9256301025E-02    4.0003751711E-01
    6.7100100000E-01    3.9113002874E-02    4.0038851404E-01
    6.7200100000E-01    3.8969896796E-02    4.0074011745E-01
    6.7300100000E-01    3.8826982251E-02    4.0109232996E-01
    6.7400100000E-01    3.8684258696E-02    4.0144515416E-01
    6.7500100000E-01    3.8541725594E-02    4.0179859268E-01
    6.7600100000E-01    3.8399382410E-02    4.0215264816E-01
    6.7700100000E-01    3.8257228609E-02    4.0250732323E-01
    6.7800100000E-01    3.8115263661E-02    4.0286262057E-01
    6.7900100000E-01    3.7973487037E-02    4.0321854284E-01
    6.8000100000E-01    3.7831898211E-02    4.0357509272E-01
    6.8100100000E-01    3.7690496657E-02    4.0393227291E-01
    6.8200100000E-01    3.7549281853E-02    4.0429008613E-01
    6.8300100000E-01    3.7408253281E-02    4.0464853510E-01
    6.8400100000E-01    3.7267410422E-02    4.0500762255E-01
    6.8500100000E-01    3.7126752760E-02    4.0536735123E-01
    6.8600100000E-01    3.6986279782E-02    4.0572772391E-01
    6.8700100000E-01    3.6845990977E-02    4.0608874336E-01
    6.8800100000E-01    3.6705885836E-02    4.0645041238E-01
    6.8900100000E-01    3.6565963853E-02    4.0681273375E-01
    6.9000100000E-01    3.6426224521E-02    4.0717571031E-01
    6.9100100000E-01    3.6286667340E-02    4.0753934489E-01
    6.9200100000E-01    3.6147291807E-02    4.0790364031E-01
    6.9300100000E-01    3.6008097425E-02    4.0826859946E-01
    6.9400100000E-01    3.5869083698E-02    4.0863422519E-01
    6.9500100000E-01    3.5730250131E-02    4.0900052040E-01
    6.9600100000E-01    3.5591596232E-02    4.0936748798E-01
    6.9700100000E-01    3.5453121510E-02    4.0973513086E-01
    6.9800100000E-01    3.5314825478E-02    4.1010345196E-01
    6.9900100000E-01    3.5176707650E-02    4.1047245422E-01
    7.0000100000E-01    3.5038767542E-02    4.1084214061E-01
    7.0100100000E-01    3.4901004670E-02    4.1121251410E-01
    7.0200100000E-01    3.4763418556E-02    4.1158357768E-01
    7.0300100000E-01    3.4626008722E-02    4.1195533435E-01
    7.0400100000E-01    3.4488774690E-02    4.1232778714E-01
    7.0500100000E-01    3.4351715988E-02    4.1270093907E-01
    7.0600100000E-01    3.4214832142E-02    4.1307479319E-01
    7.0700100000E-01    3.4078122683E-02    4.1344935258E-01
    7.0800100000E-01    3.3941587142E-02    4.1382462031E-01
    7.0900100000E-01    3.3805225052E-02    4.1420059949E-01
    7.1000100000E-01    3.3669035950E-02    4.1457729321E-01
    7.1100100000E-01    3.3533019373E-02    4.1495470461E-01
    7.1200100000E-01    3.3397174859E-02    4.1533283684E-01
    7.1300100000E-01    3.3261501950E-02    4.1571169306E-01
    7.1400100000E-01    3.3126000189E-02    4.1609127644E-01
    7.1500100000E-01    3.2990669120E-02    4.1647159017E-01
    7.1600100000E-01    3.2855508292E-02    4.1685263747E-01
    7.1700100000E-01    3.2720517251E-02    4.1723442157E-01
    7.1800100000E-01    3.2585695548E-02    4.1761694570E-01
    7.1900100000E-01    3.2451042737E-02    4.1800021312E-01
    7.2000100000E-01    3.2316558369E-02    4.1838422713E-01
    7.2100100000E-01    3.2182242002E-02    4.1876899100E-01
    7.2200100000E-01    3.2048093193E-02    4.1915450805E-01
    7.2300100000E-01    3.1914111501E-02    4.1954078161E-01
    7.2400100000E-01    3.1780296487E-02    4.1992781503E-01
    7.2500100000E-01    3.1646647714E-02    4.2031561168E-01
    7.2600100000E-01    3.1513164747E-02    4.2070417492E-01
    7.2700100000E-01    3.1379847152E-02    4.2109350818E-01
    7.2800100000E-01    3.1246694498E-02    4.2148361485E-01
    7.2900100000E-01    3.1113706353E-02    4.2187449839E-01
    7.3000100000E-01    3.0980882290E-02    4.2226616224E-01
    7.3100100000E-01    3.0848221881E-02    4.2265860988E-01
    7.3200100000E-01    3.0715724702E-02    4.2305184481E-01
    7.3300100000E-01    3.0583390329E-02    4.2344587052E-01
    7.3400100000E-01    3.0451218340E-02    4.2384069056E-01
    7.3500100000E-01    3.0319208316E-02    4.2423630848E-01
    7.3600100000E-01    3.0187359837E-02    4.2463272783E-01
    7.3700100000E-01    3.0055672488E-02    4.2502995221E-01
    7.3800100000E-01    2.9924145852E-02    4.2542798523E-01
    7.3900100000E-01    2.9792779517E-02    4.2582683051E-01
    7.4000100000E-01    2.9661573070E-02    4.2622649170E-01
    7.4100100000E-01    2.9530526102E-02    4.2662697246E-01
    7.4200100000E-01    2.9399638203E-02    4.2702827649E-01
    7.4300100000E-01    2.9268908967E-02    4.2743040749E-01
    7.4400100000E-01    2.9138337988E-02    4.2783336919E-01
    7.4500100000E-01    2.9007924862E-02    4.2823716533E-01
    7.4600100000E-01    2.8877669187E-02    4.2864179969E-01
    7.4700100000E-01    2.8747570561E-02    4.2904727606E-01
    7.4800100000E-01    2.8617628587E-02    4.2945359824E-01
    7.4900100000E-01    2.8487842866E-02    4.2986077007E-01
    7.5000100000E-01    2.8358213001E-02    4.3026879540E-01
    7.5100100000E-01    2.8228738599E-02    4.3067767811E-01
    7.5200100000E-01    2.8099419267E-02    4.3108742209E-01
    7.5300100000E-01    2.7970254612E-02    4.3149803126E-01
    7.5400100000E-01    2.7841244245E-02    4.3190950957E-01
    7.5500100000E-01    2.7712387777E-02    4.3232186097E-01
    7.5600100000E-01    2.7583684821E-02    4.3273508946E-01
    7.5700100000E-01    2.7455134992E-02    4.3314919904E-01
    7.5800100000E-01    2.7326737905E-02    4.3356419373E-01
    7.5900100000E-01    2.7198493177E-02    4.3398007761E-01
    7.6000100000E-01    2.7070400429E-02    4.3439685473E-01
    7.6100100000E-01    2.6942459279E-02    4.3481452921E-01
    7.6200100000E-01    2.6814669350E-02    4.3523310516E-01
    7.6300100000E-01    2.6687030264E-02    4.3565258673E-01
    7.6400100000E-01    2.6559541647E-02    4.3607297810E-01
    7.6500100000E-01    2.6432203125E-02    4.3649428345E-01
    7.6600100000E-01    2.6305014324E-02    4.3691650702E-01
    7.6700100000E-01    2.6177974873E-02    4.3733965303E-01
    7.6800100000E-01    2.6051084404E-02    4.3776372577E-01
    7.6900100000E-01    2.5924342547E-02    4.3818872952E-01
    7.7000100000E-01    2.5797748936E-02    4.3861466861E-01
    7.7100100000E-01    2.5671303205E-02    4.3904154737E-01
    7.7200100000E-01    2.5545004989E-02    4.3946937017E-01
    7.7300100000E-01    2.5418853927E-02    4.3989814142E-01
    7.7400100000E-01    2.5292849656E-02    4.4032786552E-01
    7.7500100000E-01    2.5166991816E-02    4.4075854693E-01
    7.7600100000E-01    2.5041280049E-02    4.4119019012E-01
    7.7700100000E-01    2.4915713996E-02    4.4162279959E-01
    7.7800100000E-01    2.4790293303E-02    4.4205637985E-01
    7.7900100000E-01    2.4665017614E-02    4.4249093548E-01
    7.8000100000E-01    2.4539886576E-02    4.4292647104E-01
    7.8100100000E-01    2.4414899836E-02    4.4336299114E-01
    7.8200100000E-01    2.4290057044E-02    4.4380050041E-01
    7.8300100000E-01    2.4165357850E-02    4.4423900353E-01
    7.8400100000E-01    2.4040801906E-02    4.4467850517E-01
    7.8500100000E-01    2.3916388865E-02    4.4511901006E-01
    7.8600100000E-01    2.3792118382E-02    4.4556052294E-01
    7.8700100000E-01    2.3667990111E-02    4.4600304859E-01
    7.8800100000E-01    2.3544003710E-02    4.4644659181E-01
    7.8900100000E-01    2.3420158837E-02    4.4689115743E-01
    7.9000100000E-01    2.3296455151E-02    4.4733675033E-01
    7.9100100000E-01    2.3172892313E-02    4.4778337538E-01
    7.9200100000E-01    2.3049469985E-02    4.4823103751E-01
    7.9300100000E-01    2.2926187830E-02    4.4867974168E-01
    7.9400100000E-01    2.2803045512E-02    4.4912949287E-01
    7.9500100000E-01    2.2680042696E-02    4.4958029608E-01
    7.9600100000E-01    2.2557179050E-02    4.5003215637E-01
    7.9700100000E-01    2.2434454242E-02    4.5048507880E-01
    7.9800100000E-01    2.2311867941E-02    4.5093906849E-01
    7.9900100000E-01    2.2189419816E-02    4.5139413057E-01
    8.0000100000E-01    2.2067109541E-02    4.5185027021E-01
    8.0100100000E-01    2.1944936787E-02    4.5230749261E-01
    8.0200100000E-01    2.1822901228E-02    4.5276580300E-01
    8.0300100000E-01    2.1701002541E-02    4.5322520666E-01
    8.0400100000E-01    2.1579240400E-02    4.5368570888E-01
    8.0500100000E-01    2.1457614484E-02    4.5414731500E-01
    8.0600100000E-01    2.1336124471E-02    4.5461003038E-01
    8.0700100000E-01    2.1214770041E-02    4.5507386042E-01
    8.0800100000E-01    2.1093550875E-02    4.5553881055E-01
    8.0900100000E-01    2.0972466655E-02    4.5600488624E-01
    8.1000100000E-01    2.0851517064E-02    4.5647209301E-01
    8.1100100000E-01    2.0730701787E-02    4.5694043637E-01
    8.1200100000E-01    2.0610020509E-02    4.5740992191E-01
    8.1300100000E-01    2.0489472917E-02    4.5788055524E-01
    8.1400100000E-01    2.0369058699E-02    4.5835234199E-01
    8.1500100000E-01    2.0248777543E-02    4.5882528786E-01
    8.1600100000E-01    2.0128629139E-02    4.5929939854E-01
    8.1700100000E-01    2.0008613179E-02    4.5977467981E-01
    8.1800100000E-01    1.9888729355E-02    4.6025113745E-01
    8.1900100000E-01    1.9768977359E-02    4.6072877729E-01
    8.2000100000E-01    1.9649356887E-02    4.6120760518E-01
    8.2100100000E-01    1.9529867633E-02    4.6168762705E-01
    8.2200100000E-01    1.9410509294E-02    4.6216884881E-01
    8.2300100000E-01    1.9291281568E-02    4.6265127647E-01
    8.2400100000E-01    1.9172184153E-02    4.6313491603E-01
    8.2500100000E-01    1.9053216750E-02    4.6361977356E-01
    8.2600100000E-01    1.8934379058E-02    4.6410585515E-01
    8.2700100000E-01    1.8815670779E-02    4.6459316694E-01
    8.2800100000E-01    1.8697091617E-02    4.6508171511E-01
    8.2900100000E-01    1.8578641275E-02    4.6557150588E-01
    8.3000100000E-01    1.8460319459E-02    4.6606254550E-01
    8.3100100000E-01    1.8342125873E-02    4.6655484029E-01
    8.3200100000E-01    1.8224060226E-02    4.6704839657E-01
    8.3300100000E-01    1.8106122225E-02    4.6754322075E-01
    8.3400100000E-01    1.7988311578E-02    4.6803931923E-01
    8.3500100000E-01    1.7870627997E-02    4.6853669851E-01
    8.3600100000E-01    1.7753071192E-02    4.6903536508E-01
    8.3700100000E-01    1.7635640875E-02    4.6953532551E-01
    8.3800100000E-01    1.7518336760E-02    4.7003658639E-01
    8.3900100000E-01    1.7401158559E-02    4.7053915438E-01
    8.4000100000E-01    1.7284105989E-02    4.7104303616E-01
    8.4100100000E-01    1.7167178765E-02    4.7154823847E-01
    8.4200100000E-01    1.7050376604E-02    4.7205476809E-01
    8.4300100000E-01    1.6933699225E-02    4.7256263185E-01
    8.4400100000E-01    1.6817146345E-02    4.7307183661E-01
    8.4500100000E-01    1.6700717685E-02    4.7358238931E-01
    8.4600100000E-01    1.6584412966E-02    4.7409429690E-01
    8.4700100000E-01    1.6468231910E-02    4.7460756640E-01
    8.4800100000E-01    1.6352174238E-02    4.7512220488E-01
    8.4900100000E-01    1.6236239676E-02    4.7563821945E-01
    8.5000100000E-01    1.6120427947E-02    4.7615561726E-01
    8.5100100000E-01    1.6004738778E-02    4.7667440553E-01
    8.5200100000E-01    1.5889171894E-02    4.7719459151E-01
    8.5300100000E-01    1.5773727023E-02    4.7771618252E-01
    8.5400100000E-01    1.5658403894E-02    4.7823918591E-01
    8.5500100000E-01    1.5543202236E-02    4.7876360910E-01
    8.5600100000E-01    1.5428121778E-02    4.7928945955E-01
    8.5700100000E-01    1.5313162253E-02    4.7981674478E-01
    8.5800100000E-01    1.5198323392E-02    4.8034547235E-01
    8.5900100000E-01    1.5083604928E-02    4.8087564988E-01
    8.6000100000E-01    1.4969006595E-02    4.8140728505E-01
    8.6100100000E-01    1.4854528127E-02    4.8194038559E-01
    8.6200100000E-01    1.4740169261E-02    4.8247495927E-01
    8.6300100000E-01    1.4625929733E-02    4.8301101395E-01
    8.6400100000E-01    1.4511809280E-02    4.8354855750E-01
    8.6500100000E-01    1.4397807640E-02    4.8408759788E-01
    8.6600100000E-01    1.4283924553E-02    4.8462814310E-01
    8.6700100000E-01    1.4170159759E-02    4.8517020122E-01
    8.6800100000E-01    1.4056512998E-02    4.8571378036E-01
    8.6900100000E-01    1.3942984012E-02    4.8625888869E-01
    8.7000100000E-01    1.3829572545E-02    4.8680553447E-01
    8.7100100000E-01    1.3716278339E-02    4.8735372597E-01
    8.7200100000E-01    1.3603101139E-02    4.8790347156E-01
    8.7300100000E-01    1.3490040689E-02    4.8845477966E-01
    8.7400100000E-01    1.3377096737E-02    4.8900765875E-01
    8.7500100000E-01    1.3264269029E-02    4.8956211735E-01
    8.7600100000E-01    1.3151557312E-02    4.9011816409E-01
    8.7700100000E-01    1.3038961335E-02    4.9067580760E-01
    8.7800100000E-01    1.2926480848E-02    4.9123505664E-01
    8.7900100000E-01    1.2814115601E-02    4.9179591998E-01
    8.8000100000E-01    1.2701865344E-02    4.9235840649E-01
    8.8100100000E-01    1.2589729830E-02    4.9292252508E-01
    8.8200100000E-01    1.2477708811E-02    4.9348828473E-01
    8.8300100000E-01    1.2365802041E-02    4.9405569451E-01
    8.8400100000E-01    1.2254009274E-02    4.9462476354E-01
    8.8500100000E-01    1.2142330266E-02    4.9519550099E-01
    8.8600100000E-01    1.2030764771E-02    4.9576791612E-01
    8.8700100000E-01    1.1919312547E-02    4.9634201827E-01
    8.8800100000E-01    1.1807973351E-02    4.9691781682E-01
    8.8900100000E-01    1.1696746942E-02    4.9749532123E-01
    8.9000100000E-01    1.1585633079E-02    4.9807454105E-01
    8.9100100000E-01    1.1474631520E-02    4.9865548588E-01
    8.9200100000E-01    1.1363742028E-02    4.9923816539E-01
    8.9300100000E-01    1.1252964364E-02    4.9982258935E-01
    8.9400100000E-01    1.1142298289E-02    5.0040876757E-01
    8.9500100000E-01    1.1031743567E-02    5.0099670996E-01
    8.9600100000E-01    1.0921299961E-02    5.0158642649E-01
    8.9700100000E-01    1.0810967236E-02    5.0217792721E-01
    8.9800100000E-01    1.0700745157E-02    5.0277122226E-01
    8.9900100000E-01    1.0590633490E-02    5.0336632183E-01
    9.0000100000E-01    1.0480632003E-02    5.0396323621E-01
    9.0100100000E-01    1.0370740461E-02    5.0456197577E-01
    9.0200100000E-01    1.0260958634E-02    5.0516255095E-01
    9.0300100000E-01    1.0151286291E-02    5.0576497226E-01
    9.0400100000E-01    1.0041723202E-02    5.0636925032E-01
    9.0500100000E-01    9.9322691362E-03    5.0697539580E-01
    9.0600100000E-01    9.8229238657E-03    5.0758341949E-01
    9.0700100000E-01    9.7136871623E-03    5.0819333223E-01
    9.0800100000E-01    9.6045587987E-03    5.0880514496E-01
    9.0900100000E-01    9.4955385483E-03    5.0941886870E-01
    9.1000100000E-01    9.3866261853E-03    5.1003451457E-01
    9.1100100000E-01    9.2778214844E-03    5.1065209377E-01
    9.1200100000E-01    9.1691242213E-03    5.1127161757E-01
    9.1300100000E-01    9.0605341722E-03    5.1189309735E-01
    9.1400100000E-01    8.9520511141E-03    5.1251654457E-01
    9.1500100000E-01    8.8436748248E-03    5.1314197080E-01
    9.1600100000E-01    8.7354050826E-03    5.1376938768E-01
    9.1700100000E-01    8.6272416667E-03    5.1439880695E-01
    9.1800100000E-01    8.5191843568E-03    5.1503024043E-01
    9.1900100000E-01    8.4112329334E-03    5.1566370007E-01
    9.2000100000E-01    8.3033871778E-03    5.1629919788E-01
    9.2100100000E-01    8.1956468718E-03    5.1693674598E-01
    9.2200100000E-01    8.0880117979E-03    5.1757635660E-01
    9.2300100000E-01    7.9804817395E-03    5.1821804205E-01
    9.2400100000E-01    7.8730564805E-03    5.1886181474E-01
    9.2500100000E-01    7.7657358054E-03    5.1950768719E-01
    9.2600100000E-01    7.6585194995E-03    5.2015567202E-01
    9.2700100000E-01    7.5514073489E-03    5.2080578196E-01
    9.2800100000E-01    7.4443991401E-03    5.2145802983E-01
    9.2900100000E-01    7.3374946604E-03    5.2211242855E-01
    9.3000100000E-01    7.2306936978E-03    5.2276899117E-01
    9.3100100000E-01    7.1239960409E-03    5.2342773083E-01
    9.3200100000E-01    7.0174014790E-03    5.2408866078E-01
    9.3300100000E-01    6.9109098019E-03    5.2475179438E-01
    9.3400100000E-01    6.8045208003E-03    5.2541714511E-01
    9.3500100000E-01    6.6982342655E-03    5.2608472655E-01
    9.3600100000E-01    6.5920499892E-03    5.2675455239E-01
    9.3700100000E-01    6.4859677641E-03    5.2742663646E-01
    9.3800100000E-01    6.3799873832E-03    5.2810099267E-01
    9.3900100000E-01    6.2741086404E-03    5.2877763507E-01
    9.4000100000E-01    6.1683313301E-03    5.2945657782E-01
    9.4100100000E-01    6.0626552475E-03    5.3013783521E-01
    9.4200100000E-01    5.9570801881E-03    5.3082142163E-01
    9.4300100000E-01    5.8516059484E-03    5.3150735161E-01
    9.4400100000E-01    5.7462323253E-03    5.3219563979E-01
    9.4500100000E-01    5.6409591164E-03    5.3288630095E-01
    9.4600100000E-01    5.5357861198E-03    5.3357934998E-01
    9.4700100000E-01    5.4307131345E-03    5.3427480192E-01
    9.4800100000E-01    5.3257399598E-03    5.3497267190E-01
    9.4900100000E-01    5.2208663959E-03    5.3567297522E-01
    9.5000100000E-01    5.1160922433E-03    5.3637572728E-01
    9.5100100000E-01    5.0114173034E-03    5.3708094365E-01
    9.5200100000E-01    4.9068413779E-03    5.3778863999E-01
    9.5300100000E-01    4.8023642695E-03    5.3849883213E-01
    9.5400100000E-01    4.6979857812E-03    5.3921153602E-01
    9.5500100000E-01    4.5937057166E-03    5.3992676777E-01
    9.5600100000E-01    4.4895238801E-03    5.4064454359E-01
    9.5700100000E-01    4.3854400764E-03    5.4136487988E-01
    9.5800100000E-01    4.2814541111E-03    5.4208779315E-01
    9.5900100000E-01    4.1775657903E-03    5.4281330006E-01
    9.6000100000E-01    4.0737749205E-03    5.4354141744E-01
    9.6100100000E-01    3.9700813089E-03    5.4427216224E-01
    9.6200100000E-01    3.8664847635E-03    5.4500555158E-01
    9.6300100000E-01    3.7629850924E-03    5.4574160272E-01
    9.6400100000E-01    3.6595821048E-03    5.4648033308E-01
    9.6500100000E-01    3.5562756101E-03    5.4722176023E-01
    9.6600100000E-01    3.4530654185E-03    5.4796590191E-01
    9.6700100000E-01    3.3499513405E-03    5.4871277600E-01
    9.6800100000E-01    3.2469331875E-03    5.4946240056E-01
    9.6900100000E-01    3.1440107713E-03    5.5021479380E-01
    9.7000100000E-01    3.0411839042E-03    5.5096997410E-01
    9.7100100000E-01    2.9384523991E-03    5.5172796001E-01
    9.7200100000E-01    2.8358160695E-03    5.5248877023E-01
    9.7300100000E-01    2.7332747296E-03    5.5325242366E-01
    9.7400100000E-01    2.6308281938E-03    5.5401893935E-01
    9.7500100000E-01    2.5284762774E-03    5.5478833654E-01
    9.7600100000E-01    2.4262187960E-03    5.5556063462E-01
    9.7700100000E-01    2.3240555658E-03    5.5633585319E-01
    9.7800100000E-01    2.2219864037E-03    5.5711401202E-01
    9.7900100000E-01    2.1200111271E-03    5.5789513106E-01
    9.8000100000E-01    2.0181295536E-03    5.5867923044E-01
    9.8100100000E-01    1.9163415019E-03    5.5946633048E-01
    9.8200100000E-01    1.8146467908E-03    5.6025645170E-01
    9.8300100000E-01    1.7130452399E-03    5.6104961481E-01
    9.8400100000E-01    1.6115366691E-03    5.6184584070E-01
    9.8500100000E-01    1.5101208989E-03    5.6264515046E-01
    9.8600100000E-01    1.4087977506E-03    5.6344756539E-01
    9.8700100000E-01    1.3075670456E-03    5.6425310699E-01
    9.8800100000E-01    1.2064286061E-03    5.6506179695E-01
    9.8900100000E-01    1.1053822547E-03    5.6587365718E-01
    9.9000100000E-01    1.0044278146E-03    5.6668870979E-01
    9.9100100000E-01    9.0356510954E-04    5.6750697710E-01
    9.9200100000E-01    8.0279396365E-04    5.6832848166E-01
    9.9300100000E-01    7.0211420167E-04    5.6915324621E-01
    9.9400100000E-01    6.0152564881E-04    5.6998129374E-01
    9.9500100000E-01    5.0102813083E-04    5.7081264743E-01
    9.9600100000E-01    4.0062147395E-04    5.7164733071E-01
    9.9700100000E-01    3.0030550493E-04    5.7248536722E-01
    9.9800100000E-01    2.0008005101E-04    5.7332678083E-01
    9.9900100000E-01    9.9944939969E-05    5.7417159567E-01
    1.0000010000E+00   -9.9999956538E-08    5.7501983607E-01
