    1.0000000000E-06    1.0000000000E+00    6.7209269353E-01
    1.0010000000E-03    1.0000000000E+00    6.7209269353E-01
    2.0010000000E-03    1.0000000000E+00    6.7209269353E-01
    3.0010000000E-03    1.0000000000E+00    6.7209269353E-01
    4.0010000000E-03    1.0000000000E+00    6.7209269353E-01
    5.0010000000E-03    1.0000000000E+00    6.7209269353E-01
    6.0010000000E-03    9.9999999999E-01    6.7209269353E-01
    7.0010000000E-03    9.9999999998E-01    6.7209269353E-01
    8.0010000000E-03    9.9999999997E-01    6.7209269353E-01
    9.0010000000E-03    9.9999999994E-01    6.7209269353E-01
    1.0001000000E-02    9.9999999990E-01    6.7209269353E-01
    1.1001000000E-02    9.9999999984E-01    6.7209269353E-01
    1.2001000000E-02    9.9999999975E-01    6.7209269354E-01
    1.3001000000E-02    9.9999999963E-01    6.7209269354E-01
    1.4001000000E-02    9.9999999946E-01    6.7209269355E-01
    1.5001000000E-02    9.9999999924E-01    6.7209269356E-01
    1.6001000000E-02    9.9999999895E-01    6.7209269358E-01
    1.7001000000E-02    9.9999999858E-01    6.7209269360E-01
    1.8001000000E-02    9.9999999811E-01    6.7209269362E-01
    1.9001000000E-02    9.9999999752E-01    6.7209269365E-01
    2.0001000000E-02    9.9999999680E-01    6.7209269369E-01
    2.1001000000E-02    9.9999999591E-01    6.7209269373E-01
    2.2001000000E-02    9.9999999485E-01    6.7209269379E-01
    2.3001000000E-02    9.9999999356E-01    6.7209269385E-01
    2.4001000000E-02    9.9999999204E-01    6.7209269393E-01
    2.5001000000E-02    9.9999999023E-01    6.7209269402E-01
    2.6001000000E-02    9.9999998812E-01    6.7209269412E-01
    2.7001000000E-02    9.9999998565E-01    6.7209269425E-01
    2.8001000000E-02    9.9999998279E-01    6.7209269439E-01
    2.9001000000E-02    9.9999997949E-01    6.7209269456E-01
    3.0001000000E-02    9.9999997570E-01    6.7209269475E-01
    3.1001000000E-02    9.9999997137E-01    6.7209269497E-01
    3.2001000000E-02    9.9999996644E-01    6.7209269522E-01
    3.3001000000E-02    9.9999996086E-01    6.7209269550E-01
    3.4001000000E-02    9.9999995456E-01    6.7209269582E-01
    3.5001000000E-02    9.9999994747E-01    6.7209269617E-01
    3.6001000000E-02    9.9999993953E-01    6.7209269657E-01
    3.7001000000E-02    9.9999993065E-01    6.7209269702E-01
    3.8001000000E-02    9.9999992075E-01    6.7209269752E-01
    3.9001000000E-02    9.9999990976E-01    6.7209269807E-01
    4.0001000000E-02    9.9999989759E-01    6.7209269869E-01
    4.1001000000E-02    9.9999988413E-01    6.7209269937E-01
    4.2001000000E-02    9.9999986929E-01    6.7209270011E-01
    4.3001000000E-02    9.9999985297E-01    6.7209270094E-01
    4.4001000000E-02    9.9999983507E-01    6.7209270184E-01
    4.5001000000E-02    9.9999981545E-01    6.7209270283E-01
    4.6001000000E-02    9.9999979401E-01    6.7209270391E-01
    4.7001000000E-02    9.9999977063E-01    6.7209270509E-01
    4.8001000000E-02    9.9999974517E-01    6.7209270637E-01
    4.9001000000E-02    9.9999971750E-01    6.7209270776E-01
    5.0001000000E-02    9.9999968747E-01    6.7209270928E-01
    5.1001000000E-02    9.9999965494E-01    6.7209271092E-01
    5.2001000000E-02    9.9999961976E-01    6.7209271269E-01
    5.3001000000E-02    9.9999958177E-01    6.7209271461E-01
    5.4001000000E-02    9.9999954079E-01    6.7209271667E-01
    5.5001000000E-02    9.9999949667E-01    6.7209271889E-01
    5.6001000000E-02    9.9999944922E-01    6.7209272129E-01
    5.7001000000E-02    9.9999939826E-01    6.7209272385E-01
    5.8001000000E-02    9.9999934359E-01    6.7209272661E-01
    5.9001000000E-02    9.9999928502E-01    6.7209272956E-01
    6.0001000000E-02    9.9999922234E-01    6.7209273272E-01
    6.1001000000E-02    9.9999915533E-01    6.7209273610E-01
    6.2001000000E-02    9.9999908379E-01    6.7209273970E-01
    6.3001000000E-02    9.9999900748E-01    6.7209274355E-01
    6.4001000000E-02    9.9999892617E-01    6.7209274765E-01
    6.5001000000E-02    9.9999883962E-01    6.7209275201E-01
    6.6001000000E-02    9.9999874757E-01    6.7209275665E-01
    6.7001000000E-02    9.9999864977E-01    6.7209276158E-01
    6.8001000000E-02    9.9999854596E-01    6.7209276681E-01
    6.9001000000E-02    9.9999843586E-01    6.7209277236E-01
    7.0001000000E-02    9.9999831918E-01    6.7209277824E-01
    7.1001000000E-02    9.9999819564E-01    6.7209278447E-01
    7.2001000000E-02    9.9999806495E-01    6.7209279106E-01
    7.3001000000E-02    9.9999792679E-01    6.7209279802E-01
    7.4001000000E-02    9.9999778084E-01    6.7209280538E-01
    7.5001000000E-02    9.9999762679E-01    6.7209281314E-01
    7.6001000000E-02    9.9999746431E-01    6.7209282133E-01
    7.7001000000E-02    9.9999729304E-01    6.7209282997E-01
    7.8001000000E-02    9.9999711264E-01    6.7209283906E-01
    7.9001000000E-02    9.9999692275E-01    6.7209284863E-01
    8.0001000000E-02    9.9999672300E-01    6.7209285870E-01
    8.1001000000E-02    9.9999651300E-01    6.7209286928E-01
    8.2001000000E-02    9.9999629238E-01    6.7209288040E-01
    8.3001000000E-02    9.9999606072E-01    6.7209289208E-01
    8.4001000000E-02    9.9999581763E-01    6.7209290433E-01
    8.5001000000E-02    9.9999556269E-01    6.7209291718E-01
    8.6001000000E-02    9.9999529546E-01    6.7209293065E-01
    8.7001000000E-02    9.9999501550E-01    6.7209294476E-01
    8.8001000000E-02    9.9999472238E-01    6.7209295954E-01
    8.9001000000E-02    9.9999441563E-01    6.7209297500E-01
    9.0001000000E-02    9.9999409477E-01    6.7209299117E-01
    9.1001000000E-02    9.9999375934E-01    6.7209300808E-01
    9.2001000000E-02    9.9999340883E-01    6.7209302575E-01
    9.3001000000E-02    9.9999304274E-01    6.7209304420E-01
    9.4001000000E-02    9.9999266057E-01    6.7209306346E-01
    9.5001000000E-02    9.9999226178E-01    6.7209308357E-01
    9.6001000000E-02    9.9999184585E-01    6.7209310453E-01
    9.7001000000E-02    9.9999141222E-01    6.7209312639E-01
    9.8001000000E-02    9.9999096033E-01    6.7209314917E-01
    9.9001000000E-02    9.9999048962E-01    6.7209317289E-01
    1.0000100000E-01    9.9998999950E-01    6.7209319760E-01
    1.0100100000E-01    9.9998948938E-01    6.7209322331E-01
    1.0200100000E-01    9.9998895865E-01    6.7209325006E-01
    1.0300100000E-01    9.9998840670E-01    6.7209327788E-01
    1.0400100000E-01    9.9998783289E-01    6.7209330680E-01
    1.0500100000E-01    9.9998723658E-01    6.7209333686E-01
    1.0600100000E-01    9.9998661711E-01    6.7209336809E-01
    1.0700100000E-01    9.9998597383E-01    6.7209340051E-01
    1.0800100000E-01    9.9998530604E-01    6.7209343417E-01
    1.0900100000E-01    9.9998461305E-01    6.7209346910E-01
    1.1000100000E-01    9.9998389417E-01    6.7209350534E-01
    1.1100100000E-01    9.9998314866E-01    6.7209354292E-01
    1.1200100000E-01    9.9998237580E-01    6.7209358187E-01
    1.1300100000E-01    9.9998157483E-01    6.7209362225E-01
    1.1400100000E-01    9.9998074501E-01    6.7209366407E-01
    1.1500100000E-01    9.9997988555E-01    6.7209370739E-01
    1.1600100000E-01    9.9997899568E-01    6.7209375225E-01
    1.1700100000E-01    9.9997807458E-01    6.7209379868E-01
    1.1800100000E-01    9.9997712145E-01    6.7209384672E-01
    1.1900100000E-01    9.9997613546E-01    6.7209389642E-01
    1.2000100000E-01    9.9997511576E-01    6.7209394782E-01
    1.2100100000E-01    9.9997406150E-01    6.7209400096E-01
    1.2200100000E-01    9.9997297181E-01    6.7209405589E-01
    1.2300100000E-01    9.9997184580E-01    6.7209411265E-01
    1.2400100000E-01    9.9997068257E-01    6.7209417128E-01
    1.2500100000E-01    9.9996948120E-01    6.7209423184E-01
    1.2600100000E-01    9.9996824077E-01    6.7209429436E-01
    1.2700100000E-01    9.9996696033E-01    6.7209435890E-01
    1.2800100000E-01    9.9996563892E-01    6.7209442551E-01
    1.2900100000E-01    9.9996427556E-01    6.7209449423E-01
    1.3000100000E-01    9.9996286927E-01    6.7209456512E-01
    1.3100100000E-01    9.9996141904E-01    6.7209463822E-01
    1.3200100000E-01    9.9995992384E-01    6.7209471359E-01
    1.3300100000E-01    9.9995838264E-01    6.7209479127E-01
    1.3400100000E-01    9.9995679438E-01    6.7209487133E-01
    1.3500100000E-01    9.9995515800E-01    6.7209495382E-01
    1.3600100000E-01    9.9995347242E-01    6.7209503878E-01
    1.3700100000E-01    9.9995173651E-01    6.7209512628E-01
    1.3800100000E-01    9.9994994918E-01    6.7209521638E-01
    1.3900100000E-01    9.9994810929E-01    6.7209530912E-01
    1.4000100000E-01    9.9994621568E-01    6.7209540457E-01
    1.4100100000E-01    9.9994426719E-01    6.7209550279E-01
    1.4200100000E-01    9.9994226263E-01    6.7209560383E-01
    1.4300100000E-01    9.9994020080E-01    6.7209570776E-01
    1.4400100000E-01    9.9993808049E-01    6.7209581464E-01
    1.4500100000E-01    9.9993590045E-01    6.7209592453E-01
    1.4600100000E-01    9.9993365944E-01    6.7209603750E-01
    1.4700100000E-01    9.9993135618E-01    6.7209615360E-01
    1.4800100000E-01    9.9992898939E-01    6.7209627290E-01
    1.4900100000E-01    9.9992655776E-01    6.7209639548E-01
    1.5000100000E-01    9.9992405997E-01    6.7209652138E-01
    1.5100100000E-01    9.9992149467E-01    6.7209665069E-01
    1.5200100000E-01    9.9991886052E-01    6.7209678348E-01
    1.5300100000E-01    9.9991615612E-01    6.7209691980E-01
    1.5400100000E-01    9.9991338009E-01    6.7209705973E-01
    1.5500100000E-01    9.9991053102E-01    6.7209720335E-01
    1.5600100000E-01    9.9990760746E-01    6.7209735072E-01
    1.5700100000E-01    9.9990460797E-01    6.7209750192E-01
    1.5800100000E-01    9.9990153108E-01    6.7209765702E-01
    1.5900100000E-01    9.9989837530E-01    6.7209781610E-01
    1.6000100000E-01    9.9989513912E-01    6.7209797923E-01
    1.6100100000E-01    9.9989182102E-01    6.7209814649E-01
    1.6200100000E-01    9.9988841946E-01    6.7209831796E-01
    1.6300100000E-01    9.9988493285E-01    6.7209849371E-01
    1.6400100000E-01    9.9988135963E-01    6.7209867384E-01
    1.6500100000E-01    9.9987769819E-01    6.7209885841E-01
    1.6600100000E-01    9.9987394690E-01    6.7209904751E-01
    1.6700100000E-01    9.9987010413E-01    6.7209924122E-01
    1.6800100000E-01    9.9986616820E-01    6.7209943963E-01
    1.6900100000E-01    9.9986213743E-01    6.7209964282E-01
    1.7000100000E-01    9.9985801012E-01    6.7209985087E-01
    1.7100100000E-01    9.9985378455E-01    6.7210006388E-01
    1.7200100000E-01    9.9984945898E-01    6.7210028193E-01
    1.7300100000E-01    9.9984503163E-01    6.7210050512E-01
    1.7400100000E-01    9.9984050072E-01    6.7210073352E-01
    1.7500100000E-01    9.9983586445E-01    6.7210096724E-01
    1.7600100000E-01    9.9983112099E-01    6.7210120635E-01
    1.7700100000E-01    9.9982626849E-01    6.7210145097E-01
    1.7800100000E-01    9.9982130508E-01    6.7210170118E-01
    1.7900100000E-01    9.9981622887E-01    6.7210195708E-01
    1.8000100000E-01    9.9981103795E-01    6.7210221876E-01
    1.8100100000E-01    9.9980573039E-01    6.7210248632E-01
    1.8200100000E-01    9.9980030423E-01    6.7210275986E-01
    1.8300100000E-01    9.9979475749E-01    6.7210303948E-01
    1.8400100000E-01    9.9978908818E-01    6.7210332527E-01
    1.8500100000E-01    9.9978329428E-01    6.7210361736E-01
    1.8600100000E-01    9.9977737374E-01    6.7210391582E-01
    1.8700100000E-01    9.9977132450E-01    6.7210422078E-01
    1.8800100000E-01    9.9976514447E-01    6.7210453233E-01
    1.8900100000E-01    9.9975883154E-01    6.7210485058E-01
    1.9000100000E-01    9.9975238358E-01    6.7210517564E-01
    1.9100100000E-01    9.9974579844E-01    6.7210550761E-01
    1.9200100000E-01    9.9973907394E-01    6.7210584661E-01
    1.9300100000E-01    9.9973220788E-01    6.7210619275E-01
    1.9400100000E-01    9.9972519803E-01    6.7210654614E-01
    1.9500100000E-01    9.9971804215E-01    6.7210690690E-01
    1.9600100000E-01    9.9971073797E-01    6.7210727513E-01
    1.9700100000E-01    9.9970328319E-01    6.7210765096E-01
    1.9800100000E-01    9.9969567550E-01    6.7210803449E-01
    1.9900100000E-01    9.9968791256E-01    6.7210842586E-01
    2.0000100000E-01    9.9967999200E-01    6.7210882517E-01
    2.0100100000E-01    9.9967191144E-01    6.7210923255E-01
    2.0200100000E-01    9.9966366846E-01    6.7210964812E-01
    2.0300100000E-01    9.9965526063E-01    6.7211007201E-01
    2.0400100000E-01    9.9964668548E-01    6.7211050433E-01
    2.0500100000E-01    9.9963794054E-01    6.7211094521E-01
    2.0600100000E-01    9.9962902329E-01    6.7211139478E-01
    2.0700100000E-01    9.9961993120E-01    6.7211185317E-01
    2.0800100000E-01    9.9961066171E-01    6.7211232051E-01
    2.0900100000E-01    9.9960121224E-01    6.7211279692E-01
    2.1000100000E-01    9.9959158018E-01    6.7211328255E-01
    2.1100100000E-01    9.9958176289E-01    6.7211377751E-01
    2.1200100000E-01    9.9957175772E-01    6.7211428195E-01
    2.1300100000E-01    9.9956156198E-01    6.7211479600E-01
    2.1400100000E-01    9.9955117296E-01    6.7211531979E-01
    2.1500100000E-01    9.9954058793E-01    6.7211585347E-01
    2.1600100000E-01    9.9952980413E-01    6.7211639718E-01
    2.1700100000E-01    9.9951881877E-01    6.7211695106E-01
    2.1800100000E-01    9.9950762904E-01    6.7211751524E-01
    2.1900100000E-01    9.9949623210E-01    6.7211808987E-01
    2.2000100000E-01    9.9948462509E-01    6.7211867510E-01
    2.2100100000E-01    9.9947280511E-01    6.7211927106E-01
    2.2200100000E-01    9.9946076925E-01    6.7211987792E-01
    2.2300100000E-01    9.9944851456E-01    6.7212049582E-01
    2.2400100000E-01    9.9943603807E-01    6.7212112490E-01
    2.2500100000E-01    9.9942333679E-01    6.7212176532E-01
    2.2600100000E-01    9.9941040770E-01    6.7212241724E-01
    2.2700100000E-01    9.9939724773E-01    6.7212308080E-01
    2.2800100000E-01    9.9938385382E-01    6.7212375616E-01
    2.2900100000E-01    9.9937022286E-01    6.7212444348E-01
    2.3000100000E-01    9.9935635171E-01    6.7212514291E-01
    2.3100100000E-01    9.9934223721E-01    6.7212585462E-01
    2.3200100000E-01    9.9932787618E-01    6.7212657877E-01
    2.3300100000E-01    9.9931326541E-01    6.7212731552E-01
    2.3400100000E-01    9.9929840164E-01    6.7212806503E-01
    2.3500100000E-01    9.9928328160E-01    6.7212882747E-01
    2.3600100000E-01    9.9926790201E-01    6.7212960300E-01
    2.3700100000E-01    9.9925225952E-01    6.7213039180E-01
    2.3800100000E-01    9.9923635079E-01    6.7213119403E-01
    2.3900100000E-01    9.9922017242E-01    6.7213200987E-01
    2.4000100000E-01    9.9920372101E-01    6.7213283948E-01
    2.4100100000E-01    9.9918699312E-01    6.7213368304E-01
    2.4200100000E-01    9.9916998526E-01    6.7213454073E-01
    2.4300100000E-01    9.9915269396E-01    6.7213541272E-01
    2.4400100000E-01    9.9913511566E-01    6.7213629919E-01
    2.4500100000E-01    9.9911724683E-01    6.7213720032E-01
    2.4600100000E-01    9.9909908387E-01    6.7213811629E-01
    2.4700100000E-01    9.9908062316E-01    6.7213904729E-01
    2.4800100000E-01    9.9906186107E-01    6.7213999350E-01
    2.4900100000E-01    9.9904279390E-01    6.7214095510E-01
    2.5000100000E-01    9.9902341797E-01    6.7214193229E-01
    2.5100100000E-01    9.9900372953E-01    6.7214292525E-01
    2.5200100000E-01    9.9898372482E-01    6.7214393416E-01
    2.5300100000E-01    9.9896340004E-01    6.7214495924E-01
    2.5400100000E-01    9.9894275137E-01    6.7214600066E-01
    2.5500100000E-01    9.9892177495E-01    6.7214705862E-01
    2.5600100000E-01    9.9890046690E-01    6.7214813332E-01
    2.5700100000E-01    9.9887882329E-01    6.7214922496E-01
    2.5800100000E-01    9.9885684019E-01    6.7215033373E-01
    2.5900100000E-01    9.9883451362E-01    6.7215145984E-01
    2.6000100000E-01    9.9881183955E-01    6.7215260350E-01
    2.6100100000E-01    9.9878881396E-01    6.7215376489E-01
    2.6200100000E-01    9.9876543277E-01    6.7215494424E-01
    2.6300100000E-01    9.9874169188E-01    6.7215614175E-01
    2.6400100000E-01    9.9871758715E-01    6.7215735763E-01
    2.6500100000E-01    9.9869311443E-01    6.7215859209E-01
    2.6600100000E-01    9.9866826950E-01    6.7215984533E-01
    2.6700100000E-01    9.9864304814E-01    6.7216111759E-01
    2.6800100000E-01    9.9861744610E-01    6.7216240906E-01
    2.6900100000E-01    9.9859145907E-01    6.7216371997E-01
    2.7000100000E-01    9.9856508273E-01    6.7216505055E-01
    2.7100100000E-01    9.9853831272E-01    6.7216640100E-01
    2.7200100000E-01    9.9851114466E-01    6.7216777155E-01
    2.7300100000E-01    9.9848357411E-01    6.7216916242E-01
    2.7400100000E-01    9.9845559664E-01    6.7217057385E-01
    2.7500100000E-01    9.9842720773E-01    6.7217200605E-01
    2.7600100000E-01    9.9839840288E-01    6.7217345927E-01
    2.7700100000E-01    9.9836917754E-01    6.7217493372E-01
    2.7800100000E-01    9.9833952711E-01    6.7217642964E-01
    2.7900100000E-01    9.9830944697E-01    6.7217794726E-01
    2.8000100000E-01    9.9827893247E-01    6.7217948683E-01
    2.8100100000E-01    9.9824797892E-01    6.7218104857E-01
    2.8200100000E-01    9.9821658161E-01    6.7218263273E-01
    2.8300100000E-01    9.9818473577E-01    6.7218423955E-01
    2.8400100000E-01    9.9815243662E-01    6.7218586927E-01
    2.8500100000E-01    9.9811967933E-01    6.7218752213E-01
    2.8600100000E-01    9.9808645906E-01    6.7218919839E-01
    2.8700100000E-01    9.9805277091E-01    6.7219089829E-01
    2.8800100000E-01    9.9801860995E-01    6.7219262208E-01
    2.8900100000E-01    9.9798397122E-01    6.7219437001E-01
    2.9000100000E-01    9.9794884974E-01    6.7219614233E-01
    2.9100100000E-01    9.9791324046E-01    6.7219793931E-01
    2.9200100000E-01    9.9787713834E-01    6.7219976119E-01
    2.9300100000E-01    9.9784053826E-01    6.7220160824E-01
    2.9400100000E-01    9.9780343511E-01    6.7220348071E-01
    2.9500100000E-01    9.9776582370E-01    6.7220537887E-01
    2.9600100000E-01    9.9772769883E-01    6.7220730299E-01
    2.9700100000E-01    9.9768905527E-01    6.7220925333E-01
    2.9800100000E-01    9.9764988775E-01    6.7221123015E-01
    2.9900100000E-01    9.9761019094E-01    6.7221323373E-01
    3.0000100000E-01    9.9756995950E-01    6.7221526434E-01
    3.0100100000E-01    9.9752918806E-01    6.7221732225E-01
    3.0200100000E-01    9.9748787118E-01    6.7221940773E-01
    3.0300100000E-01    9.9744600343E-01    6.7222152108E-01
    3.0400100000E-01    9.9740357931E-01    6.7222366255E-01
    3.0500100000E-01    9.9736059329E-01    6.7222583244E-01
    3.0600100000E-01    9.9731703981E-01    6.7222803103E-01
    3.0700100000E-01    9.9727291327E-01    6.7223025860E-01
    3.0800100000E-01    9.9722820803E-01    6.7223251543E-01
    3.0900100000E-01    9.9718291842E-01    6.7223480183E-01
    3.1000100000E-01    9.9713703872E-01    6.7223711807E-01
    3.1100100000E-01    9.9709056320E-01    6.7223946445E-01
    3.1200100000E-01    9.9704348607E-01    6.7224184127E-01
    3.1300100000E-01    9.9699580150E-01    6.7224424882E-01
    3.1400100000E-01    9.9694750363E-01    6.7224668740E-01
    3.1500100000E-01    9.9689858657E-01    6.7224915731E-01
    3.1600100000E-01    9.9684904439E-01    6.7225165885E-01
    3.1700100000E-01    9.9679887111E-01    6.7225419232E-01
    3.1800100000E-01    9.9674806072E-01    6.7225675804E-01
    3.1900100000E-01    9.9669660717E-01    6.7225935630E-01
    3.2000100000E-01    9.9664450437E-01    6.7226198743E-01
    3.2100100000E-01    9.9659174621E-01    6.7226465173E-01
    3.2200100000E-01    9.9653832651E-01    6.7226734952E-01
    3.2300100000E-01    9.9648423908E-01    6.7227008111E-01
    3.2400100000E-01    9.9642947767E-01    6.7227284682E-01
    3.2500100000E-01    9.9637403601E-01    6.7227564697E-01
    3.2600100000E-01    9.9631790778E-01    6.7227848188E-01
    3.2700100000E-01    9.9626108662E-01    6.7228135188E-01
    3.2800100000E-01    9.9620356613E-01    6.7228425730E-01
    3.2900100000E-01    9.9614533989E-01    6.7228719846E-01
    3.3000100000E-01    9.9608640140E-01    6.7229017569E-01
    3.3100100000E-01    9.9602674417E-01    6.7229318933E-01
    3.3200100000E-01    9.9596636163E-01    6.7229623970E-01
    3.3300100000E-01    9.9590524720E-01    6.7229932716E-01
    3.3400100000E-01    9.9584339424E-01    6.7230245203E-01
    3.3500100000E-01    9.9578079607E-01    6.7230561466E-01
    3.3600100000E-01    9.9571744598E-01    6.7230881539E-01
    3.3700100000E-01    9.9565333722E-01    6.7231205456E-01
    3.3800100000E-01    9.9558846300E-01    6.7231533252E-01
    3.3900100000E-01    9.9552281648E-01    6.7231864963E-01
    3.4000100000E-01    9.9545639078E-01    6.7232200623E-01
    3.4100100000E-01    9.9538917900E-01    6.7232540268E-01
    3.4200100000E-01    9.9532117416E-01    6.7232883934E-01
    3.4300100000E-01    9.9525236928E-01    6.7233231655E-01
    3.4400100000E-01    9.9518275732E-01    6.7233583469E-01
    3.4500100000E-01    9.9511233120E-01    6.7233939411E-01
    3.4600100000E-01    9.9504108379E-01    6.7234299518E-01
    3.4700100000E-01    9.9496900794E-01    6.7234663827E-01
    3.4800100000E-01    9.9489609644E-01    6.7235032374E-01
    3.4900100000E-01    9.9482234205E-01    6.7235405197E-01
    3.5000100000E-01    9.9474773747E-01    6.7235782333E-01
    3.5100100000E-01    9.9467227538E-01    6.7236163820E-01
    3.5200100000E-01    9.9459594841E-01    6.7236549695E-01
    3.5300100000E-01    9.9451874915E-01    6.7236939996E-01
    3.5400100000E-01    9.9444067013E-01    6.7237334762E-01
    3.5500100000E-01    9.9436170387E-01    6.7237734032E-01
    3.5600100000E-01    9.9428184281E-01    6.7238137843E-01
    3.5700100000E-01    9.9420107939E-01    6.7238546235E-01
    3.5800100000E-01    9.9411940597E-01    6.7238959248E-01
    3.5900100000E-01    9.9403681488E-01    6.7239376919E-01
    3.6000100000E-01    9.9395329842E-01    6.7239799290E-01
    3.6100100000E-01    9.9386884882E-01    6.7240226400E-01
    3.6200100000E-01    9.9378345830E-01    6.7240658289E-01
    3.6300100000E-01    9.9369711901E-01    6.7241094997E-01
    3.6400100000E-01    9.9360982306E-01    6.7241536565E-01
    3.6500100000E-01    9.9352156253E-01    6.7241983034E-01
    3.6600100000E-01    9.9343232944E-01    6.7242434444E-01
    3.6700100000E-01    9.9334211579E-01    6.7242890838E-01
    3.6800100000E-01    9.9325091350E-01    6.7243352257E-01
    3.6900100000E-01    9.9315871449E-01    6.7243818741E-01
    3.7000100000E-01    9.9306551059E-01    6.7244290334E-01
    3.7100100000E-01    9.9297129362E-01    6.7244767078E-01
    3.7200100000E-01    9.9287605535E-01    6.7245249015E-01
    3.7300100000E-01    9.9277978748E-01    6.7245736187E-01
    3.7400100000E-01    9.9268248170E-01    6.7246228639E-01
    3.7500100000E-01    9.9258412964E-01    6.7246726412E-01
    3.7600100000E-01    9.9248472287E-01    6.7247229551E-01
    3.7700100000E-01    9.9238425295E-01    6.7247738099E-01
    3.7800100000E-01    9.9228271136E-01    6.7248252100E-01
    3.7900100000E-01    9.9218008956E-01    6.7248771598E-01
    3.8000100000E-01    9.9207637894E-01    6.7249296638E-01
    3.8100100000E-01    9.9197157087E-01    6.7249827265E-01
    3.8200100000E-01    9.9186565667E-01    6.7250363523E-01
    3.8300100000E-01    9.9175862759E-01    6.7250905457E-01
    3.8400100000E-01    9.9165047486E-01    6.7251453114E-01
    3.8500100000E-01    9.9154118966E-01    6.7252006538E-01
    3.8600100000E-01    9.9143076311E-01    6.7252565777E-01
    3.8700100000E-01    9.9131918629E-01    6.7253130875E-01
    3.8800100000E-01    9.9120645026E-01    6.7253701879E-01
    3.8900100000E-01    9.9109254599E-01    6.7254278837E-01
    3.9000100000E-01    9.9097746443E-01    6.7254861795E-01
    3.9100100000E-01    9.9086119647E-01    6.7255450800E-01
    3.9200100000E-01    9.9074373298E-01    6.7256045900E-01
    3.9300100000E-01    9.9062506474E-01    6.7256647143E-01
    3.9400100000E-01    9.9050518252E-01    6.7257254577E-01
    3.9500100000E-01    9.9038407703E-01    6.7257868250E-01
    3.9600100000E-01    9.9026173893E-01    6.7258488210E-01
    3.9700100000E-01    9.9013815883E-01    6.7259114507E-01
    3.9800100000E-01    9.9001332731E-01    6.7259747190E-01
    3.9900100000E-01    9.8988723487E-01    6.7260386307E-01
    4.0000100000E-01    9.8975987200E-01    6.7261031910E-01
    4.0100100000E-01    9.8963122911E-01    6.7261684046E-01
    4.0200100000E-01    9.8950129659E-01    6.7262342767E-01
    4.0300100000E-01    9.8937006475E-01    6.7263008124E-01
    4.0400100000E-01    9.8923752389E-01    6.7263680166E-01
    4.0500100000E-01    9.8910366423E-01    6.7264358946E-01
    4.0600100000E-01    9.8896847595E-01    6.7265044513E-01
    4.0700100000E-01    9.8883194918E-01    6.7265736920E-01
    4.0800100000E-01    9.8869407402E-01    6.7266436219E-01
    4.0900100000E-01    9.8855484050E-01    6.7267142461E-01
    4.1000100000E-01    9.8841423861E-01    6.7267855699E-01
    4.1100100000E-01    9.8827225828E-01    6.7268575986E-01
    4.1200100000E-01    9.8812888941E-01    6.7269303375E-01
    4.1300100000E-01    9.8798412184E-01    6.7270037919E-01
    4.1400100000E-01    9.8783794535E-01    6.7270779671E-01
    4.1500100000E-01    9.8769034968E-01    6.7271528685E-01
    4.1600100000E-01    9.8754132454E-01    6.7272285016E-01
    4.1700100000E-01    9.8739085955E-01    6.7273048717E-01
    4.1800100000E-01    9.8723894432E-01    6.7273819844E-01
    4.1900100000E-01    9.8708556837E-01    6.7274598451E-01
    4.2000100000E-01    9.8693072121E-01    6.7275384594E-01
    4.2100100000E-01    9.8677439228E-01    6.7276178327E-01
    4.2200100000E-01    9.8661657096E-01    6.7276979708E-01
    4.2300100000E-01    9.8645724660E-01    6.7277788792E-01
    4.2400100000E-01    9.8629640849E-01    6.7278605635E-01
    4.2500100000E-01    9.8613404586E-01    6.7279430295E-01
    4.2600100000E-01    9.8597014790E-01    6.7280262828E-01
    4.2700100000E-01    9.8580470375E-01    6.7281103291E-01
    4.2800100000E-01    9.8563770249E-01    6.7281951743E-01
    4.2900100000E-01    9.8546913317E-01    6.7282808241E-01
    4.3000100000E-01    9.8529898476E-01    6.7283672843E-01
    4.3100100000E-01    9.8512724619E-01    6.7284545608E-01
    4.3200100000E-01    9.8495390635E-01    6.7285426595E-01
    4.3300100000E-01    9.8477895406E-01    6.7286315863E-01
    4.3400100000E-01    9.8460237810E-01    6.7287213471E-01
    4.3500100000E-01    9.8442416720E-01    6.7288119479E-01
    4.3600100000E-01    9.8424431002E-01    6.7289033947E-01
    4.3700100000E-01    9.8406279519E-01    6.7289956936E-01
    4.3800100000E-01    9.8387961127E-01    6.7290888506E-01
    4.3900100000E-01    9.8369474679E-01    6.7291828718E-01
    4.4000100000E-01    9.8350819019E-01    6.7292777634E-01
    4.4100100000E-01    9.8331992991E-01    6.7293735315E-01
    4.4200100000E-01    9.8312995428E-01    6.7294701824E-01
    4.4300100000E-01    9.8293825162E-01    6.7295677221E-01
    4.4400100000E-01    9.8274481018E-01    6.7296661571E-01
    4.4500100000E-01    9.8254961815E-01    6.7297654936E-01
    4.4600100000E-01    9.8235266369E-01    6.7298657380E-01
    4.4700100000E-01    9.8215393487E-01    6.7299668965E-01
    4.4800100000E-01    9.8195341975E-01    6.7300689755E-01
    4.4900100000E-01    9.8175110631E-01    6.7301719816E-01
    4.5000100000E-01    9.8154698247E-01    6.7302759212E-01
    4.5100100000E-01    9.8134103611E-01    6.7303808006E-01
    4.5200100000E-01    9.8113325506E-01    6.7304866266E-01
    4.5300100000E-01    9.8092362709E-01    6.7305934056E-01
    4.5400100000E-01    9.8071213990E-01    6.7307011441E-01
    4.5500100000E-01    9.8049878117E-01    6.7308098490E-01
    4.5600100000E-01    9.8028353849E-01    6.7309195267E-01
    4.5700100000E-01    9.8006639942E-01    6.7310301840E-01
    4.5800100000E-01    9.7984735145E-01    6.7311418276E-01
    4.5900100000E-01    9.7962638202E-01    6.7312544643E-01
    4.6000100000E-01    9.7940347853E-01    6.7313681008E-01
    4.6100100000E-01    9.7917862829E-01    6.7314827440E-01
    4.6200100000E-01    9.7895181860E-01    6.7315984008E-01
    4.6300100000E-01    9.7872303667E-01    6.7317150781E-01
    4.6400100000E-01    9.7849226966E-01    6.7318327827E-01
    4.6500100000E-01    9.7825950469E-01    6.7319515217E-01
    4.6600100000E-01    9.7802472881E-01    6.7320713020E-01
    4.6700100000E-01    9.7778792902E-01    6.7321921307E-01
    4.6800100000E-01    9.7754909226E-01    6.7323140150E-01
    4.6900100000E-01    9.7730820541E-01    6.7324369617E-01
    4.7000100000E-01    9.7706525531E-01    6.7325609783E-01
    4.7100100000E-01    9.7682022874E-01    6.7326860717E-01
    4.7200100000E-01    9.7657311241E-01    6.7328122493E-01
    4.7300100000E-01    9.7632389297E-01    6.7329395182E-01
    4.7400100000E-01    9.7607255704E-01    6.7330678859E-01
    4.7500100000E-01    9.7581909117E-01    6.7331973595E-01
    4.7600100000E-01    9.7556348184E-01    6.7333279466E-01
    4.7700100000E-01    9.7530571549E-01    6.7334596544E-01
    4.7800100000E-01    9.7504577849E-01    6.7335924904E-01
    4.7900100000E-01    9.7478365716E-01    6.7337264621E-01
    4.8000100000E-01    9.7451933778E-01    6.7338615771E-01
    4.8100100000E-01    9.7425280653E-01    6.7339978428E-01
    4.8200100000E-01    9.7398404958E-01    6.7341352669E-01
    4.8300100000E-01    9.7371305300E-01    6.7342738570E-01
    4.8400100000E-01    9.7343980283E-01    6.7344136207E-01
    4.8500100000E-01    9.7316428504E-01    6.7345545658E-01
    4.8600100000E-01    9.7288648555E-01    6.7346967000E-01
    4.8700100000E-01    9.7260639022E-01    6.7348400311E-01
    4.8800100000E-01    9.7232398484E-01    6.7349845670E-01
    4.8900100000E-01    9.7203925516E-01    6.7351303154E-01
    4.9000100000E-01    9.7175218686E-01    6.7352772843E-01
    4.9100100000E-01    9.7146276556E-01    6.7354254817E-01
    4.9200100000E-01    9.7117097682E-01    6.7355749155E-01
    4.9300100000E-01    9.7087680615E-01    6.7357255937E-01
    4.9400100000E-01    9.7058023900E-01    6.7358775244E-01
    4.9500100000E-01    9.7028126075E-01    6.7360307157E-01
    4.9600100000E-01    9.6997985674E-01    6.7361851758E-01
    4.9700100000E-01    9.6967601223E-01    6.7363409128E-01
    4.9800100000E-01    9.6936971243E-01    6.7364979349E-01
    4.9900100000E-01    9.6906094249E-01    6.7366562505E-01
    5.0000100000E-01    9.6874968750E-01    6.7368158678E-01
    5.0100100000E-01    9.6843593249E-01    6.7369767952E-01
    5.0200100000E-01    9.6811966243E-01    6.7371390411E-01
    5.0300100000E-01    9.6780086223E-01    6.7373026140E-01
    5.0400100000E-01    9.6747951674E-01    6.7374675222E-01
    5.0500100000E-01    9.6715561074E-01    6.7376337743E-01
    5.0600100000E-01    9.6682912898E-01    6.7378013789E-01
    5.0700100000E-01    9.6650005611E-01    6.7379703445E-01
    5.0800100000E-01    9.6616837674E-01    6.7381406800E-01
    5.0900100000E-01    9.6583407542E-01    6.7383123938E-01
    5.1000100000E-01    9.6549713664E-01    6.7384854948E-01
    5.1100100000E-01    9.6515754481E-01    6.7386599917E-01
    5.1200100000E-01    9.6481528431E-01    6.7388358933E-01
    5.1300100000E-01    9.6447033944E-01    6.7390132086E-01
    5.1400100000E-01    9.6412269442E-01    6.7391919465E-01
    5.1500100000E-01    9.6377233346E-01    6.7393721158E-01
    5.1600100000E-01    9.6341924065E-01    6.7395537257E-01
    5.1700100000E-01    9.6306340006E-01    6.7397367850E-01
    5.1800100000E-01    9.6270479568E-01    6.7399213031E-01
    5.1900100000E-01    9.6234341144E-01    6.7401072889E-01
    5.2000100000E-01    9.6197923122E-01    6.7402947516E-01
    5.2100100000E-01    9.6161223881E-01    6.7404837006E-01
    5.2200100000E-01    9.6124241797E-01    6.7406741450E-01
    5.2300100000E-01    9.6086975237E-01    6.7408660942E-01
    5.2400100000E-01    9.6049422564E-01    6.7410595576E-01
    5.2500100000E-01    9.6011582132E-01    6.7412545445E-01
    5.2600100000E-01    9.5973452293E-01    6.7414510646E-01
    5.2700100000E-01    9.5935031388E-01    6.7416491271E-01
    5.2800100000E-01    9.5896317755E-01    6.7418487418E-01
    5.2900100000E-01    9.5857309723E-01    6.7420499182E-01
    5.3000100000E-01    9.5818005617E-01    6.7422526660E-01
    5.3100100000E-01    9.5778403756E-01    6.7424569949E-01
    5.3200100000E-01    9.5738502449E-01    6.7426629147E-01
    5.3300100000E-01    9.5698300003E-01    6.7428704351E-01
    5.3400100000E-01    9.5657794715E-01    6.7430795660E-01
    5.3500100000E-01    9.5616984879E-01    6.7432903173E-01
    5.3600100000E-01    9.5575868780E-01    6.7435026990E-01
    5.3700100000E-01    9.5534444697E-01    6.7437167211E-01
    5.3800100000E-01    9.5492710903E-01    6.7439323936E-01
    5.3900100000E-01    9.5450665666E-01    6.7441497266E-01
    5.4000100000E-01    9.5408307245E-01    6.7443687303E-01
    5.4100100000E-01    9.5365633893E-01    6.7445894149E-01
    5.4200100000E-01    9.5322643858E-01    6.7448117906E-01
    5.4300100000E-01    9.5279335381E-01    6.7450358678E-01
    5.4400100000E-01    9.5235706695E-01    6.7452616569E-01
    5.4500100000E-01    9.5191756029E-01    6.7454891682E-01
    5.4600100000E-01    9.5147481603E-01    6.7457184122E-01
    5.4700100000E-01    9.5102881632E-01    6.7459493995E-01
    5.4800100000E-01    9.5057954324E-01    6.7461821405E-01
    5.4900100000E-01    9.5012697881E-01    6.7464166461E-01
    5.5000100000E-01    9.4967110497E-01    6.7466529268E-01
    5.5100100000E-01    9.4921190360E-01    6.7468909933E-01
    5.5200100000E-01    9.4874935653E-01    6.7471308565E-01
    5.5300100000E-01    9.4828344550E-01    6.7473725273E-01
    5.5400100000E-01    9.4781415221E-01    6.7476160164E-01
    5.5500100000E-01    9.4734145825E-01    6.7478613350E-01
    5.5600100000E-01    9.4686534520E-01    6.7481084939E-01
    5.5700100000E-01    9.4638579453E-01    6.7483575043E-01
    5.5800100000E-01    9.4590278766E-01    6.7486083774E-01
    5.5900100000E-01    9.4541630595E-01    6.7488611242E-01
    5.6000100000E-01    9.4492633067E-01    6.7491157560E-01
    5.6100100000E-01    9.4443284305E-01    6.7493722842E-01
    5.6200100000E-01    9.4393582424E-01    6.7496307201E-01
    5.6300100000E-01    9.4343525531E-01    6.7498910751E-01
    5.6400100000E-01    9.4293111729E-01    6.7501533607E-01
    5.6500100000E-01    9.4242339112E-01    6.7504175885E-01
    5.6600100000E-01    9.4191205769E-01    6.7506837699E-01
    5.6700100000E-01    9.4139709779E-01    6.7509519168E-01
    5.6800100000E-01    9.4087849219E-01    6.7512220407E-01
    5.6900100000E-01    9.4035622156E-01    6.7514941536E-01
    5.7000100000E-01    9.3983026650E-01    6.7517682671E-01
    5.7100100000E-01    9.3930060755E-01    6.7520443932E-01
    5.7200100000E-01    9.3876722519E-01    6.7523225440E-01
    5.7300100000E-01    9.3823009982E-01    6.7526027313E-01
    5.7400100000E-01    9.3768921178E-01    6.7528849673E-01
    5.7500100000E-01    9.3714454132E-01    6.7531692641E-01
    5.7600100000E-01    9.3659606866E-01    6.7534556340E-01
    5.7700100000E-01    9.3604377390E-01    6.7537440892E-01
    5.7800100000E-01    9.3548763712E-01    6.7540346421E-01
    5.7900100000E-01    9.3492763831E-01    6.7543273050E-01
    5.8000100000E-01    9.3436375737E-01    6.7546220904E-01
    5.8100100000E-01    9.3379597417E-01    6.7549190109E-01
    5.8200100000E-01    9.3322426849E-01    6.7552180791E-01
    5.8300100000E-01    9.3264862003E-01    6.7555193076E-01
    5.8400100000E-01    9.3206900844E-01    6.7558227092E-01
    5.8500100000E-01    9.3148541329E-01    6.7561282966E-01
    5.8600100000E-01    9.3089781408E-01    6.7564360828E-01
    5.8700100000E-01    9.3030619025E-01    6.7567460806E-01
    5.8800100000E-01    9.2971052114E-01    6.7570583031E-01
    5.8900100000E-01    9.2911078607E-01    6.7573727633E-01
    5.9000100000E-01    9.2850696423E-01    6.7576894744E-01
    5.9100100000E-01    9.2789903479E-01    6.7580084496E-01
    5.9200100000E-01    9.2728697682E-01    6.7583297021E-01
    5.9300100000E-01    9.2667076933E-01    6.7586532454E-01
    5.9400100000E-01    9.2605039125E-01    6.7589790928E-01
    5.9500100000E-01    9.2542582146E-01    6.7593072578E-01
    5.9600100000E-01    9.2479703874E-01    6.7596377540E-01
    5.9700100000E-01    9.2416402182E-01    6.7599705951E-01
    5.9800100000E-01    9.2352674935E-01    6.7603057947E-01
    5.9900100000E-01    9.2288519990E-01    6.7606433666E-01
    6.0000100000E-01    9.2223935200E-01    6.7609833247E-01
    6.0100100000E-01    9.2158918406E-01    6.7613256830E-01
    6.0200100000E-01    9.2093467447E-01    6.7616704553E-01
    6.0300100000E-01    9.2027580150E-01    6.7620176559E-01
    6.0400100000E-01    9.1961254338E-01    6.7623672988E-01
    6.0500100000E-01    9.1894487825E-01    6.7627193983E-01
    6.0600100000E-01    9.1827278419E-01    6.7630739687E-01
    6.0700100000E-01    9.1759623920E-01    6.7634310244E-01
    6.0800100000E-01    9.1691522122E-01    6.7637905798E-01
    6.0900100000E-01    9.1622970809E-01    6.7641526496E-01
    6.1000100000E-01    9.1553967761E-01    6.7645172482E-01
    6.1100100000E-01    9.1484510747E-01    6.7648843905E-01
    6.1200100000E-01    9.1414597532E-01    6.7652540912E-01
    6.1300100000E-01    9.1344225873E-01    6.7656263652E-01
    6.1400100000E-01    9.1273393518E-01    6.7660012274E-01
    6.1500100000E-01    9.1202098209E-01    6.7663786929E-01
    6.1600100000E-01    9.1130337681E-01    6.7667587766E-01
    6.1700100000E-01    9.1058109659E-01    6.7671414940E-01
    6.1800100000E-01    9.0985411865E-01    6.7675268601E-01
    6.1900100000E-01    9.0912242010E-01    6.7679148904E-01
    6.2000100000E-01    9.0838597798E-01    6.7683056003E-01
    6.2100100000E-01    9.0764476928E-01    6.7686990054E-01
    6.2200100000E-01    9.0689877088E-01    6.7690951212E-01
    6.2300100000E-01    9.0614795962E-01    6.7694939635E-01
    6.2400100000E-01    9.0539231224E-01    6.7698955481E-01
    6.2500100000E-01    9.0463180542E-01    6.7702998907E-01
    6.2600100000E-01    9.0386641575E-01    6.7707070075E-01
    6.2700100000E-01    9.0309611977E-01    6.7711169144E-01
    6.2800100000E-01    9.0232089393E-01    6.7715296275E-01
    6.2900100000E-01    9.0154071458E-01    6.7719451632E-01
    6.3000100000E-01    9.0075555805E-01    6.7723635377E-01
    6.3100100000E-01    8.9996540054E-01    6.7727847675E-01
    6.3200100000E-01    8.9917021822E-01    6.7732088690E-01
    6.3300100000E-01    8.9836998714E-01    6.7736358588E-01
    6.3400100000E-01    8.9756468331E-01    6.7740657538E-01
    6.3500100000E-01    8.9675428265E-01    6.7744985705E-01
    6.3600100000E-01    8.9593876100E-01    6.7749343260E-01
    6.3700100000E-01    8.9511809413E-01    6.7753730372E-01
    6.3800100000E-01    8.9429225773E-01    6.7758147211E-01
    6.3900100000E-01    8.9346122742E-01    6.7762593950E-01
    6.4000100000E-01    8.9262497874E-01    6.7767070761E-01
    6.4100100000E-01    8.9178348714E-01    6.7771577817E-01
    6.4200100000E-01    8.9093672802E-01    6.7776115294E-01
    6.4300100000E-01    8.9008467669E-01    6.7780683368E-01
    6.4400100000E-01    8.8922730836E-01    6.7785282214E-01
    6.4500100000E-01    8.8836459821E-01    6.7789912010E-01
    6.4600100000E-01    8.8749652130E-01    6.7794572936E-01
    6.4700100000E-01    8.8662305264E-01    6.7799265170E-01
    6.4800100000E-01    8.8574416715E-01    6.7803988894E-01
    6.4900100000E-01    8.8485983967E-01    6.7808744290E-01
    6.5000100000E-01    8.8397004497E-01    6.7813531540E-01
    6.5100100000E-01    8.8307475773E-01    6.7818350828E-01
    6.5200100000E-01    8.8217395258E-01    6.7823202340E-01
    6.5300100000E-01    8.8126760404E-01    6.7828086261E-01
    6.5400100000E-01    8.8035568656E-01    6.7833002778E-01
    6.5500100000E-01    8.7943817453E-01    6.7837952081E-01
    6.5600100000E-01    8.7851504223E-01    6.7842934357E-01
    6.5700100000E-01    8.7758626390E-01    6.7847949799E-01
    6.5800100000E-01    8.7665181366E-01    6.7852998596E-01
    6.5900100000E-01    8.7571166559E-01    6.7858080943E-01
    6.6000100000E-01    8.7476579366E-01    6.7863197032E-01
    6.6100100000E-01    8.7381417178E-01    6.7868347060E-01
    6.6200100000E-01    8.7285677377E-01    6.7873531221E-01
    6.6300100000E-01    8.7189357337E-01    6.7878749714E-01
    6.6400100000E-01    8.7092454426E-01    6.7884002737E-01
    6.6500100000E-01    8.6994966002E-01    6.7889290489E-01
    6.6600100000E-01    8.6896889415E-01    6.7894613172E-01
    6.6700100000E-01    8.6798222008E-01    6.7899970987E-01
    6.6800100000E-01    8.6698961116E-01    6.7905364138E-01
    6.6900100000E-01    8.6599104065E-01    6.7910792830E-01
    6.7000100000E-01    8.6498648174E-01    6.7916257267E-01
    6.7100100000E-01    8.6397590754E-01    6.7921757658E-01
    6.7200100000E-01    8.6295929107E-01    6.7927294211E-01
    6.7300100000E-01    8.6193660528E-01    6.7932867134E-01
    6.7400100000E-01    8.6090782303E-01    6.7938476639E-01
    6.7500100000E-01    8.5987291710E-01    6.7944122937E-01
    6.7600100000E-01    8.5883186021E-01    6.7949806243E-01
    6.7700100000E-01    8.5778462496E-01    6.7955526770E-01
    6.7800100000E-01    8.5673118391E-01    6.7961284735E-01
    6.7900100000E-01    8.5567150950E-01    6.7967080355E-01
    6.8000100000E-01    8.5460557413E-01    6.7972913849E-01
    6.8100100000E-01    8.5353335008E-01    6.7978785437E-01
    6.8200100000E-01    8.5245480957E-01    6.7984695339E-01
    6.8300100000E-01    8.5136992473E-01    6.7990643779E-01
    6.8400100000E-01    8.5027866762E-01    6.7996630981E-01
    6.8500100000E-01    8.4918101021E-01    6.8002657170E-01
    6.8600100000E-01    8.4807692438E-01    6.8008722573E-01
    6.8700100000E-01    8.4696638193E-01    6.8014827418E-01
    6.8800100000E-01    8.4584935460E-01    6.8020971936E-01
    6.8900100000E-01    8.4472581401E-01    6.8027156357E-01
    6.9000100000E-01    8.4359573174E-01    6.8033380914E-01
    6.9100100000E-01    8.4245907925E-01    6.8039645841E-01
    6.9200100000E-01    8.4131582794E-01    6.8045951373E-01
    6.9300100000E-01    8.4016594911E-01    6.8052297748E-01
    6.9400100000E-01    8.3900941400E-01    6.8058685204E-01
    6.9500100000E-01    8.3784619375E-01    6.8065113981E-01
    6.9600100000E-01    8.3667625941E-01    6.8071584321E-01
    6.9700100000E-01    8.3549958196E-01    6.8078096467E-01
    6.9800100000E-01    8.3431613230E-01    6.8084650664E-01
    6.9900100000E-01    8.3312588124E-01    6.8091247157E-01
    7.0000100000E-01    8.3192879950E-01    6.8097886195E-01
    7.0100100000E-01    8.3072485772E-01    6.8104568027E-01
    7.0200100000E-01    8.2951402646E-01    6.8111292904E-01
    7.0300100000E-01    8.2829627620E-01    6.8118061079E-01
    7.0400100000E-01    8.2707157732E-01    6.8124872806E-01
    7.0500100000E-01    8.2583990014E-01    6.8131728340E-01
    7.0600100000E-01    8.2460121486E-01    6.8138627941E-01
    7.0700100000E-01    8.2335549163E-01    6.8145571866E-01
    7.0800100000E-01    8.2210270050E-01    6.8152560377E-01
    7.0900100000E-01    8.2084281143E-01    6.8159593736E-01
    7.1000100000E-01    8.1957579431E-01    6.8166672209E-01
    7.1100100000E-01    8.1830161893E-01    6.8173796060E-01
    7.1200100000E-01    8.1702025501E-01    6.8180965559E-01
    7.1300100000E-01    8.1573167217E-01    6.8188180974E-01
    7.1400100000E-01    8.1443583994E-01    6.8195442577E-01
    7.1500100000E-01    8.1313272779E-01    6.8202750642E-01
    7.1600100000E-01    8.1182230509E-01    6.8210105443E-01
    7.1700100000E-01    8.1050454112E-01    6.8217507257E-01
    7.1800100000E-01    8.0917940507E-01    6.8224956364E-01
    7.1900100000E-01    8.0784686605E-01    6.8232453043E-01
    7.2000100000E-01    8.0650689310E-01    6.8239997578E-01
    7.2100100000E-01    8.0515945516E-01    6.8247590252E-01
    7.2200100000E-01    8.0380452106E-01    6.8255231353E-01
    7.2300100000E-01    8.0244205959E-01    6.8262921168E-01
    7.2400100000E-01    8.0107203942E-01    6.8270659988E-01
    7.2500100000E-01    7.9969442913E-01    6.8278448104E-01
    7.2600100000E-01    7.9830919725E-01    6.8286285812E-01
    7.2700100000E-01    7.9691631219E-01    6.8294173407E-01
    7.2800100000E-01    7.9551574227E-01    6.8302111188E-01
    7.2900100000E-01    7.9410745575E-01    6.8310099454E-01
    7.3000100000E-01    7.9269142078E-01    6.8318138509E-01
    7.3100100000E-01    7.9126760544E-01    6.8326228657E-01
    7.3200100000E-01    7.8983597769E-01    6.8334370204E-01
    7.3300100000E-01    7.8839650544E-01    6.8342563459E-01
    7.3400100000E-01    7.8694915649E-01    6.8350808732E-01
    7.3500100000E-01    7.8549389857E-01    6.8359106338E-01
    7.3600100000E-01    7.8403069930E-01    6.8367456590E-01
    7.3700100000E-01    7.8255952623E-01    6.8375859807E-01
    7.3800100000E-01    7.8108034680E-01    6.8384316308E-01
    7.3900100000E-01    7.7959312839E-01    6.8392826415E-01
    7.4000100000E-01    7.7809783827E-01    6.8401390452E-01
    7.4100100000E-01    7.7659444363E-01    6.8410008745E-01
    7.4200100000E-01    7.7508291157E-01    6.8418681624E-01
    7.4300100000E-01    7.7356320909E-01    6.8427409419E-01
    7.4400100000E-01    7.7203530313E-01    6.8436192464E-01
    7.4500100000E-01    7.7049916052E-01    6.8445031094E-01
    7.4600100000E-01    7.6895474799E-01    6.8453925649E-01
    7.4700100000E-01    7.6740203220E-01    6.8462876468E-01
    7.4800100000E-01    7.6584097971E-01    6.8471883894E-01
    7.4900100000E-01    7.6427155701E-01    6.8480948274E-01
    7.5000100000E-01    7.6269373046E-01    6.8490069955E-01
    7.5100100000E-01    7.6110746638E-01    6.8499249289E-01
    7.5200100000E-01    7.5951273096E-01    6.8508486627E-01
    7.5300100000E-01    7.5790949032E-01    6.8517782326E-01
    7.5400100000E-01    7.5629771048E-01    6.8527136745E-01
    7.5500100000E-01    7.5467735738E-01    6.8536550244E-01
    7.5600100000E-01    7.5304839686E-01    6.8546023187E-01
    7.5700100000E-01    7.5141079467E-01    6.8555555940E-01
    7.5800100000E-01    7.4976451648E-01    6.8565148872E-01
    7.5900100000E-01    7.4810952786E-01    6.8574802355E-01
    7.6000100000E-01    7.4644579429E-01    6.8584516764E-01
    7.6100100000E-01    7.4477328115E-01    6.8594292475E-01
    7.6200100000E-01    7.4309195375E-01    6.8604129869E-01
    7.6300100000E-01    7.4140177729E-01    6.8614029329E-01
    7.6400100000E-01    7.3970271689E-01    6.8623991241E-01
    7.6500100000E-01    7.3799473758E-01    6.8634015994E-01
    7.6600100000E-01    7.3627780427E-01    6.8644103978E-01
    7.6700100000E-01    7.3455188183E-01    6.8654255589E-01
    7.6800100000E-01    7.3281693498E-01    6.8664471224E-01
    7.6900100000E-01    7.3107292840E-01    6.8674751285E-01
    7.7000100000E-01    7.2931982664E-01    6.8685096174E-01
    7.7100100000E-01    7.2755759418E-01    6.8695506298E-01
    7.7200100000E-01    7.2578619540E-01    6.8705982068E-01
    7.7300100000E-01    7.2400559458E-01    6.8716523897E-01
    7.7400100000E-01    7.2221575591E-01    6.8727132200E-01
    7.7500100000E-01    7.2041664351E-01    6.8737807397E-01
    7.7600100000E-01    7.1860822137E-01    6.8748549911E-01
    7.7700100000E-01    7.1679045342E-01    6.8759360167E-01
    7.7800100000E-01    7.1496330348E-01    6.8770238596E-01
    7.7900100000E-01    7.1312673528E-01    6.8781185630E-01
    7.8000100000E-01    7.1128071244E-01    6.8792201704E-01
    7.8100100000E-01    7.0942519853E-01    6.8803287259E-01
    7.8200100000E-01    7.0756015697E-01    6.8814442737E-01
    7.8300100000E-01    7.0568555114E-01    6.8825668585E-01
    7.8400100000E-01    7.0380134429E-01    6.8836965252E-01
    7.8500100000E-01    7.0190749959E-01    6.8848333192E-01
    7.8600100000E-01    7.0000398011E-01    6.8859772863E-01
    7.8700100000E-01    6.9809074883E-01    6.8871284725E-01
    7.8800100000E-01    6.9616776864E-01    6.8882869242E-01
    7.8900100000E-01    6.9423500233E-01    6.8894526883E-01
    7.9000100000E-01    6.9229241259E-01    6.8906258120E-01
    7.9100100000E-01    6.9033996203E-01    6.8918063428E-01
    7.9200100000E-01    6.8837761314E-01    6.8929943288E-01
    7.9300100000E-01    6.8640532835E-01    6.8941898182E-01
    7.9400100000E-01    6.8442306997E-01    6.8953928598E-01
    7.9500100000E-01    6.8243080022E-01    6.8966035028E-01
    7.9600100000E-01    6.8042848123E-01    6.8978217968E-01
    7.9700100000E-01    6.7841607502E-01    6.8990477915E-01
    7.9800100000E-01    6.7639354353E-01    6.9002815375E-01
    7.9900100000E-01    6.7436084861E-01    6.9015230855E-01
    8.0000100000E-01    6.7231795199E-01    6.9027724867E-01
    8.0100100000E-01    6.7026481533E-01    6.9040297928E-01
    8.0200100000E-01    6.6820140017E-01    6.9052950557E-01
    8.0300100000E-01    6.6612766798E-01    6.9065683281E-01
    8.0400100000E-01    6.6404358010E-01    6.9078496627E-01
    8.0500100000E-01    6.6194909781E-01    6.9091391130E-01
    8.0600100000E-01    6.5984418227E-01    6.9104367328E-01
    8.0700100000E-01    6.5772879455E-01    6.9117425764E-01
    8.0800100000E-01    6.5560289562E-01    6.9130566985E-01
    8.0900100000E-01    6.5346644636E-01    6.9143791543E-01
    8.1000100000E-01    6.5131940756E-01    6.9157099996E-01
    8.1100100000E-01    6.4916173989E-01    6.9170492904E-01
    8.1200100000E-01    6.4699340393E-01    6.9183970833E-01
    8.1300100000E-01    6.4481436018E-01    6.9197534355E-01
    8.1400100000E-01    6.4262456903E-01    6.9211184047E-01
    8.1500100000E-01    6.4042399076E-01    6.9224920488E-01
    8.1600100000E-01    6.3821258558E-01    6.9238744265E-01
    8.1700100000E-01    6.3599031358E-01    6.9252655969E-01
    8.1800100000E-01    6.3375713477E-01    6.9266656198E-01
    8.1900100000E-01    6.3151300903E-01    6.9280745551E-01
    8.2000100000E-01    6.2925789619E-01    6.9294924636E-01
    8.2100100000E-01    6.2699175593E-01    6.9309194065E-01
    8.2200100000E-01    6.2471454787E-01    6.9323554456E-01
    8.2300100000E-01    6.2242623152E-01    6.9338006431E-01
    8.2400100000E-01    6.2012676629E-01    6.9352550620E-01
    8.2500100000E-01    6.1781611148E-01    6.9367187656E-01
    8.2600100000E-01    6.1549422631E-01    6.9381918179E-01
    8.2700100000E-01    6.1316106989E-01    6.9396742834E-01
    8.2800100000E-01    6.1081660123E-01    6.9411662274E-01
    8.2900100000E-01    6.0846077926E-01    6.9426677155E-01
    8.3000100000E-01    6.0609356278E-01    6.9441788140E-01
    8.3100100000E-01    6.0371491051E-01    6.9456995898E-01
    8.3200100000E-01    6.0132478107E-01    6.9472301105E-01
    8.3300100000E-01    5.9892313297E-01    6.9487704442E-01
    8.3400100000E-01    5.9650992462E-01    6.9503206596E-01
    8.3500100000E-01    5.9408511436E-01    6.9518808262E-01
    8.3600100000E-01    5.9164866039E-01    6.9534510139E-01
    8.3700100000E-01    5.8920052082E-01    6.9550312934E-01
    8.3800100000E-01    5.8674065368E-01    6.9566217362E-01
    8.3900100000E-01    5.8426901688E-01    6.9582224140E-01
    8.4000100000E-01    5.8178556824E-01    6.9598333997E-01
    8.4100100000E-01    5.7929026546E-01    6.9614547665E-01
    8.4200100000E-01    5.7678306617E-01    6.9630865885E-01
    8.4300100000E-01    5.7426392787E-01    6.9647289404E-01
    8.4400100000E-01    5.7173280798E-01    6.9663818976E-01
    8.4500100000E-01    5.6918966381E-01    6.9680455362E-01
    8.4600100000E-01    5.6663445256E-01    6.9697199332E-01
    8.4700100000E-01    5.6406713135E-01    6.9714051660E-01
    8.4800100000E-01    5.6148765717E-01    6.9731013130E-01
    8.4900100000E-01    5.5889598694E-01    6.9748084533E-01
    8.5000100000E-01    5.5629207746E-01    6.9765266668E-01
    8.5100100000E-01    5.5367588543E-01    6.9782560340E-01
    8.5200100000E-01    5.5104736744E-01    6.9799966363E-01
    8.5300100000E-01    5.4840648000E-01    6.9817485560E-01
    8.5400100000E-01    5.4575317950E-01    6.9835118759E-01
    8.5500100000E-01    5.4308742222E-01    6.9852866798E-01
    8.5600100000E-01    5.4040916437E-01    6.9870730524E-01
    8.5700100000E-01    5.3771836202E-01    6.9888710791E-01
    8.5800100000E-01    5.3501497117E-01    6.9906808461E-01
    8.5900100000E-01    5.3229894768E-01    6.9925024406E-01
    8.6000100000E-01    5.2957024735E-01    6.9943359506E-01
    8.6100100000E-01    5.2682882585E-01    6.9961814649E-01
    8.6200100000E-01    5.2407463874E-01    6.9980390732E-01
    8.6300100000E-01    5.2130764151E-01    6.9999088663E-01
    8.6400100000E-01    5.1852778951E-01    7.0017909357E-01
    8.6500100000E-01    5.1573503800E-01    7.0036853737E-01
    8.6600100000E-01    5.1292934215E-01    7.0055922740E-01
    8.6700100000E-01    5.1011065700E-01    7.0075117307E-01
    8.6800100000E-01    5.0727893752E-01    7.0094438393E-01
    8.6900100000E-01    5.0443413854E-01    7.0113886960E-01
    8.7000100000E-01    5.0157621481E-01    7.0133463981E-01
    8.7100100000E-01    4.9870512096E-01    7.0153170438E-01
    8.7200100000E-01    4.9582081153E-01    7.0173007325E-01
    8.7300100000E-01    4.9292324095E-01    7.0192975644E-01
    8.7400100000E-01    4.9001236355E-01    7.0213076409E-01
    8.7500100000E-01    4.8708813354E-01    7.0233310643E-01
    8.7600100000E-01    4.8415050503E-01    7.0253679383E-01
    8.7700100000E-01    4.8119943205E-01    7.0274183673E-01
    8.7800100000E-01    4.7823486848E-01    7.0294824569E-01
    8.7900100000E-01    4.7525676814E-01    7.0315603139E-01
    8.8000100000E-01    4.7226508472E-01    7.0336520463E-01
    8.8100100000E-01    4.6925977180E-01    7.0357577630E-01
    8.8200100000E-01    4.6624078286E-01    7.0378775743E-01
    8.8300100000E-01    4.6320807129E-01    7.0400115916E-01
    8.8400100000E-01    4.6016159036E-01    7.0421599273E-01
    8.8500100000E-01    4.5710129323E-01    7.0443226953E-01
    8.8600100000E-01    4.5402713297E-01    7.0465000106E-01
    8.8700100000E-01    4.5093906251E-01    7.0486919894E-01
    8.8800100000E-01    4.4783703472E-01    7.0508987492E-01
    8.8900100000E-01    4.4472100233E-01    7.0531204089E-01
    8.9000100000E-01    4.4159091798E-01    7.0553570885E-01
    8.9100100000E-01    4.3844673419E-01    7.0576089095E-01
    8.9200100000E-01    4.3528840339E-01    7.0598759945E-01
    8.9300100000E-01    4.3211587788E-01    7.0621584678E-01
    8.9400100000E-01    4.2892910988E-01    7.0644564547E-01
    8.9500100000E-01    4.2572805148E-01    7.0667700821E-01
    8.9600100000E-01    4.2251265467E-01    7.0690994784E-01
    8.9700100000E-01    4.1928287135E-01    7.0714447732E-01
    8.9800100000E-01    4.1603865328E-01    7.0738060978E-01
    8.9900100000E-01    4.1277995214E-01    7.0761835848E-01
    9.0000100000E-01    4.0950671949E-01    7.0785773683E-01
    9.0100100000E-01    4.0621890678E-01    7.0809875841E-01
    9.0200100000E-01    4.0291646536E-01    7.0834143694E-01
    9.0300100000E-01    3.9959934647E-01    7.0858578630E-01
    9.0400100000E-01    3.9626750123E-01    7.0883182053E-01
    9.0500100000E-01    3.9292088067E-01    7.0907955384E-01
    9.0600100000E-01    3.8955943569E-01    7.0932900058E-01
    9.0700100000E-01    3.8618311711E-01    7.0958017529E-01
    9.0800100000E-01    3.8279187562E-01    7.0983309267E-01
    9.0900100000E-01    3.7938566181E-01    7.1008776760E-01
    9.1000100000E-01    3.7596442614E-01    7.1034421512E-01
    9.1100100000E-01    3.7252811900E-01    7.1060245046E-01
    9.1200100000E-01    3.6907669064E-01    7.1086248903E-01
    9.1300100000E-01    3.6561009121E-01    7.1112434640E-01
    9.1400100000E-01    3.6212827075E-01    7.1138803836E-01
    9.1500100000E-01    3.5863117919E-01    7.1165358086E-01
    9.1600100000E-01    3.5511876636E-01    7.1192099006E-01
    9.1700100000E-01    3.5159098196E-01    7.1219028230E-01
    9.1800100000E-01    3.4804777559E-01    7.1246147413E-01
    9.1900100000E-01    3.4448909676E-01    7.1273458230E-01
    9.2000100000E-01    3.4091489483E-01    7.1300962374E-01
    9.2100100000E-01    3.3732511908E-01    7.1328661562E-01
    9.2200100000E-01    3.3371971867E-01    7.1356557530E-01
    9.2300100000E-01    3.3009864266E-01    7.1384652036E-01
    9.2400100000E-01    3.2646183997E-01    7.1412946859E-01
    9.2500100000E-01    3.2280925944E-01    7.1441443802E-01
    9.2600100000E-01    3.1914084979E-01    7.1470144687E-01
    9.2700100000E-01    3.1545655963E-01    7.1499051363E-01
    9.2800100000E-01    3.1175633744E-01    7.1528165698E-01
    9.2900100000E-01    3.0804013162E-01    7.1557489587E-01
    9.3000100000E-01    3.0430789043E-01    7.1587024946E-01
    9.3100100000E-01    3.0055956205E-01    7.1616773717E-01
    9.3200100000E-01    2.9679509451E-01    7.1646737867E-01
    9.3300100000E-01    2.9301443576E-01    7.1676919387E-01
    9.3400100000E-01    2.8921753362E-01    7.1707320294E-01
    9.3500100000E-01    2.8540433581E-01    7.1737942631E-01
    9.3600100000E-01    2.8157478993E-01    7.1768788467E-01
    9.3700100000E-01    2.7772884348E-01    7.1799859899E-01
    9.3800100000E-01    2.7386644382E-01    7.1831159050E-01
    9.3900100000E-01    2.6998753822E-01    7.1862688070E-01
    9.4000100000E-01    2.6609207385E-01    7.1894449140E-01
    9.4100100000E-01    2.6217999773E-01    7.1926444468E-01
    9.4200100000E-01    2.5825125679E-01    7.1958676291E-01
    9.4300100000E-01    2.5430579786E-01    7.1991146876E-01
    9.4400100000E-01    2.5034356763E-01    7.2023858520E-01
    9.4500100000E-01    2.4636451268E-01    7.2056813552E-01
    9.4600100000E-01    2.4236857950E-01    7.2090014330E-01
    9.4700100000E-01    2.3835571445E-01    7.2123463246E-01
    9.4800100000E-01    2.3432586377E-01    7.2157162723E-01
    9.4900100000E-01    2.3027897360E-01    7.2191115218E-01
    9.5000100000E-01    2.2621498996E-01    7.2225323220E-01
    9.5100100000E-01    2.2213385876E-01    7.2259789255E-01
    9.5200100000E-01    2.1803552578E-01    7.2294515880E-01
    9.5300100000E-01    2.1391993671E-01    7.2329505689E-01
    9.5400100000E-01    2.0978703712E-01    7.2364761315E-01
    9.5500100000E-01    2.0563677245E-01    7.2400285422E-01
    9.5600100000E-01    2.0146908803E-01    7.2436080715E-01
    9.5700100000E-01    1.9728392910E-01    7.2472149937E-01
    9.5800100000E-01    1.9308124075E-01    7.2508495869E-01
    9.5900100000E-01    1.8886096798E-01    7.2545121330E-01
    9.6000100000E-01    1.8462305566E-01    7.2582029181E-01
    9.6100100000E-01    1.8036744856E-01    7.2619222324E-01
    9.6200100000E-01    1.7609409131E-01    7.2656703701E-01
    9.6300100000E-01    1.7180292846E-01    7.2694476298E-01
    9.6400100000E-01    1.6749390442E-01    7.2732543143E-01
    9.6500100000E-01    1.6316696349E-01    7.2770907309E-01
    9.6600100000E-01    1.5882204985E-01    7.2809571914E-01
    9.6700100000E-01    1.5445910756E-01    7.2848540119E-01
    9.6800100000E-01    1.5007808060E-01    7.2887815135E-01
    9.6900100000E-01    1.4567891278E-01    7.2927400219E-01
    9.7000100000E-01    1.4126154783E-01    7.2967298676E-01
    9.7100100000E-01    1.3682592935E-01    7.3007513862E-01
    9.7200100000E-01    1.3237200084E-01    7.3048049180E-01
    9.7300100000E-01    1.2789970566E-01    7.3088908087E-01
    9.7400100000E-01    1.2340898706E-01    7.3130094092E-01
    9.7500100000E-01    1.1889978819E-01    7.3171610756E-01
    9.7600100000E-01    1.1437205207E-01    7.3213461695E-01
    9.7700100000E-01    1.0982572159E-01    7.3255650581E-01
    9.7800100000E-01    1.0526073956E-01    7.3298181140E-01
    9.7900100000E-01    1.0067704862E-01    7.3341057159E-01
    9.8000100000E-01    9.6074591350E-02    7.3384282481E-01
    9.8100100000E-01    9.1453310168E-02    7.3427861011E-01
    9.8200100000E-01    8.6813147396E-02    7.3471796714E-01
    9.8300100000E-01    8.2154045233E-02    7.3516093616E-01
    9.8400100000E-01    7.7475945761E-02    7.3560755810E-01
    9.8500100000E-01    7.2778790942E-02    7.3605787451E-01
    9.8600100000E-01    6.8062522623E-02    7.3651192762E-01
    9.8700100000E-01    6.3327082530E-02    7.3696976032E-01
    9.8800100000E-01    5.8572412274E-02    7.3743141622E-01
    9.8900100000E-01    5.3798453343E-02    7.3789693959E-01
    9.9000100000E-01    4.9005147110E-02    7.3836637547E-01
    9.9100100000E-01    4.4192434829E-02    7.3883976960E-01
    9.9200100000E-01    3.9360257633E-02    7.3931716847E-01
    9.9300100000E-01    3.4508556539E-02    7.3979861937E-01
    9.9400100000E-01    2.9637272442E-02    7.4028417033E-01
    9.9500100000E-01    2.4746346121E-02    7.4077387021E-01
    9.9600100000E-01    1.9835718232E-02    7.4126776867E-01
    9.9700100000E-01    1.4905329316E-02    7.4176591621E-01
    9.9800100000E-01    9.9551197902E-03    7.4226836419E-01
    9.9900100000E-01    4.9850299550E-03    7.4277516482E-01
    1.0000010000E+00   -5.0000100043E-06    7.4328637123E-01
