   -4.0000000000E+00    5.3035675014E-01    3.2589187536E-01    2.4000319994E-01
   -3.9200000000E+00    5.3035802773E-01    3.2589506932E-01    2.4000384715E-01
   -3.8400000000E+00    5.3035956373E-01    3.2589890931E-01    2.4000462527E-01
   -3.7600000000E+00    5.3036141040E-01    3.2590352599E-01    2.4000556077E-01
   -3.6800000000E+00    5.3036363058E-01    3.2590907645E-01    2.4000668547E-01
   -3.6000000000E+00    5.3036629982E-01    3.2591574956E-01    2.4000803763E-01
   -3.5200000000E+00    5.3036950895E-01    3.2592377238E-01    2.4000966326E-01
   -3.4400000000E+00    5.3037336717E-01    3.2593341791E-01    2.4001161765E-01
   -3.3600000000E+00    5.3037800574E-01    3.2594501435E-01    2.4001396729E-01
   -3.2800000000E+00    5.3038358251E-01    3.2595895629E-01    2.4001679208E-01
   -3.2000000000E+00    5.3039028724E-01    3.2597571810E-01    2.4002018809E-01
   -3.1200000000E+00    5.3039834805E-01    3.2599587012E-01    2.4002427080E-01
   -3.0400000000E+00    5.3040803920E-01    3.2602009801E-01    2.4002917902E-01
   -2.9600000000E+00    5.3041969044E-01    3.2604922611E-01    2.4003507961E-01
   -2.8800000000E+00    5.3043369818E-01    3.2608424544E-01    2.4004217310E-01
   -2.8000000000E+00    5.3045053898E-01    3.2612634746E-01    2.4005070051E-01
   -2.7200000000E+00    5.3047078580E-01    3.2617696449E-01    2.4006095151E-01
   -2.6400000000E+00    5.3049512741E-01    3.2623781853E-01    2.4007327419E-01
   -2.5600000000E+00    5.3052439187E-01    3.2631097968E-01    2.4008808680E-01
   -2.4800000000E+00    5.3055957462E-01    3.2639893656E-01    2.4010589183E-01
   -2.4000000000E+00    5.3060187234E-01    3.2650468085E-01    2.4012729294E-01
   -2.3200000000E+00    5.3065272356E-01    3.2663180890E-01    2.4015301515E-01
   -2.2400000000E+00    5.3071385753E-01    3.2678464382E-01    2.4018392910E-01
   -2.1600000000E+00    5.3078735289E-01    3.2696838222E-01    2.4022108001E-01
   -2.0800000000E+00    5.3087570816E-01    3.2718927040E-01    2.4026572237E-01
   -2.0000000000E+00    5.3098192643E-01    3.2745481608E-01    2.4031936128E-01
   -1.9200000000E+00    5.3110961703E-01    3.2777404258E-01    2.4038380176E-01
   -1.8400000000E+00    5.3126311759E-01    3.2815779397E-01    2.4046120743E-01
   -1.7600000000E+00    5.3144764052E-01    3.2861910130E-01    2.4055417019E-01
   -1.6800000000E+00    5.3166944873E-01    3.2917362183E-01    2.4066579269E-01
   -1.6000000000E+00    5.3193606624E-01    3.2984016560E-01    2.4079978572E-01
   -1.5200000000E+00    5.3225653042E-01    3.3064132606E-01    2.4096058272E-01
   -1.4400000000E+00    5.3264169386E-01    3.3160423466E-01    2.4115347376E-01
   -1.3600000000E+00    5.3310458495E-01    3.3276146237E-01    2.4138476126E-01
   -1.2800000000E+00    5.3366083783E-01    3.3415209458E-01    2.4166193990E-01
   -1.2000000000E+00    5.3432920382E-01    3.3582300956E-01    2.4199390216E-01
   -1.1200000000E+00    5.3513215724E-01    3.3783039309E-01    2.4239117047E-01
   -1.0400000000E+00    5.3609660962E-01    3.4024152405E-01    2.4286615539E-01
   -9.6000000000E-01    5.3725474557E-01    3.4313686392E-01    2.4343343646E-01
   -8.8000000000E-01    5.3864499065E-01    3.4661247663E-01    2.4411005930E-01
   -8.0000000000E-01    5.4031311541E-01    3.5078278852E-01    2.4491583669E-01
   -7.2000000000E-01    5.4231346588E-01    3.5578366471E-01    2.4587363469E-01
   -6.4000000000E-01    5.4471028751E-01    3.6177571877E-01    2.4700961451E-01
   -5.6000000000E-01    5.4757906872E-01    3.6894767180E-01    2.4835338898E-01
   -4.8000000000E-01    5.5100776855E-01    3.7751942136E-01    2.4993803721E-01
   -4.0000000000E-01    5.5509770312E-01    3.8774425780E-01    2.5179990417E-01
   -3.2000000000E-01    5.5996375341E-01    3.9990938351E-01    2.5397809552E-01
   -2.4000000000E-01    5.6573343870E-01    4.1433359676E-01    2.5651356503E-01
   -1.6000000000E-01    5.7254431826E-01    4.3136079566E-01    2.5944768843E-01
   -8.0000000000E-02    5.8053919433E-01    4.5134798582E-01    2.6282023220E-01
    0.0000000000E+00    5.8985874503E-01    4.7464686257E-01    2.6666666667E-01
    8.0000000000E-02    6.0063152889E-01    5.0157882223E-01    2.7101485136E-01
    1.6000000000E-01    6.1296173961E-01    5.3240434903E-01    2.7588123876E-01
    2.4000000000E-01    6.2691558850E-01    5.6728897125E-01    2.8126689697E-01
    3.2000000000E-01    6.4250768791E-01    6.0626921977E-01    2.8715381820E-01
    4.0000000000E-01    6.5968922329E-01    6.4922305823E-01    2.9350211731E-01
    4.8000000000E-01    6.7833991775E-01    6.9584979437E-01    3.0024877607E-01
    5.6000000000E-01    6.9826566794E-01    7.4566416984E-01    3.0730849944E-01
    6.4000000000E-01    7.1920316445E-01    7.9800791112E-01    3.1457699139E-01
    7.2000000000E-01    7.4083182758E-01    8.5207956896E-01    3.2193655579E-01
    8.0000000000E-01    7.6279217030E-01    9.0698042575E-01    3.2926346834E-01
    8.8000000000E-01    7.8470853563E-01    9.6177133908E-01    3.3643617876E-01
    9.6000000000E-01    8.0621335362E-01    1.0155333841E+00    3.4334321114E-01
    1.0400000000E+00    8.2696983523E-01    1.0674245881E+00    3.4988970085E-01
    1.1200000000E+00    8.4669041471E-01    1.1167260368E+00    3.5600181300E-01
    1.2000000000E+00    8.6514913741E-01    1.1628728435E+00    3.6162872981E-01
    1.2800000000E+00    8.8218731510E-01    1.2054682878E+00    3.6674233780E-01
    1.3600000000E+00    8.9771285344E-01    1.2442821336E+00    3.7133507928E-01
    1.4400000000E+00    9.1169446990E-01    1.2792361747E+00    3.7541660181E-01
    1.5200000000E+00    9.2415245352E-01    1.3103811338E+00    3.7900984845E-01
    1.6000000000E+00    9.3514767439E-01    1.3378691860E+00    3.8214712791E-01
    1.6800000000E+00    9.4477032311E-01    1.3619258078E+00    3.8486654446E-01
    1.7600000000E+00    9.5312947539E-01    1.3828236885E+00    3.8720900358E-01
    1.8400000000E+00    9.6034415462E-01    1.4008603866E+00    3.8921587220E-01
    1.9200000000E+00    9.6653619020E-01    1.4163404755E+00    3.9092727524E-01
    2.0000000000E+00    9.7182488603E-01    1.4295622151E+00    3.9238095238E-01
    2.0800000000E+00    9.7632333060E-01    1.4408083265E+00    3.9361157294E-01
    2.1600000000E+00    9.8013608544E-01    1.4503402136E+00    3.9465040307E-01
    2.2400000000E+00    9.8335795997E-01    1.4583948999E+00    3.9552522861E-01
    2.3200000000E+00    9.8607359431E-01    1.4651839858E+00    3.9626045227E-01
    2.4000000000E+00    9.8835760830E-01    1.4708940208E+00    3.9687730108E-01
    2.4800000000E+00    9.9027512066E-01    1.4756878017E+00    3.9739409583E-01
    2.5600000000E+00    9.9188248710E-01    1.4797062177E+00    3.9782654796E-01
    2.6400000000E+00    9.9322814709E-01    1.4830703677E+00    3.9818806045E-01
    2.7200000000E+00    9.9435350207E-01    1.4858837552E+00    3.9849001749E-01
    2.8000000000E+00    9.9529377388E-01    1.4882344347E+00    3.9874205400E-01
    2.8800000000E+00    9.9607881229E-01    1.4901970307E+00    3.9895230030E-01
    2.9600000000E+00    9.9673383400E-01    1.4918345850E+00    3.9912760028E-01
    3.0400000000E+00    9.9728008571E-01    1.4932002143E+00    3.9927370328E-01
    3.1200000000E+00    9.9773543008E-01    1.4943385752E+00    3.9939543100E-01
    3.2000000000E+00    9.9811485749E-01    1.4952871437E+00    3.9949682155E-01
    3.2800000000E+00    9.9843092903E-01    1.4960773226E+00    3.9958125284E-01
    3.3600000000E+00    9.9869415702E-01    1.4967353926E+00    3.9965154786E-01
    3.4400000000E+00    9.9891333003E-01    1.4972833251E+00    3.9971006390E-01
    3.5200000000E+00    9.9909578922E-01    1.4977394730E+00    3.9975876812E-01
    3.6000000000E+00    9.9924766231E-01    1.4981191558E+00    3.9979930115E-01
    3.6800000000E+00    9.9937406114E-01    1.4984351529E+00    3.9983303073E-01
    3.7600000000E+00    9.9947924794E-01    1.4986981198E+00    3.9986109663E-01
    3.8400000000E+00    9.9956677508E-01    1.4989169377E+00    3.9988444833E-01
    3.9200000000E+00    9.9963960230E-01    1.4990990057E+00    3.9990387663E-01
    4.0000000000E+00    9.9970019487E-01    1.4992504872E+00    3.9992003998E-01
