    1.0000000000E-06    1.0000000000E+00    7.8991573740E-01
    1.0010000000E-03    1.0000000000E+00    7.8991573740E-01
    2.0010000000E-03    1.0000000000E+00    7.8991573740E-01
    3.0010000000E-03    1.0000000000E+00    7.8991573740E-01
    4.0010000000E-03    1.0000000000E+00    7.8991573740E-01
    5.0010000000E-03    1.0000000000E+00    7.8991573740E-01
    6.0010000000E-03    1.0000000000E+00    7.8991573740E-01
    7.0010000000E-03    1.0000000000E+00    7.8991573740E-01
    8.0010000000E-03    1.0000000000E+00    7.8991573740E-01
    9.0010000000E-03    1.0000000000E+00    7.8991573740E-01
    1.0001000000E-02    1.0000000000E+00    7.8991573740E-01
    1.1001000000E-02    1.0000000000E+00    7.8991573740E-01
    1.2001000000E-02    1.0000000000E+00    7.8991573740E-01
    1.3001000000E-02    1.0000000000E+00    7.8991573740E-01
    1.4001000000E-02    1.0000000000E+00    7.8991573740E-01
    1.5001000000E-02    1.0000000000E+00    7.8991573740E-01
    1.6001000000E-02    1.0000000000E+00    7.8991573740E-01
    1.7001000000E-02    1.0000000000E+00    7.8991573740E-01
    1.8001000000E-02    1.0000000000E+00    7.8991573740E-01
    1.9001000000E-02    1.0000000000E+00    7.8991573740E-01
    2.0001000000E-02    1.0000000000E+00    7.8991573740E-01
    2.1001000000E-02    1.0000000000E+00    7.8991573740E-01
    2.2001000000E-02    1.0000000000E+00    7.8991573740E-01
    2.3001000000E-02    1.0000000000E+00    7.8991573740E-01
    2.4001000000E-02    1.0000000000E+00    7.8991573740E-01
    2.5001000000E-02    1.0000000000E+00    7.8991573740E-01
    2.6001000000E-02    1.0000000000E+00    7.8991573740E-01
    2.7001000000E-02    1.0000000000E+00    7.8991573740E-01
    2.8001000000E-02    1.0000000000E+00    7.8991573740E-01
    2.9001000000E-02    1.0000000000E+00    7.8991573740E-01
    3.0001000000E-02    1.0000000000E+00    7.8991573740E-01
    3.1001000000E-02    1.0000000000E+00    7.8991573740E-01
    3.2001000000E-02    1.0000000000E+00    7.8991573740E-01
    3.3001000000E-02    1.0000000000E+00    7.8991573740E-01
    3.4001000000E-02    1.0000000000E+00    7.8991573740E-01
    3.5001000000E-02    1.0000000000E+00    7.8991573740E-01
    3.6001000000E-02    1.0000000000E+00    7.8991573740E-01
    3.7001000000E-02    1.0000000000E+00    7.8991573740E-01
    3.8001000000E-02    1.0000000000E+00    7.8991573740E-01
    3.9001000000E-02    1.0000000000E+00    7.8991573740E-01
    4.0001000000E-02    1.0000000000E+00    7.8991573740E-01
    4.1001000000E-02    1.0000000000E+00    7.8991573740E-01
    4.2001000000E-02    1.0000000000E+00    7.8991573740E-01
    4.3001000000E-02    1.0000000000E+00    7.8991573740E-01
    4.4001000000E-02    1.0000000000E+00    7.8991573740E-01
    4.5001000000E-02    1.0000000000E+00    7.8991573740E-01
    4.6001000000E-02    1.0000000000E+00    7.8991573740E-01
    4.7001000000E-02    1.0000000000E+00    7.8991573740E-01
    4.8001000000E-02    1.0000000000E+00    7.8991573740E-01
    4.9001000000E-02    1.0000000000E+00    7.8991573740E-01
    5.0001000000E-02    1.0000000000E+00    7.8991573740E-01
    5.1001000000E-02    1.0000000000E+00    7.8991573740E-01
    5.2001000000E-02    1.0000000000E+00    7.8991573740E-01
    5.3001000000E-02    1.0000000000E+00    7.8991573740E-01
    5.4001000000E-02    1.0000000000E+00    7.8991573740E-01
    5.5001000000E-02    1.0000000000E+00    7.8991573740E-01
    5.6001000000E-02    1.0000000000E+00    7.8991573740E-01
    5.7001000000E-02    1.0000000000E+00    7.8991573740E-01
    5.8001000000E-02    1.0000000000E+00    7.8991573740E-01
    5.9001000000E-02    1.0000000000E+00    7.8991573740E-01
    6.0001000000E-02    1.0000000000E+00    7.8991573740E-01
    6.1001000000E-02    1.0000000000E+00    7.8991573740E-01
    6.2001000000E-02    1.0000000000E+00    7.8991573740E-01
    6.3001000000E-02    1.0000000000E+00    7.8991573740E-01
    6.4001000000E-02    1.0000000000E+00    7.8991573740E-01
    6.5001000000E-02    1.0000000000E+00    7.8991573740E-01
    6.6001000000E-02    1.0000000000E+00    7.8991573740E-01
    6.7001000000E-02    1.0000000000E+00    7.8991573740E-01
    6.8001000000E-02    1.0000000000E+00    7.8991573740E-01
    6.9001000000E-02    1.0000000000E+00    7.8991573740E-01
    7.0001000000E-02    1.0000000000E+00    7.8991573740E-01
    7.1001000000E-02    1.0000000000E+00    7.8991573740E-01
    7.2001000000E-02    1.0000000000E+00    7.8991573740E-01
    7.3001000000E-02    1.0000000000E+00    7.8991573740E-01
    7.4001000000E-02    1.0000000000E+00    7.8991573740E-01
    7.5001000000E-02    9.9999999999E-01    7.8991573740E-01
    7.6001000000E-02    9.9999999999E-01    7.8991573740E-01
    7.7001000000E-02    9.9999999999E-01    7.8991573740E-01
    7.8001000000E-02    9.9999999999E-01    7.8991573740E-01
    7.9001000000E-02    9.9999999999E-01    7.8991573740E-01
    8.0001000000E-02    9.9999999999E-01    7.8991573740E-01
    8.1001000000E-02    9.9999999999E-01    7.8991573740E-01
    8.2001000000E-02    9.9999999999E-01    7.8991573740E-01
    8.3001000000E-02    9.9999999998E-01    7.8991573740E-01
    8.4001000000E-02    9.9999999998E-01    7.8991573740E-01
    8.5001000000E-02    9.9999999998E-01    7.8991573740E-01
    8.6001000000E-02    9.9999999998E-01    7.8991573740E-01
    8.7001000000E-02    9.9999999998E-01    7.8991573740E-01
    8.8001000000E-02    9.9999999997E-01    7.8991573740E-01
    8.9001000000E-02    9.9999999997E-01    7.8991573740E-01
    9.0001000000E-02    9.9999999997E-01    7.8991573740E-01
    9.1001000000E-02    9.9999999996E-01    7.8991573740E-01
    9.2001000000E-02    9.9999999996E-01    7.8991573740E-01
    9.3001000000E-02    9.9999999995E-01    7.8991573740E-01
    9.4001000000E-02    9.9999999995E-01    7.8991573740E-01
    9.5001000000E-02    9.9999999994E-01    7.8991573740E-01
    9.6001000000E-02    9.9999999993E-01    7.8991573740E-01
    9.7001000000E-02    9.9999999993E-01    7.8991573740E-01
    9.8001000000E-02    9.9999999992E-01    7.8991573740E-01
    9.9001000000E-02    9.9999999991E-01    7.8991573740E-01
    1.0000100000E-01    9.9999999990E-01    7.8991573740E-01
    1.0100100000E-01    9.9999999989E-01    7.8991573740E-01
    1.0200100000E-01    9.9999999988E-01    7.8991573740E-01
    1.0300100000E-01    9.9999999987E-01    7.8991573740E-01
    1.0400100000E-01    9.9999999985E-01    7.8991573740E-01
    1.0500100000E-01    9.9999999984E-01    7.8991573740E-01
    1.0600100000E-01    9.9999999982E-01    7.8991573740E-01
    1.0700100000E-01    9.9999999980E-01    7.8991573740E-01
    1.0800100000E-01    9.9999999978E-01    7.8991573740E-01
    1.0900100000E-01    9.9999999976E-01    7.8991573740E-01
    1.1000100000E-01    9.9999999974E-01    7.8991573740E-01
    1.1100100000E-01    9.9999999972E-01    7.8991573741E-01
    1.1200100000E-01    9.9999999969E-01    7.8991573741E-01
    1.1300100000E-01    9.9999999966E-01    7.8991573741E-01
    1.1400100000E-01    9.9999999963E-01    7.8991573741E-01
    1.1500100000E-01    9.9999999960E-01    7.8991573741E-01
    1.1600100000E-01    9.9999999956E-01    7.8991573741E-01
    1.1700100000E-01    9.9999999952E-01    7.8991573741E-01
    1.1800100000E-01    9.9999999948E-01    7.8991573741E-01
    1.1900100000E-01    9.9999999943E-01    7.8991573741E-01
    1.2000100000E-01    9.9999999938E-01    7.8991573741E-01
    1.2100100000E-01    9.9999999933E-01    7.8991573741E-01
    1.2200100000E-01    9.9999999927E-01    7.8991573742E-01
    1.2300100000E-01    9.9999999921E-01    7.8991573742E-01
    1.2400100000E-01    9.9999999914E-01    7.8991573742E-01
    1.2500100000E-01    9.9999999907E-01    7.8991573742E-01
    1.2600100000E-01    9.9999999899E-01    7.8991573742E-01
    1.2700100000E-01    9.9999999891E-01    7.8991573742E-01
    1.2800100000E-01    9.9999999882E-01    7.8991573743E-01
    1.2900100000E-01    9.9999999872E-01    7.8991573743E-01
    1.3000100000E-01    9.9999999862E-01    7.8991573743E-01
    1.3100100000E-01    9.9999999851E-01    7.8991573743E-01
    1.3200100000E-01    9.9999999839E-01    7.8991573744E-01
    1.3300100000E-01    9.9999999827E-01    7.8991573744E-01
    1.3400100000E-01    9.9999999813E-01    7.8991573744E-01
    1.3500100000E-01    9.9999999799E-01    7.8991573745E-01
    1.3600100000E-01    9.9999999784E-01    7.8991573745E-01
    1.3700100000E-01    9.9999999767E-01    7.8991573746E-01
    1.3800100000E-01    9.9999999749E-01    7.8991573746E-01
    1.3900100000E-01    9.9999999731E-01    7.8991573746E-01
    1.4000100000E-01    9.9999999711E-01    7.8991573747E-01
    1.4100100000E-01    9.9999999689E-01    7.8991573747E-01
    1.4200100000E-01    9.9999999667E-01    7.8991573748E-01
    1.4300100000E-01    9.9999999642E-01    7.8991573749E-01
    1.4400100000E-01    9.9999999617E-01    7.8991573749E-01
    1.4500100000E-01    9.9999999589E-01    7.8991573750E-01
    1.4600100000E-01    9.9999999560E-01    7.8991573751E-01
    1.4700100000E-01    9.9999999529E-01    7.8991573751E-01
    1.4800100000E-01    9.9999999496E-01    7.8991573752E-01
    1.4900100000E-01    9.9999999461E-01    7.8991573753E-01
    1.5000100000E-01    9.9999999423E-01    7.8991573754E-01
    1.5100100000E-01    9.9999999384E-01    7.8991573755E-01
    1.5200100000E-01    9.9999999342E-01    7.8991573756E-01
    1.5300100000E-01    9.9999999297E-01    7.8991573757E-01
    1.5400100000E-01    9.9999999250E-01    7.8991573758E-01
    1.5500100000E-01    9.9999999200E-01    7.8991573759E-01
    1.5600100000E-01    9.9999999146E-01    7.8991573761E-01
    1.5700100000E-01    9.9999999090E-01    7.8991573762E-01
    1.5800100000E-01    9.9999999030E-01    7.8991573763E-01
    1.5900100000E-01    9.9999998967E-01    7.8991573765E-01
    1.6000100000E-01    9.9999998900E-01    7.8991573767E-01
    1.6100100000E-01    9.9999998830E-01    7.8991573768E-01
    1.6200100000E-01    9.9999998755E-01    7.8991573770E-01
    1.6300100000E-01    9.9999998676E-01    7.8991573772E-01
    1.6400100000E-01    9.9999998592E-01    7.8991573774E-01
    1.6500100000E-01    9.9999998504E-01    7.8991573776E-01
    1.6600100000E-01    9.9999998411E-01    7.8991573778E-01
    1.6700100000E-01    9.9999998313E-01    7.8991573781E-01
    1.6800100000E-01    9.9999998209E-01    7.8991573783E-01
    1.6900100000E-01    9.9999998099E-01    7.8991573786E-01
    1.7000100000E-01    9.9999997984E-01    7.8991573789E-01
    1.7100100000E-01    9.9999997862E-01    7.8991573792E-01
    1.7200100000E-01    9.9999997734E-01    7.8991573795E-01
    1.7300100000E-01    9.9999997598E-01    7.8991573798E-01
    1.7400100000E-01    9.9999997456E-01    7.8991573802E-01
    1.7500100000E-01    9.9999997306E-01    7.8991573805E-01
    1.7600100000E-01    9.9999997148E-01    7.8991573809E-01
    1.7700100000E-01    9.9999996982E-01    7.8991573813E-01
    1.7800100000E-01    9.9999996807E-01    7.8991573817E-01
    1.7900100000E-01    9.9999996623E-01    7.8991573822E-01
    1.8000100000E-01    9.9999996429E-01    7.8991573827E-01
    1.8100100000E-01    9.9999996226E-01    7.8991573832E-01
    1.8200100000E-01    9.9999996012E-01    7.8991573837E-01
    1.8300100000E-01    9.9999995788E-01    7.8991573842E-01
    1.8400100000E-01    9.9999995552E-01    7.8991573848E-01
    1.8500100000E-01    9.9999995304E-01    7.8991573854E-01
    1.8600100000E-01    9.9999995044E-01    7.8991573860E-01
    1.8700100000E-01    9.9999994771E-01    7.8991573867E-01
    1.8800100000E-01    9.9999994484E-01    7.8991573874E-01
    1.8900100000E-01    9.9999994184E-01    7.8991573881E-01
    1.9000100000E-01    9.9999993869E-01    7.8991573889E-01
    1.9100100000E-01    9.9999993538E-01    7.8991573897E-01
    1.9200100000E-01    9.9999993192E-01    7.8991573905E-01
    1.9300100000E-01    9.9999992829E-01    7.8991573914E-01
    1.9400100000E-01    9.9999992448E-01    7.8991573923E-01
    1.9500100000E-01    9.9999992050E-01    7.8991573933E-01
    1.9600100000E-01    9.9999991633E-01    7.8991573943E-01
    1.9700100000E-01    9.9999991196E-01    7.8991573954E-01
    1.9800100000E-01    9.9999990739E-01    7.8991573965E-01
    1.9900100000E-01    9.9999990260E-01    7.8991573977E-01
    2.0000100000E-01    9.9999989759E-01    7.8991573989E-01
    2.0100100000E-01    9.9999989236E-01    7.8991574001E-01
    2.0200100000E-01    9.9999988688E-01    7.8991574015E-01
    2.0300100000E-01    9.9999988115E-01    7.8991574029E-01
    2.0400100000E-01    9.9999987517E-01    7.8991574043E-01
    2.0500100000E-01    9.9999986891E-01    7.8991574058E-01
    2.0600100000E-01    9.9999986238E-01    7.8991574074E-01
    2.0700100000E-01    9.9999985555E-01    7.8991574091E-01
    2.0800100000E-01    9.9999984842E-01    7.8991574108E-01
    2.0900100000E-01    9.9999984097E-01    7.8991574126E-01
    2.1000100000E-01    9.9999983319E-01    7.8991574145E-01
    2.1100100000E-01    9.9999982508E-01    7.8991574165E-01
    2.1200100000E-01    9.9999981661E-01    7.8991574186E-01
    2.1300100000E-01    9.9999980777E-01    7.8991574207E-01
    2.1400100000E-01    9.9999979855E-01    7.8991574229E-01
    2.1500100000E-01    9.9999978894E-01    7.8991574253E-01
    2.1600100000E-01    9.9999977892E-01    7.8991574277E-01
    2.1700100000E-01    9.9999976846E-01    7.8991574303E-01
    2.1800100000E-01    9.9999975757E-01    7.8991574329E-01
    2.1900100000E-01    9.9999974622E-01    7.8991574357E-01
    2.2000100000E-01    9.9999973439E-01    7.8991574385E-01
    2.2100100000E-01    9.9999972207E-01    7.8991574415E-01
    2.2200100000E-01    9.9999970923E-01    7.8991574447E-01
    2.2300100000E-01    9.9999969586E-01    7.8991574479E-01
    2.2400100000E-01    9.9999968195E-01    7.8991574513E-01
    2.2500100000E-01    9.9999966746E-01    7.8991574548E-01
    2.2600100000E-01    9.9999965238E-01    7.8991574585E-01
    2.2700100000E-01    9.9999963669E-01    7.8991574623E-01
    2.2800100000E-01    9.9999962036E-01    7.8991574663E-01
    2.2900100000E-01    9.9999960338E-01    7.8991574704E-01
    2.3000100000E-01    9.9999958572E-01    7.8991574747E-01
    2.3100100000E-01    9.9999956735E-01    7.8991574791E-01
    2.3200100000E-01    9.9999954825E-01    7.8991574838E-01
    2.3300100000E-01    9.9999952840E-01    7.8991574886E-01
    2.3400100000E-01    9.9999950776E-01    7.8991574936E-01
    2.3500100000E-01    9.9999948631E-01    7.8991574988E-01
    2.3600100000E-01    9.9999946403E-01    7.8991575042E-01
    2.3700100000E-01    9.9999944088E-01    7.8991575099E-01
    2.3800100000E-01    9.9999941684E-01    7.8991575157E-01
    2.3900100000E-01    9.9999939187E-01    7.8991575218E-01
    2.4000100000E-01    9.9999936594E-01    7.8991575281E-01
    2.4100100000E-01    9.9999933902E-01    7.8991575346E-01
    2.4200100000E-01    9.9999931108E-01    7.8991575414E-01
    2.4300100000E-01    9.9999928207E-01    7.8991575485E-01
    2.4400100000E-01    9.9999925198E-01    7.8991575558E-01
    2.4500100000E-01    9.9999922075E-01    7.8991575634E-01
    2.4600100000E-01    9.9999918835E-01    7.8991575712E-01
    2.4700100000E-01    9.9999915475E-01    7.8991575794E-01
    2.4800100000E-01    9.9999911990E-01    7.8991575879E-01
    2.4900100000E-01    9.9999908376E-01    7.8991575967E-01
    2.5000100000E-01    9.9999904629E-01    7.8991576058E-01
    2.5100100000E-01    9.9999900745E-01    7.8991576152E-01
    2.5200100000E-01    9.9999896718E-01    7.8991576250E-01
    2.5300100000E-01    9.9999892546E-01    7.8991576351E-01
    2.5400100000E-01    9.9999888223E-01    7.8991576456E-01
    2.5500100000E-01    9.9999883743E-01    7.8991576565E-01
    2.5600100000E-01    9.9999879103E-01    7.8991576678E-01
    2.5700100000E-01    9.9999874296E-01    7.8991576795E-01
    2.5800100000E-01    9.9999869319E-01    7.8991576916E-01
    2.5900100000E-01    9.9999864164E-01    7.8991577041E-01
    2.6000100000E-01    9.9999858827E-01    7.8991577171E-01
    2.6100100000E-01    9.9999853303E-01    7.8991577305E-01
    2.6200100000E-01    9.9999847584E-01    7.8991577444E-01
    2.6300100000E-01    9.9999841666E-01    7.8991577588E-01
    2.6400100000E-01    9.9999835542E-01    7.8991577737E-01
    2.6500100000E-01    9.9999829205E-01    7.8991577891E-01
    2.6600100000E-01    9.9999822649E-01    7.8991578050E-01
    2.6700100000E-01    9.9999815868E-01    7.8991578215E-01
    2.6800100000E-01    9.9999808854E-01    7.8991578385E-01
    2.6900100000E-01    9.9999801601E-01    7.8991578562E-01
    2.7000100000E-01    9.9999794101E-01    7.8991578744E-01
    2.7100100000E-01    9.9999786347E-01    7.8991578933E-01
    2.7200100000E-01    9.9999778331E-01    7.8991579127E-01
    2.7300100000E-01    9.9999770045E-01    7.8991579329E-01
    2.7400100000E-01    9.9999761482E-01    7.8991579537E-01
    2.7500100000E-01    9.9999752632E-01    7.8991579752E-01
    2.7600100000E-01    9.9999743489E-01    7.8991579974E-01
    2.7700100000E-01    9.9999734042E-01    7.8991580204E-01
    2.7800100000E-01    9.9999724283E-01    7.8991580441E-01
    2.7900100000E-01    9.9999714203E-01    7.8991580686E-01
    2.8000100000E-01    9.9999703793E-01    7.8991580939E-01
    2.8100100000E-01    9.9999693042E-01    7.8991581200E-01
    2.8200100000E-01    9.9999681942E-01    7.8991581470E-01
    2.8300100000E-01    9.9999670482E-01    7.8991581749E-01
    2.8400100000E-01    9.9999658651E-01    7.8991582036E-01
    2.8500100000E-01    9.9999646439E-01    7.8991582333E-01
    2.8600100000E-01    9.9999633836E-01    7.8991582639E-01
    2.8700100000E-01    9.9999620830E-01    7.8991582955E-01
    2.8800100000E-01    9.9999607409E-01    7.8991583281E-01
    2.8900100000E-01    9.9999593563E-01    7.8991583618E-01
    2.9000100000E-01    9.9999579278E-01    7.8991583965E-01
    2.9100100000E-01    9.9999564543E-01    7.8991584323E-01
    2.9200100000E-01    9.9999549346E-01    7.8991584693E-01
    2.9300100000E-01    9.9999533673E-01    7.8991585074E-01
    2.9400100000E-01    9.9999517510E-01    7.8991585466E-01
    2.9500100000E-01    9.9999500846E-01    7.8991585871E-01
    2.9600100000E-01    9.9999483665E-01    7.8991586289E-01
    2.9700100000E-01    9.9999465953E-01    7.8991586719E-01
    2.9800100000E-01    9.9999447697E-01    7.8991587163E-01
    2.9900100000E-01    9.9999428881E-01    7.8991587620E-01
    3.0000100000E-01    9.9999409490E-01    7.8991588092E-01
    3.0100100000E-01    9.9999389509E-01    7.8991588577E-01
    3.0200100000E-01    9.9999368921E-01    7.8991589078E-01
    3.0300100000E-01    9.9999347710E-01    7.8991589593E-01
    3.0400100000E-01    9.9999325860E-01    7.8991590124E-01
    3.0500100000E-01    9.9999303353E-01    7.8991590671E-01
    3.0600100000E-01    9.9999280172E-01    7.8991591235E-01
    3.0700100000E-01    9.9999256300E-01    7.8991591815E-01
    3.0800100000E-01    9.9999231717E-01    7.8991592412E-01
    3.0900100000E-01    9.9999206405E-01    7.8991593028E-01
    3.1000100000E-01    9.9999180345E-01    7.8991593661E-01
    3.1100100000E-01    9.9999153518E-01    7.8991594313E-01
    3.1200100000E-01    9.9999125903E-01    7.8991594984E-01
    3.1300100000E-01    9.9999097479E-01    7.8991595675E-01
    3.1400100000E-01    9.9999068227E-01    7.8991596386E-01
    3.1500100000E-01    9.9999038123E-01    7.8991597118E-01
    3.1600100000E-01    9.9999007148E-01    7.8991597870E-01
    3.1700100000E-01    9.9998975277E-01    7.8991598645E-01
    3.1800100000E-01    9.9998942489E-01    7.8991599442E-01
    3.1900100000E-01    9.9998908760E-01    7.8991600262E-01
    3.2000100000E-01    9.9998874065E-01    7.8991601105E-01
    3.2100100000E-01    9.9998838381E-01    7.8991601972E-01
    3.2200100000E-01    9.9998801682E-01    7.8991602864E-01
    3.2300100000E-01    9.9998763943E-01    7.8991603781E-01
    3.2400100000E-01    9.9998725137E-01    7.8991604725E-01
    3.2500100000E-01    9.9998685239E-01    7.8991605694E-01
    3.2600100000E-01    9.9998644220E-01    7.8991606691E-01
    3.2700100000E-01    9.9998602053E-01    7.8991607716E-01
    3.2800100000E-01    9.9998558709E-01    7.8991608770E-01
    3.2900100000E-01    9.9998514160E-01    7.8991609852E-01
    3.3000100000E-01    9.9998468375E-01    7.8991610965E-01
    3.3100100000E-01    9.9998421324E-01    7.8991612109E-01
    3.3200100000E-01    9.9998372976E-01    7.8991613284E-01
    3.3300100000E-01    9.9998323300E-01    7.8991614491E-01
    3.3400100000E-01    9.9998272263E-01    7.8991615732E-01
    3.3500100000E-01    9.9998219832E-01    7.8991617006E-01
    3.3600100000E-01    9.9998165973E-01    7.8991618315E-01
    3.3700100000E-01    9.9998110652E-01    7.8991619659E-01
    3.3800100000E-01    9.9998053834E-01    7.8991621040E-01
    3.3900100000E-01    9.9997995483E-01    7.8991622459E-01
    3.4000100000E-01    9.9997935562E-01    7.8991623915E-01
    3.4100100000E-01    9.9997874033E-01    7.8991625410E-01
    3.4200100000E-01    9.9997810859E-01    7.8991626946E-01
    3.4300100000E-01    9.9997746000E-01    7.8991628522E-01
    3.4400100000E-01    9.9997679417E-01    7.8991630140E-01
    3.4500100000E-01    9.9997611069E-01    7.8991631802E-01
    3.4600100000E-01    9.9997540915E-01    7.8991633507E-01
    3.4700100000E-01    9.9997468912E-01    7.8991635257E-01
    3.4800100000E-01    9.9997395017E-01    7.8991637053E-01
    3.4900100000E-01    9.9997319186E-01    7.8991638896E-01
    3.5000100000E-01    9.9997241374E-01    7.8991640787E-01
    3.5100100000E-01    9.9997161535E-01    7.8991642727E-01
    3.5200100000E-01    9.9997079623E-01    7.8991644718E-01
    3.5300100000E-01    9.9996995589E-01    7.8991646761E-01
    3.5400100000E-01    9.9996909385E-01    7.8991648856E-01
    3.5500100000E-01    9.9996820962E-01    7.8991651005E-01
    3.5600100000E-01    9.9996730268E-01    7.8991653209E-01
    3.5700100000E-01    9.9996637252E-01    7.8991655470E-01
    3.5800100000E-01    9.9996541861E-01    7.8991657788E-01
    3.5900100000E-01    9.9996444042E-01    7.8991660166E-01
    3.6000100000E-01    9.9996343740E-01    7.8991662604E-01
    3.6100100000E-01    9.9996240899E-01    7.8991665103E-01
    3.6200100000E-01    9.9996135461E-01    7.8991667666E-01
    3.6300100000E-01    9.9996027369E-01    7.8991670293E-01
    3.6400100000E-01    9.9995916564E-01    7.8991672986E-01
    3.6500100000E-01    9.9995802985E-01    7.8991675747E-01
    3.6600100000E-01    9.9995686570E-01    7.8991678576E-01
    3.6700100000E-01    9.9995567258E-01    7.8991681476E-01
    3.6800100000E-01    9.9995444983E-01    7.8991684448E-01
    3.6900100000E-01    9.9995319681E-01    7.8991687493E-01
    3.7000100000E-01    9.9995191286E-01    7.8991690614E-01
    3.7100100000E-01    9.9995059729E-01    7.8991693811E-01
    3.7200100000E-01    9.9994924941E-01    7.8991697087E-01
    3.7300100000E-01    9.9994786853E-01    7.8991700444E-01
    3.7400100000E-01    9.9994645393E-01    7.8991703882E-01
    3.7500100000E-01    9.9994500487E-01    7.8991707404E-01
    3.7600100000E-01    9.9994352061E-01    7.8991711011E-01
    3.7700100000E-01    9.9994200040E-01    7.8991714706E-01
    3.7800100000E-01    9.9994044346E-01    7.8991718490E-01
    3.7900100000E-01    9.9993884900E-01    7.8991722366E-01
    3.8000100000E-01    9.9993721623E-01    7.8991726334E-01
    3.8100100000E-01    9.9993554433E-01    7.8991730398E-01
    3.8200100000E-01    9.9993383246E-01    7.8991734558E-01
    3.8300100000E-01    9.9993207978E-01    7.8991738818E-01
    3.8400100000E-01    9.9993028543E-01    7.8991743179E-01
    3.8500100000E-01    9.9992844853E-01    7.8991747644E-01
    3.8600100000E-01    9.9992656818E-01    7.8991752214E-01
    3.8700100000E-01    9.9992464347E-01    7.8991756892E-01
    3.8800100000E-01    9.9992267348E-01    7.8991761680E-01
    3.8900100000E-01    9.9992065726E-01    7.8991766581E-01
    3.9000100000E-01    9.9991859385E-01    7.8991771596E-01
    3.9100100000E-01    9.9991648227E-01    7.8991776728E-01
    3.9200100000E-01    9.9991432152E-01    7.8991781980E-01
    3.9300100000E-01    9.9991211059E-01    7.8991787354E-01
    3.9400100000E-01    9.9990984844E-01    7.8991792852E-01
    3.9500100000E-01    9.9990753403E-01    7.8991798477E-01
    3.9600100000E-01    9.9990516627E-01    7.8991804232E-01
    3.9700100000E-01    9.9990274409E-01    7.8991810119E-01
    3.9800100000E-01    9.9990026637E-01    7.8991816141E-01
    3.9900100000E-01    9.9989773198E-01    7.8991822301E-01
    4.0000100000E-01    9.9989513978E-01    7.8991828602E-01
    4.0100100000E-01    9.9989248859E-01    7.8991835046E-01
    4.0200100000E-01    9.9988977723E-01    7.8991841636E-01
    4.0300100000E-01    9.9988700448E-01    7.8991848375E-01
    4.0400100000E-01    9.9988416911E-01    7.8991855267E-01
    4.0500100000E-01    9.9988126987E-01    7.8991862313E-01
    4.0600100000E-01    9.9987830548E-01    7.8991869518E-01
    4.0700100000E-01    9.9987527464E-01    7.8991876885E-01
    4.0800100000E-01    9.9987217604E-01    7.8991884416E-01
    4.0900100000E-01    9.9986900832E-01    7.8991892116E-01
    4.1000100000E-01    9.9986577013E-01    7.8991899986E-01
    4.1100100000E-01    9.9986246007E-01    7.8991908032E-01
    4.1200100000E-01    9.9985907673E-01    7.8991916255E-01
    4.1300100000E-01    9.9985561867E-01    7.8991924660E-01
    4.1400100000E-01    9.9985208443E-01    7.8991933251E-01
    4.1500100000E-01    9.9984847251E-01    7.8991942030E-01
    4.1600100000E-01    9.9984478141E-01    7.8991951001E-01
    4.1700100000E-01    9.9984100958E-01    7.8991960169E-01
    4.1800100000E-01    9.9983715546E-01    7.8991969537E-01
    4.1900100000E-01    9.9983321746E-01    7.8991979108E-01
    4.2000100000E-01    9.9982919395E-01    7.8991988888E-01
    4.2100100000E-01    9.9982508330E-01    7.8991998879E-01
    4.2200100000E-01    9.9982088383E-01    7.8992009086E-01
    4.2300100000E-01    9.9981659383E-01    7.8992019514E-01
    4.2400100000E-01    9.9981221158E-01    7.8992030165E-01
    4.2500100000E-01    9.9980773532E-01    7.8992041045E-01
    4.2600100000E-01    9.9980316325E-01    7.8992052158E-01
    4.2700100000E-01    9.9979849356E-01    7.8992063509E-01
    4.2800100000E-01    9.9979372441E-01    7.8992075101E-01
    4.2900100000E-01    9.9978885391E-01    7.8992086939E-01
    4.3000100000E-01    9.9978388015E-01    7.8992099028E-01
    4.3100100000E-01    9.9977880119E-01    7.8992111374E-01
    4.3200100000E-01    9.9977361507E-01    7.8992123979E-01
    4.3300100000E-01    9.9976831976E-01    7.8992136850E-01
    4.3400100000E-01    9.9976291324E-01    7.8992149992E-01
    4.3500100000E-01    9.9975739343E-01    7.8992163408E-01
    4.3600100000E-01    9.9975175823E-01    7.8992177106E-01
    4.3700100000E-01    9.9974600550E-01    7.8992191089E-01
    4.3800100000E-01    9.9974013307E-01    7.8992205363E-01
    4.3900100000E-01    9.9973413872E-01    7.8992219933E-01
    4.4000100000E-01    9.9972802021E-01    7.8992234805E-01
    4.4100100000E-01    9.9972177526E-01    7.8992249985E-01
    4.4200100000E-01    9.9971540156E-01    7.8992265477E-01
    4.4300100000E-01    9.9970889674E-01    7.8992281288E-01
    4.4400100000E-01    9.9970225842E-01    7.8992297424E-01
    4.4500100000E-01    9.9969548417E-01    7.8992313890E-01
    4.4600100000E-01    9.9968857152E-01    7.8992330693E-01
    4.4700100000E-01    9.9968151796E-01    7.8992347838E-01
    4.4800100000E-01    9.9967432094E-01    7.8992365332E-01
    4.4900100000E-01    9.9966697788E-01    7.8992383181E-01
    4.5000100000E-01    9.9965948614E-01    7.8992401392E-01
    4.5100100000E-01    9.9965184307E-01    7.8992419970E-01
    4.5200100000E-01    9.9964404594E-01    7.8992438923E-01
    4.5300100000E-01    9.9963609200E-01    7.8992458257E-01
    4.5400100000E-01    9.9962797845E-01    7.8992477979E-01
    4.5500100000E-01    9.9961970246E-01    7.8992498097E-01
    4.5600100000E-01    9.9961126115E-01    7.8992518616E-01
    4.5700100000E-01    9.9960265157E-01    7.8992539544E-01
    4.5800100000E-01    9.9959387076E-01    7.8992560888E-01
    4.5900100000E-01    9.9958491569E-01    7.8992582656E-01
    4.6000100000E-01    9.9957578330E-01    7.8992604855E-01
    4.6100100000E-01    9.9956647048E-01    7.8992627493E-01
    4.6200100000E-01    9.9955697406E-01    7.8992650577E-01
    4.6300100000E-01    9.9954729083E-01    7.8992674115E-01
    4.6400100000E-01    9.9953741754E-01    7.8992698116E-01
    4.6500100000E-01    9.9952735086E-01    7.8992722586E-01
    4.6600100000E-01    9.9951708746E-01    7.8992747535E-01
    4.6700100000E-01    9.9950662390E-01    7.8992772971E-01
    4.6800100000E-01    9.9949595674E-01    7.8992798901E-01
    4.6900100000E-01    9.9948508246E-01    7.8992825335E-01
    4.7000100000E-01    9.9947399749E-01    7.8992852282E-01
    4.7100100000E-01    9.9946269820E-01    7.8992879749E-01
    4.7200100000E-01    9.9945118094E-01    7.8992907747E-01
    4.7300100000E-01    9.9943944196E-01    7.8992936283E-01
    4.7400100000E-01    9.9942747747E-01    7.8992965368E-01
    4.7500100000E-01    9.9941528365E-01    7.8992995011E-01
    4.7600100000E-01    9.9940285658E-01    7.8993025220E-01
    4.7700100000E-01    9.9939019231E-01    7.8993056007E-01
    4.7800100000E-01    9.9937728683E-01    7.8993087380E-01
    4.7900100000E-01    9.9936413605E-01    7.8993119349E-01
    4.8000100000E-01    9.9935073585E-01    7.8993151925E-01
    4.8100100000E-01    9.9933708203E-01    7.8993185117E-01
    4.8200100000E-01    9.9932317032E-01    7.8993218937E-01
    4.8300100000E-01    9.9930899642E-01    7.8993253394E-01
    4.8400100000E-01    9.9929455593E-01    7.8993288500E-01
    4.8500100000E-01    9.9927984440E-01    7.8993324264E-01
    4.8600100000E-01    9.9926485733E-01    7.8993360699E-01
    4.8700100000E-01    9.9924959014E-01    7.8993397815E-01
    4.8800100000E-01    9.9923403819E-01    7.8993435623E-01
    4.8900100000E-01    9.9921819675E-01    7.8993474135E-01
    4.9000100000E-01    9.9920206105E-01    7.8993513363E-01
    4.9100100000E-01    9.9918562625E-01    7.8993553318E-01
    4.9200100000E-01    9.9916888742E-01    7.8993594013E-01
    4.9300100000E-01    9.9915183958E-01    7.8993635459E-01
    4.9400100000E-01    9.9913447766E-01    7.8993677669E-01
    4.9500100000E-01    9.9911679654E-01    7.8993720655E-01
    4.9600100000E-01    9.9909879100E-01    7.8993764430E-01
    4.9700100000E-01    9.9908045577E-01    7.8993809007E-01
    4.9800100000E-01    9.9906178548E-01    7.8993854399E-01
    4.9900100000E-01    9.9904277472E-01    7.8993900619E-01
    5.0000100000E-01    9.9902341797E-01    7.8993947681E-01
    5.0100100000E-01    9.9900370964E-01    7.8993995597E-01
    5.0200100000E-01    9.9898364408E-01    7.8994044383E-01
    5.0300100000E-01    9.9896321553E-01    7.8994094051E-01
    5.0400100000E-01    9.9894241817E-01    7.8994144616E-01
    5.0500100000E-01    9.9892124609E-01    7.8994196093E-01
    5.0600100000E-01    9.9889969332E-01    7.8994248496E-01
    5.0700100000E-01    9.9887775376E-01    7.8994301840E-01
    5.0800100000E-01    9.9885542127E-01    7.8994356139E-01
    5.0900100000E-01    9.9883268960E-01    7.8994411409E-01
    5.1000100000E-01    9.9880955242E-01    7.8994467666E-01
    5.1100100000E-01    9.9878600332E-01    7.8994524925E-01
    5.1200100000E-01    9.9876203578E-01    7.8994583202E-01
    5.1300100000E-01    9.9873764322E-01    7.8994642512E-01
    5.1400100000E-01    9.9871281894E-01    7.8994702873E-01
    5.1500100000E-01    9.9868755618E-01    7.8994764301E-01
    5.1600100000E-01    9.9866184805E-01    7.8994826812E-01
    5.1700100000E-01    9.9863568758E-01    7.8994890423E-01
    5.1800100000E-01    9.9860906773E-01    7.8994955153E-01
    5.1900100000E-01    9.9858198134E-01    7.8995021017E-01
    5.2000100000E-01    9.9855442114E-01    7.8995088034E-01
    5.2100100000E-01    9.9852637979E-01    7.8995156221E-01
    5.2200100000E-01    9.9849784983E-01    7.8995225598E-01
    5.2300100000E-01    9.9846882372E-01    7.8995296181E-01
    5.2400100000E-01    9.9843929379E-01    7.8995367991E-01
    5.2500100000E-01    9.9840925229E-01    7.8995441045E-01
    5.2600100000E-01    9.9837869136E-01    7.8995515363E-01
    5.2700100000E-01    9.9834760302E-01    7.8995590965E-01
    5.2800100000E-01    9.9831597920E-01    7.8995667869E-01
    5.2900100000E-01    9.9828381173E-01    7.8995746097E-01
    5.3000100000E-01    9.9825109230E-01    7.8995825667E-01
    5.3100100000E-01    9.9821781251E-01    7.8995906601E-01
    5.3200100000E-01    9.9818396386E-01    7.8995988920E-01
    5.3300100000E-01    9.9814953771E-01    7.8996072644E-01
    5.3400100000E-01    9.9811452533E-01    7.8996157795E-01
    5.3500100000E-01    9.9807891784E-01    7.8996244394E-01
    5.3600100000E-01    9.9804270629E-01    7.8996332464E-01
    5.3700100000E-01    9.9800588158E-01    7.8996422025E-01
    5.3800100000E-01    9.9796843450E-01    7.8996513102E-01
    5.3900100000E-01    9.9793035571E-01    7.8996605716E-01
    5.4000100000E-01    9.9789163576E-01    7.8996699891E-01
    5.4100100000E-01    9.9785226508E-01    7.8996795650E-01
    5.4200100000E-01    9.9781223395E-01    7.8996893016E-01
    5.4300100000E-01    9.9777153256E-01    7.8996992014E-01
    5.4400100000E-01    9.9773015093E-01    7.8997092669E-01
    5.4500100000E-01    9.9768807899E-01    7.8997195003E-01
    5.4600100000E-01    9.9764530652E-01    7.8997299043E-01
    5.4700100000E-01    9.9760182317E-01    7.8997404814E-01
    5.4800100000E-01    9.9755761845E-01    7.8997512341E-01
    5.4900100000E-01    9.9751268176E-01    7.8997621651E-01
    5.5000100000E-01    9.9746700232E-01    7.8997732768E-01
    5.5100100000E-01    9.9742056926E-01    7.8997845721E-01
    5.5200100000E-01    9.9737337154E-01    7.8997960536E-01
    5.5300100000E-01    9.9732539799E-01    7.8998077240E-01
    5.5400100000E-01    9.9727663729E-01    7.8998195860E-01
    5.5500100000E-01    9.9722707798E-01    7.8998316426E-01
    5.5600100000E-01    9.9717670846E-01    7.8998438965E-01
    5.5700100000E-01    9.9712551697E-01    7.8998563505E-01
    5.5800100000E-01    9.9707349162E-01    7.8998690077E-01
    5.5900100000E-01    9.9702062034E-01    7.8998818709E-01
    5.6000100000E-01    9.9696689095E-01    7.8998949431E-01
    5.6100100000E-01    9.9691229107E-01    7.8999082273E-01
    5.6200100000E-01    9.9685680820E-01    7.8999217266E-01
    5.6300100000E-01    9.9680042966E-01    7.8999354441E-01
    5.6400100000E-01    9.9674314263E-01    7.8999493829E-01
    5.6500100000E-01    9.9668493411E-01    7.8999635462E-01
    5.6600100000E-01    9.9662579096E-01    7.8999779372E-01
    5.6700100000E-01    9.9656569985E-01    7.8999925592E-01
    5.6800100000E-01    9.9650464731E-01    7.9000074154E-01
    5.6900100000E-01    9.9644261969E-01    7.9000225092E-01
    5.7000100000E-01    9.9637960317E-01    7.9000378440E-01
    5.7100100000E-01    9.9631558376E-01    7.9000534232E-01
    5.7200100000E-01    9.9625054729E-01    7.9000692502E-01
    5.7300100000E-01    9.9618447943E-01    7.9000853286E-01
    5.7400100000E-01    9.9611736567E-01    7.9001016618E-01
    5.7500100000E-01    9.9604919131E-01    7.9001182536E-01
    5.7600100000E-01    9.9597994149E-01    7.9001351075E-01
    5.7700100000E-01    9.9590960114E-01    7.9001522273E-01
    5.7800100000E-01    9.9583815504E-01    7.9001696165E-01
    5.7900100000E-01    9.9576558774E-01    7.9001872791E-01
    5.8000100000E-01    9.9569188365E-01    7.9002052189E-01
    5.8100100000E-01    9.9561702696E-01    7.9002234396E-01
    5.8200100000E-01    9.9554100168E-01    7.9002419453E-01
    5.8300100000E-01    9.9546379162E-01    7.9002607399E-01
    5.8400100000E-01    9.9538538039E-01    7.9002798273E-01
    5.8500100000E-01    9.9530575141E-01    7.9002992117E-01
    5.8600100000E-01    9.9522488790E-01    7.9003188972E-01
    5.8700100000E-01    9.9514277288E-01    7.9003388879E-01
    5.8800100000E-01    9.9505938916E-01    7.9003591881E-01
    5.8900100000E-01    9.9497471935E-01    7.9003798019E-01
    5.9000100000E-01    9.9488874584E-01    7.9004007338E-01
    5.9100100000E-01    9.9480145082E-01    7.9004219880E-01
    5.9200100000E-01    9.9471281626E-01    7.9004435690E-01
    5.9300100000E-01    9.9462282393E-01    7.9004654813E-01
    5.9400100000E-01    9.9453145537E-01    7.9004877294E-01
    5.9500100000E-01    9.9443869189E-01    7.9005103178E-01
    5.9600100000E-01    9.9434451462E-01    7.9005332513E-01
    5.9700100000E-01    9.9424890441E-01    7.9005565344E-01
    5.9800100000E-01    9.9415184193E-01    7.9005801720E-01
    5.9900100000E-01    9.9405330761E-01    7.9006041689E-01
    6.0000100000E-01    9.9395328162E-01    7.9006285298E-01
    6.0100100000E-01    9.9385174394E-01    7.9006532597E-01
    6.0200100000E-01    9.9374867430E-01    7.9006783637E-01
    6.0300100000E-01    9.9364405217E-01    7.9007038467E-01
    6.0400100000E-01    9.9353785682E-01    7.9007297138E-01
    6.0500100000E-01    9.9343006724E-01    7.9007559702E-01
    6.0600100000E-01    9.9332066220E-01    7.9007826211E-01
    6.0700100000E-01    9.9320962021E-01    7.9008096717E-01
    6.0800100000E-01    9.9309691954E-01    7.9008371275E-01
    6.0900100000E-01    9.9298253819E-01    7.9008649938E-01
    6.1000100000E-01    9.9286645394E-01    7.9008932761E-01
    6.1100100000E-01    9.9274864428E-01    7.9009219800E-01
    6.1200100000E-01    9.9262908645E-01    7.9009511109E-01
    6.1300100000E-01    9.9250775743E-01    7.9009806746E-01
    6.1400100000E-01    9.9238463393E-01    7.9010106769E-01
    6.1500100000E-01    9.9225969241E-01    7.9010411234E-01
    6.1600100000E-01    9.9213290903E-01    7.9010720201E-01
    6.1700100000E-01    9.9200425971E-01    7.9011033729E-01
    6.1800100000E-01    9.9187372008E-01    7.9011351878E-01
    6.1900100000E-01    9.9174126547E-01    7.9011674708E-01
    6.2000100000E-01    9.9160687097E-01    7.9012002282E-01
    6.2100100000E-01    9.9147051136E-01    7.9012334661E-01
    6.2200100000E-01    9.9133216114E-01    7.9012671907E-01
    6.2300100000E-01    9.9119179452E-01    7.9013014086E-01
    6.2400100000E-01    9.9104938542E-01    7.9013361260E-01
    6.2500100000E-01    9.9090490746E-01    7.9013713495E-01
    6.2600100000E-01    9.9075833398E-01    7.9014070857E-01
    6.2700100000E-01    9.9060963800E-01    7.9014433412E-01
    6.2800100000E-01    9.9045879224E-01    7.9014801227E-01
    6.2900100000E-01    9.9030576912E-01    7.9015174372E-01
    6.3000100000E-01    9.9015054074E-01    7.9015552913E-01
    6.3100100000E-01    9.8999307891E-01    7.9015936922E-01
    6.3200100000E-01    9.8983335511E-01    7.9016326468E-01
    6.3300100000E-01    9.8967134049E-01    7.9016721623E-01
    6.3400100000E-01    9.8950700589E-01    7.9017122459E-01
    6.3500100000E-01    9.8934032185E-01    7.9017529048E-01
    6.3600100000E-01    9.8917125854E-01    7.9017941465E-01
    6.3700100000E-01    9.8899978582E-01    7.9018359784E-01
    6.3800100000E-01    9.8882587322E-01    7.9018784081E-01
    6.3900100000E-01    9.8864948994E-01    7.9019214431E-01
    6.4000100000E-01    9.8847060481E-01    7.9019650911E-01
    6.4100100000E-01    9.8828918634E-01    7.9020093601E-01
    6.4200100000E-01    9.8810520271E-01    7.9020542577E-01
    6.4300100000E-01    9.8791862170E-01    7.9020997921E-01
    6.4400100000E-01    9.8772941079E-01    7.9021459714E-01
    6.4500100000E-01    9.8753753707E-01    7.9021928035E-01
    6.4600100000E-01    9.8734296728E-01    7.9022402969E-01
    6.4700100000E-01    9.8714566781E-01    7.9022884597E-01
    6.4800100000E-01    9.8694560466E-01    7.9023373006E-01
    6.4900100000E-01    9.8674274348E-01    7.9023868279E-01
    6.5000100000E-01    9.8653704953E-01    7.9024370504E-01
    6.5100100000E-01    9.8632848772E-01    7.9024879767E-01
    6.5200100000E-01    9.8611702255E-01    7.9025396157E-01
    6.5300100000E-01    9.8590261815E-01    7.9025919762E-01
    6.5400100000E-01    9.8568523826E-01    7.9026450673E-01
    6.5500100000E-01    9.8546484624E-01    7.9026988982E-01
    6.5600100000E-01    9.8524140504E-01    7.9027534779E-01
    6.5700100000E-01    9.8501487721E-01    7.9028088159E-01
    6.5800100000E-01    9.8478522493E-01    7.9028649215E-01
    6.5900100000E-01    9.8455240993E-01    7.9029218043E-01
    6.6000100000E-01    9.8431639356E-01    7.9029794739E-01
    6.6100100000E-01    9.8407713676E-01    7.9030379401E-01
    6.6200100000E-01    9.8383460002E-01    7.9030972127E-01
    6.6300100000E-01    9.8358874346E-01    7.9031573016E-01
    6.6400100000E-01    9.8333952673E-01    7.9032182170E-01
    6.6500100000E-01    9.8308690907E-01    7.9032799690E-01
    6.6600100000E-01    9.8283084930E-01    7.9033425678E-01
    6.6700100000E-01    9.8257130578E-01    7.9034060239E-01
    6.6800100000E-01    9.8230823646E-01    7.9034703478E-01
    6.6900100000E-01    9.8204159881E-01    7.9035355502E-01
    6.7000100000E-01    9.8177134989E-01    7.9036016417E-01
    6.7100100000E-01    9.8149744627E-01    7.9036686332E-01
    6.7200100000E-01    9.8121984410E-01    7.9037365358E-01
    6.7300100000E-01    9.8093849904E-01    7.9038053605E-01
    6.7400100000E-01    9.8065336631E-01    7.9038751186E-01
    6.7500100000E-01    9.8036440064E-01    7.9039458214E-01
    6.7600100000E-01    9.8007155631E-01    7.9040174803E-01
    6.7700100000E-01    9.7977478710E-01    7.9040901070E-01
    6.7800100000E-01    9.7947404634E-01    7.9041637132E-01
    6.7900100000E-01    9.7916928683E-01    7.9042383107E-01
    6.8000100000E-01    9.7886046093E-01    7.9043139116E-01
    6.8100100000E-01    9.7854752046E-01    7.9043905279E-01
    6.8200100000E-01    9.7823041678E-01    7.9044681718E-01
    6.8300100000E-01    9.7790910073E-01    7.9045468558E-01
    6.8400100000E-01    9.7758352263E-01    7.9046265924E-01
    6.8500100000E-01    9.7725363232E-01    7.9047073941E-01
    6.8600100000E-01    9.7691937909E-01    7.9047892738E-01
    6.8700100000E-01    9.7658071174E-01    7.9048722444E-01
    6.8800100000E-01    9.7623757852E-01    7.9049563190E-01
    6.8900100000E-01    9.7588992717E-01    7.9050415107E-01
    6.9000100000E-01    9.7553770487E-01    7.9051278329E-01
    6.9100100000E-01    9.7518085829E-01    7.9052152991E-01
    6.9200100000E-01    9.7481933354E-01    7.9053039229E-01
    6.9300100000E-01    9.7445307618E-01    7.9053937180E-01
    6.9400100000E-01    9.7408203122E-01    7.9054846985E-01
    6.9500100000E-01    9.7370614312E-01    7.9055768784E-01
    6.9600100000E-01    9.7332535576E-01    7.9056702718E-01
    6.9700100000E-01    9.7293961247E-01    7.9057648933E-01
    6.9800100000E-01    9.7254885598E-01    7.9058607572E-01
    6.9900100000E-01    9.7215302849E-01    7.9059578784E-01
    7.0000100000E-01    9.7175207156E-01    7.9060562716E-01
    7.0100100000E-01    9.7134592621E-01    7.9061559519E-01
    7.0200100000E-01    9.7093453283E-01    7.9062569345E-01
    7.0300100000E-01    9.7051783123E-01    7.9063592346E-01
    7.0400100000E-01    9.7009576063E-01    7.9064628677E-01
    7.0500100000E-01    9.6966825962E-01    7.9065678495E-01
    7.0600100000E-01    9.6923526617E-01    7.9066741959E-01
    7.0700100000E-01    9.6879671766E-01    7.9067819228E-01
    7.0800100000E-01    9.6835255083E-01    7.9068910465E-01
    7.0900100000E-01    9.6790270178E-01    7.9070015831E-01
    7.1000100000E-01    9.6744710600E-01    7.9071135493E-01
    7.1100100000E-01    9.6698569832E-01    7.9072269617E-01
    7.1200100000E-01    9.6651841292E-01    7.9073418372E-01
    7.1300100000E-01    9.6604518336E-01    7.9074581929E-01
    7.1400100000E-01    9.6556594250E-01    7.9075760460E-01
    7.1500100000E-01    9.6508062258E-01    7.9076954138E-01
    7.1600100000E-01    9.6458915514E-01    7.9078163140E-01
    7.1700100000E-01    9.6409147106E-01    7.9079387644E-01
    7.1800100000E-01    9.6358750055E-01    7.9080627829E-01
    7.1900100000E-01    9.6307717311E-01    7.9081883877E-01
    7.2000100000E-01    9.6256041758E-01    7.9083155971E-01
    7.2100100000E-01    9.6203716208E-01    7.9084444298E-01
    7.2200100000E-01    9.6150733404E-01    7.9085749044E-01
    7.2300100000E-01    9.6097086018E-01    7.9087070399E-01
    7.2400100000E-01    9.6042766650E-01    7.9088408555E-01
    7.2500100000E-01    9.5987767828E-01    7.9089763704E-01
    7.2600100000E-01    9.5932082009E-01    7.9091136043E-01
    7.2700100000E-01    9.5875701575E-01    7.9092525769E-01
    7.2800100000E-01    9.5818618834E-01    7.9093933083E-01
    7.2900100000E-01    9.5760826022E-01    7.9095358184E-01
    7.3000100000E-01    9.5702315298E-01    7.9096801279E-01
    7.3100100000E-01    9.5643078746E-01    7.9098262572E-01
    7.3200100000E-01    9.5583108373E-01    7.9099742273E-01
    7.3300100000E-01    9.5522396109E-01    7.9101240591E-01
    7.3400100000E-01    9.5460933808E-01    7.9102757740E-01
    7.3500100000E-01    9.5398713245E-01    7.9104293935E-01
    7.3600100000E-01    9.5335726116E-01    7.9105849392E-01
    7.3700100000E-01    9.5271964036E-01    7.9107424331E-01
    7.3800100000E-01    9.5207418544E-01    7.9109018975E-01
    7.3900100000E-01    9.5142081095E-01    7.9110633548E-01
    7.4000100000E-01    9.5075943062E-01    7.9112268275E-01
    7.4100100000E-01    9.5008995738E-01    7.9113923387E-01
    7.4200100000E-01    9.4941230333E-01    7.9115599115E-01
    7.4300100000E-01    9.4872637972E-01    7.9117295692E-01
    7.4400100000E-01    9.4803209698E-01    7.9119013356E-01
    7.4500100000E-01    9.4732936468E-01    7.9120752344E-01
    7.4600100000E-01    9.4661809152E-01    7.9122512899E-01
    7.4700100000E-01    9.4589818537E-01    7.9124295264E-01
    7.4800100000E-01    9.4516955322E-01    7.9126099686E-01
    7.4900100000E-01    9.4443210116E-01    7.9127926414E-01
    7.5000100000E-01    9.4368573444E-01    7.9129775700E-01
    7.5100100000E-01    9.4293035738E-01    7.9131647798E-01
    7.5200100000E-01    9.4216587343E-01    7.9133542966E-01
    7.5300100000E-01    9.4139218512E-01    7.9135461464E-01
    7.5400100000E-01    9.4060919408E-01    7.9137403553E-01
    7.5500100000E-01    9.3981680102E-01    7.9139369501E-01
    7.5600100000E-01    9.3901490571E-01    7.9141359574E-01
    7.5700100000E-01    9.3820340700E-01    7.9143374044E-01
    7.5800100000E-01    9.3738220279E-01    7.9145413184E-01
    7.5900100000E-01    9.3655119005E-01    7.9147477273E-01
    7.6000100000E-01    9.3571026477E-01    7.9149566590E-01
    7.6100100000E-01    9.3485932199E-01    7.9151681416E-01
    7.6200100000E-01    9.3399825577E-01    7.9153822039E-01
    7.6300100000E-01    9.3312695921E-01    7.9155988748E-01
    7.6400100000E-01    9.3224532441E-01    7.9158181833E-01
    7.6500100000E-01    9.3135324246E-01    7.9160401590E-01
    7.6600100000E-01    9.3045060348E-01    7.9162648318E-01
    7.6700100000E-01    9.2953729656E-01    7.9164922317E-01
    7.6800100000E-01    9.2861320977E-01    7.9167223892E-01
    7.6900100000E-01    9.2767823016E-01    7.9169553350E-01
    7.7000100000E-01    9.2673224375E-01    7.9171911004E-01
    7.7100100000E-01    9.2577513551E-01    7.9174297167E-01
    7.7200100000E-01    9.2480678937E-01    7.9176712158E-01
    7.7300100000E-01    9.2382708817E-01    7.9179156296E-01
    7.7400100000E-01    9.2283591374E-01    7.9181629907E-01
    7.7500100000E-01    9.2183314677E-01    7.9184133319E-01
    7.7600100000E-01    9.2081866692E-01    7.9186666864E-01
    7.7700100000E-01    9.1979235273E-01    7.9189230875E-01
    7.7800100000E-01    9.1875408164E-01    7.9191825693E-01
    7.7900100000E-01    9.1770372999E-01    7.9194451660E-01
    7.8000100000E-01    9.1664117299E-01    7.9197109120E-01
    7.8100100000E-01    9.1556628475E-01    7.9199798425E-01
    7.8200100000E-01    9.1447893821E-01    7.9202519928E-01
    7.8300100000E-01    9.1337900519E-01    7.9205273985E-01
    7.8400100000E-01    9.1226635636E-01    7.9208060959E-01
    7.8500100000E-01    9.1114086120E-01    7.9210881213E-01
    7.8600100000E-01    9.1000238805E-01    7.9213735117E-01
    7.8700100000E-01    9.0885080406E-01    7.9216623044E-01
    7.8800100000E-01    9.0768597519E-01    7.9219545370E-01
    7.8900100000E-01    9.0650776620E-01    7.9222502478E-01
    7.9000100000E-01    9.0531604065E-01    7.9225494751E-01
    7.9100100000E-01    9.0411066088E-01    7.9228522579E-01
    7.9200100000E-01    9.0289148801E-01    7.9231586356E-01
    7.9300100000E-01    9.0165838191E-01    7.9234686479E-01
    7.9400100000E-01    9.0041120123E-01    7.9237823350E-01
    7.9500100000E-01    8.9914980335E-01    7.9240997377E-01
    7.9600100000E-01    8.9787404439E-01    7.9244208969E-01
    7.9700100000E-01    8.9658377919E-01    7.9247458543E-01
    7.9800100000E-01    8.9527886133E-01    7.9250746517E-01
    7.9900100000E-01    8.9395914308E-01    7.9254073317E-01
    8.0000100000E-01    8.9262447542E-01    7.9257439372E-01
    8.0100100000E-01    8.9127470799E-01    7.9260845115E-01
    8.0200100000E-01    8.8990968915E-01    7.9264290985E-01
    8.0300100000E-01    8.8852926591E-01    7.9267777425E-01
    8.0400100000E-01    8.8713328393E-01    7.9271304884E-01
    8.0500100000E-01    8.8572158753E-01    7.9274873814E-01
    8.0600100000E-01    8.8429401966E-01    7.9278484674E-01
    8.0700100000E-01    8.8285042192E-01    7.9282137927E-01
    8.0800100000E-01    8.8139063450E-01    7.9285834042E-01
    8.0900100000E-01    8.7991449620E-01    7.9289573491E-01
    8.1000100000E-01    8.7842184445E-01    7.9293356754E-01
    8.1100100000E-01    8.7691251524E-01    7.9297184314E-01
    8.1200100000E-01    8.7538634313E-01    7.9301056660E-01
    8.1300100000E-01    8.7384316127E-01    7.9304974289E-01
    8.1400100000E-01    8.7228280134E-01    7.9308937699E-01
    8.1500100000E-01    8.7070509358E-01    7.9312947397E-01
    8.1600100000E-01    8.6910986677E-01    7.9317003895E-01
    8.1700100000E-01    8.6749694819E-01    7.9321107709E-01
    8.1800100000E-01    8.6586616367E-01    7.9325259363E-01
    8.1900100000E-01    8.6421733749E-01    7.9329459385E-01
    8.2000100000E-01    8.6255029246E-01    7.9333708311E-01
    8.2100100000E-01    8.6086484986E-01    7.9338006681E-01
    8.2200100000E-01    8.5916082942E-01    7.9342355042E-01
    8.2300100000E-01    8.5743804936E-01    7.9346753947E-01
    8.2400100000E-01    8.5569632631E-01    7.9351203956E-01
    8.2500100000E-01    8.5393547535E-01    7.9355705634E-01
    8.2600100000E-01    8.5215531000E-01    7.9360259554E-01
    8.2700100000E-01    8.5035564215E-01    7.9364866294E-01
    8.2800100000E-01    8.4853628212E-01    7.9369526439E-01
    8.2900100000E-01    8.4669703862E-01    7.9374240581E-01
    8.3000100000E-01    8.4483771872E-01    7.9379009319E-01
    8.3100100000E-01    8.4295812785E-01    7.9383833258E-01
    8.3200100000E-01    8.4105806981E-01    7.9388713011E-01
    8.3300100000E-01    8.3913734673E-01    7.9393649197E-01
    8.3400100000E-01    8.3719575907E-01    7.9398642442E-01
    8.3500100000E-01    8.3523310561E-01    7.9403693381E-01
    8.3600100000E-01    8.3324918344E-01    7.9408802654E-01
    8.3700100000E-01    8.3124378791E-01    7.9413970910E-01
    8.3800100000E-01    8.2921671268E-01    7.9419198806E-01
    8.3900100000E-01    8.2716774968E-01    7.9424487004E-01
    8.4000100000E-01    8.2509668907E-01    7.9429836177E-01
    8.4100100000E-01    8.2300331926E-01    7.9435247003E-01
    8.4200100000E-01    8.2088742692E-01    7.9440720170E-01
    8.4300100000E-01    8.1874879689E-01    7.9446256373E-01
    8.4400100000E-01    8.1658721224E-01    7.9451856315E-01
    8.4500100000E-01    8.1440245423E-01    7.9457520708E-01
    8.4600100000E-01    8.1219430229E-01    7.9463250273E-01
    8.4700100000E-01    8.0996253403E-01    7.9469045737E-01
    8.4800100000E-01    8.0770692519E-01    7.9474907838E-01
    8.4900100000E-01    8.0542724967E-01    7.9480837322E-01
    8.5000100000E-01    8.0312327948E-01    7.9486834945E-01
    8.5100100000E-01    8.0079478475E-01    7.9492901468E-01
    8.5200100000E-01    7.9844153372E-01    7.9499037667E-01
    8.5300100000E-01    7.9606329269E-01    7.9505244323E-01
    8.5400100000E-01    7.9365982606E-01    7.9511522228E-01
    8.5500100000E-01    7.9123089627E-01    7.9517872182E-01
    8.5600100000E-01    7.8877626380E-01    7.9524294998E-01
    8.5700100000E-01    7.8629568719E-01    7.9530791495E-01
    8.5800100000E-01    7.8378892296E-01    7.9537362505E-01
    8.5900100000E-01    7.8125572566E-01    7.9544008868E-01
    8.6000100000E-01    7.7869584782E-01    7.9550731435E-01
    8.6100100000E-01    7.7610903995E-01    7.9557531069E-01
    8.6200100000E-01    7.7349505051E-01    7.9564408640E-01
    8.6300100000E-01    7.7085362592E-01    7.9571365031E-01
    8.6400100000E-01    7.6818451052E-01    7.9578401137E-01
    8.6500100000E-01    7.6548744658E-01    7.9585517862E-01
    8.6600100000E-01    7.6276217426E-01    7.9592716122E-01
    8.6700100000E-01    7.6000843162E-01    7.9599996844E-01
    8.6800100000E-01    7.5722595459E-01    7.9607360967E-01
    8.6900100000E-01    7.5441447695E-01    7.9614809442E-01
    8.7000100000E-01    7.5157373035E-01    7.9622343232E-01
    8.7100100000E-01    7.4870344425E-01    7.9629963310E-01
    8.7200100000E-01    7.4580334592E-01    7.9637670664E-01
    8.7300100000E-01    7.4287316044E-01    7.9645466294E-01
    8.7400100000E-01    7.3991261067E-01    7.9653351211E-01
    8.7500100000E-01    7.3692141724E-01    7.9661326440E-01
    8.7600100000E-01    7.3389929854E-01    7.9669393020E-01
    8.7700100000E-01    7.3084597069E-01    7.9677552002E-01
    8.7800100000E-01    7.2776114753E-01    7.9685804450E-01
    8.7900100000E-01    7.2464454062E-01    7.9694151444E-01
    8.8000100000E-01    7.2149585919E-01    7.9702594075E-01
    8.8100100000E-01    7.1831481017E-01    7.9711133451E-01
    8.8200100000E-01    7.1510109812E-01    7.9719770692E-01
    8.8300100000E-01    7.1185442528E-01    7.9728506934E-01
    8.8400100000E-01    7.0857449148E-01    7.9737343327E-01
    8.8500100000E-01    7.0526099419E-01    7.9746281038E-01
    8.8600100000E-01    7.0191362846E-01    7.9755321246E-01
    8.8700100000E-01    6.9853208693E-01    7.9764465150E-01
    8.8800100000E-01    6.9511605977E-01    7.9773713960E-01
    8.8900100000E-01    6.9166523475E-01    7.9783068906E-01
    8.9000100000E-01    6.8817929712E-01    7.9792531232E-01
    8.9100100000E-01    6.8465792966E-01    7.9802102201E-01
    8.9200100000E-01    6.8110081265E-01    7.9811783090E-01
    8.9300100000E-01    6.7750762384E-01    7.9821575196E-01
    8.9400100000E-01    6.7387803845E-01    7.9831479831E-01
    8.9500100000E-01    6.7021172914E-01    7.9841498327E-01
    8.9600100000E-01    6.6650836599E-01    7.9851632033E-01
    8.9700100000E-01    6.6276761649E-01    7.9861882318E-01
    8.9800100000E-01    6.5898914554E-01    7.9872250566E-01
    8.9900100000E-01    6.5517261540E-01    7.9882738185E-01
    9.0000100000E-01    6.5131768568E-01    7.9893346598E-01
    9.0100100000E-01    6.4742401334E-01    7.9904077252E-01
    9.0200100000E-01    6.4349125267E-01    7.9914931609E-01
    9.0300100000E-01    6.3951905524E-01    7.9925911157E-01
    9.0400100000E-01    6.3550706993E-01    7.9937017401E-01
    9.0500100000E-01    6.3145494287E-01    7.9948251869E-01
    9.0600100000E-01    6.2736231745E-01    7.9959616108E-01
    9.0700100000E-01    6.2322883428E-01    7.9971111692E-01
    9.0800100000E-01    6.1905413120E-01    7.9982740212E-01
    9.0900100000E-01    6.1483784323E-01    7.9994503285E-01
    9.1000100000E-01    6.1057960256E-01    8.0006402550E-01
    9.1100100000E-01    6.0627903856E-01    8.0018439670E-01
    9.1200100000E-01    6.0193577771E-01    8.0030616332E-01
    9.1300100000E-01    5.9754944363E-01    8.0042934248E-01
    9.1400100000E-01    5.9311965702E-01    8.0055395153E-01
    9.1500100000E-01    5.8864603570E-01    8.0068000811E-01
    9.1600100000E-01    5.8412819449E-01    8.0080753007E-01
    9.1700100000E-01    5.7956574532E-01    8.0093653557E-01
    9.1800100000E-01    5.7495829709E-01    8.0106704302E-01
    9.1900100000E-01    5.7030545573E-01    8.0119907110E-01
    9.2000100000E-01    5.6560682414E-01    8.0133263877E-01
    9.2100100000E-01    5.6086200220E-01    8.0146776528E-01
    9.2200100000E-01    5.5607058671E-01    8.0160447016E-01
    9.2300100000E-01    5.5123217143E-01    8.0174277326E-01
    9.2400100000E-01    5.4634634698E-01    8.0188269471E-01
    9.2500100000E-01    5.4141270090E-01    8.0202425494E-01
    9.2600100000E-01    5.3643081758E-01    8.0216747472E-01
    9.2700100000E-01    5.3140027824E-01    8.0231237511E-01
    9.2800100000E-01    5.2632066095E-01    8.0245897753E-01
    9.2900100000E-01    5.2119154055E-01    8.0260730370E-01
    9.3000100000E-01    5.1601248868E-01    8.0275737570E-01
    9.3100100000E-01    5.1078307375E-01    8.0290921595E-01
    9.3200100000E-01    5.0550286089E-01    8.0306284721E-01
    9.3300100000E-01    5.0017141195E-01    8.0321829262E-01
    9.3400100000E-01    4.9478828549E-01    8.0337557568E-01
    9.3500100000E-01    4.8935303672E-01    8.0353472026E-01
    9.3600100000E-01    4.8386521754E-01    8.0369575062E-01
    9.3700100000E-01    4.7832437645E-01    8.0385869140E-01
    9.3800100000E-01    4.7273005859E-01    8.0402356766E-01
    9.3900100000E-01    4.6708180565E-01    8.0419040485E-01
    9.4000100000E-01    4.6137915593E-01    8.0435922883E-01
    9.4100100000E-01    4.5562164425E-01    8.0453006591E-01
    9.4200100000E-01    4.4980880195E-01    8.0470294280E-01
    9.4300100000E-01    4.4394015689E-01    8.0487788668E-01
    9.4400100000E-01    4.3801523340E-01    8.0505492518E-01
    9.4500100000E-01    4.3203355226E-01    8.0523408638E-01
    9.4600100000E-01    4.2599463068E-01    8.0541539883E-01
    9.4700100000E-01    4.1989798229E-01    8.0559889158E-01
    9.4800100000E-01    4.1374311711E-01    8.0578459416E-01
    9.4900100000E-01    4.0752954152E-01    8.0597253661E-01
    9.5000100000E-01    4.0125675824E-01    8.0616274948E-01
    9.5100100000E-01    3.9492426631E-01    8.0635526385E-01
    9.5200100000E-01    3.8853156106E-01    8.0655011134E-01
    9.5300100000E-01    3.8207813410E-01    8.0674732413E-01
    9.5400100000E-01    3.7556347329E-01    8.0694693493E-01
    9.5500100000E-01    3.6898706271E-01    8.0714897706E-01
    9.5600100000E-01    3.6234838263E-01    8.0735348441E-01
    9.5700100000E-01    3.5564690952E-01    8.0756049149E-01
    9.5800100000E-01    3.4888211597E-01    8.0777003342E-01
    9.5900100000E-01    3.4205347073E-01    8.0798214593E-01
    9.6000100000E-01    3.3516043864E-01    8.0819686543E-01
    9.6100100000E-01    3.2820248061E-01    8.0841422896E-01
    9.6200100000E-01    3.2117905363E-01    8.0863427426E-01
    9.6300100000E-01    3.1408961070E-01    8.0885703976E-01
    9.6400100000E-01    3.0693360083E-01    8.0908256458E-01
    9.6500100000E-01    2.9971046900E-01    8.0931088858E-01
    9.6600100000E-01    2.9241965617E-01    8.0954205237E-01
    9.6700100000E-01    2.8506059922E-01    8.0977609731E-01
    9.6800100000E-01    2.7763273092E-01    8.1001306555E-01
    9.6900100000E-01    2.7013547992E-01    8.1025300003E-01
    9.7000100000E-01    2.6256827076E-01    8.1049594452E-01
    9.7100100000E-01    2.5493052376E-01    8.1074194362E-01
    9.7200100000E-01    2.4722165507E-01    8.1099104279E-01
    9.7300100000E-01    2.3944107660E-01    8.1124328840E-01
    9.7400100000E-01    2.3158819604E-01    8.1149872768E-01
    9.7500100000E-01    2.2366241675E-01    8.1175740882E-01
    9.7600100000E-01    2.1566313784E-01    8.1201938095E-01
    9.7700100000E-01    2.0758975406E-01    8.1228469418E-01
    9.7800100000E-01    1.9944165582E-01    8.1255339963E-01
    9.7900100000E-01    1.9121822913E-01    8.1282554943E-01
    9.8000100000E-01    1.8291885560E-01    8.1310119676E-01
    9.8100100000E-01    1.7454291240E-01    8.1338039592E-01
    9.8200100000E-01    1.6608977223E-01    8.1366320228E-01
    9.8300100000E-01    1.5755880332E-01    8.1394967237E-01
    9.8400100000E-01    1.4894936935E-01    8.1423986389E-01
    9.8500100000E-01    1.4026082947E-01    8.1453383574E-01
    9.8600100000E-01    1.3149253826E-01    8.1483164805E-01
    9.8700100000E-01    1.2264384568E-01    8.1513336224E-01
    9.8800100000E-01    1.1371409707E-01    8.1543904101E-01
    9.8900100000E-01    1.0470263310E-01    8.1574874842E-01
    9.9000100000E-01    9.5608789777E-02    8.1606254989E-01
    9.9100100000E-01    8.6431898362E-02    8.1638051227E-01
    9.9200100000E-01    7.7171285385E-02    8.1670270386E-01
    9.9300100000E-01    6.7826272603E-02    8.1702919446E-01
    9.9400100000E-01    5.8396176967E-02    8.1736005542E-01
    9.9500100000E-01    4.8880310595E-02    8.1769535966E-01
    9.9600100000E-01    3.9277980747E-02    8.1803518173E-01
    9.9700100000E-01    2.9588489790E-02    8.1837959787E-01
    9.9800100000E-01    1.9811135170E-02    8.1872868605E-01
    9.9900100000E-01    9.9452093864E-03    8.1908252600E-01
    1.0000010000E+00   -1.0000045009E-05    8.1944119930E-01
