    1.0000000000E-06    1.0000000000E+00    9.7128392040E-01
    1.0010000000E-03    1.0000000000E+00    9.7128392040E-01
    2.0010000000E-03    1.0000000000E+00    9.7128392040E-01
    3.0010000000E-03    1.0000000000E+00    9.7128392040E-01
    4.0010000000E-03    1.0000000000E+00    9.7128392040E-01
    5.0010000000E-03    1.0000000000E+00    9.7128392040E-01
    6.0010000000E-03    1.0000000000E+00    9.7128392040E-01
    7.0010000000E-03    1.0000000000E+00    9.7128392040E-01
    8.0010000000E-03    1.0000000000E+00    9.7128392040E-01
    9.0010000000E-03    1.0000000000E+00    9.7128392040E-01
    1.0001000000E-02    1.0000000000E+00    9.7128392040E-01
    1.1001000000E-02    1.0000000000E+00    9.7128392040E-01
    1.2001000000E-02    1.0000000000E+00    9.7128392040E-01
    1.3001000000E-02    1.0000000000E+00    9.7128392040E-01
    1.4001000000E-02    1.0000000000E+00    9.7128392040E-01
    1.5001000000E-02    1.0000000000E+00    9.7128392040E-01
    1.6001000000E-02    1.0000000000E+00    9.7128392040E-01
    1.7001000000E-02    1.0000000000E+00    9.7128392040E-01
    1.8001000000E-02    1.0000000000E+00    9.7128392040E-01
    1.9001000000E-02    1.0000000000E+00    9.7128392040E-01
    2.0001000000E-02    1.0000000000E+00    9.7128392040E-01
    2.1001000000E-02    1.0000000000E+00    9.7128392040E-01
    2.2001000000E-02    1.0000000000E+00    9.7128392040E-01
    2.3001000000E-02    1.0000000000E+00    9.7128392040E-01
    2.4001000000E-02    1.0000000000E+00    9.7128392040E-01
    2.5001000000E-02    1.0000000000E+00    9.7128392040E-01
    2.6001000000E-02    1.0000000000E+00    9.7128392040E-01
    2.7001000000E-02    1.0000000000E+00    9.7128392040E-01
    2.8001000000E-02    1.0000000000E+00    9.7128392040E-01
    2.9001000000E-02    1.0000000000E+00    9.7128392040E-01
    3.0001000000E-02    1.0000000000E+00    9.7128392040E-01
    3.1001000000E-02    1.0000000000E+00    9.7128392040E-01
    3.2001000000E-02    1.0000000000E+00    9.7128392040E-01
    3.3001000000E-02    1.0000000000E+00    9.7128392040E-01
    3.4001000000E-02    1.0000000000E+00    9.7128392040E-01
    3.5001000000E-02    1.0000000000E+00    9.7128392040E-01
    3.6001000000E-02    1.0000000000E+00    9.7128392040E-01
    3.7001000000E-02    1.0000000000E+00    9.7128392040E-01
    3.8001000000E-02    1.0000000000E+00    9.7128392040E-01
    3.9001000000E-02    1.0000000000E+00    9.7128392040E-01
    4.0001000000E-02    1.0000000000E+00    9.7128392040E-01
    4.1001000000E-02    1.0000000000E+00    9.7128392040E-01
    4.2001000000E-02    1.0000000000E+00    9.7128392040E-01
    4.3001000000E-02    1.0000000000E+00    9.7128392040E-01
    4.4001000000E-02    1.0000000000E+00    9.7128392040E-01
    4.5001000000E-02    1.0000000000E+00    9.7128392040E-01
    4.6001000000E-02    1.0000000000E+00    9.7128392040E-01
    4.7001000000E-02    1.0000000000E+00    9.7128392040E-01
    4.8001000000E-02    1.0000000000E+00    9.7128392040E-01
    4.9001000000E-02    1.0000000000E+00    9.7128392040E-01
    5.0001000000E-02    1.0000000000E+00    9.7128392040E-01
    5.1001000000E-02    1.0000000000E+00    9.7128392040E-01
    5.2001000000E-02    1.0000000000E+00    9.7128392040E-01
    5.3001000000E-02    1.0000000000E+00    9.7128392040E-01
    5.4001000000E-02    1.0000000000E+00    9.7128392040E-01
    5.5001000000E-02    1.0000000000E+00    9.7128392040E-01
    5.6001000000E-02    1.0000000000E+00    9.7128392040E-01
    5.7001000000E-02    1.0000000000E+00    9.7128392040E-01
    5.8001000000E-02    1.0000000000E+00    9.7128392040E-01
    5.9001000000E-02    1.0000000000E+00    9.7128392040E-01
    6.0001000000E-02    1.0000000000E+00    9.7128392040E-01
    6.1001000000E-02    1.0000000000E+00    9.7128392040E-01
    6.2001000000E-02    1.0000000000E+00    9.7128392040E-01
    6.3001000000E-02    1.0000000000E+00    9.7128392040E-01
    6.4001000000E-02    1.0000000000E+00    9.7128392040E-01
    6.5001000000E-02    1.0000000000E+00    9.7128392040E-01
    6.6001000000E-02    1.0000000000E+00    9.7128392040E-01
    6.7001000000E-02    1.0000000000E+00    9.7128392040E-01
    6.8001000000E-02    1.0000000000E+00    9.7128392040E-01
    6.9001000000E-02    1.0000000000E+00    9.7128392040E-01
    7.0001000000E-02    1.0000000000E+00    9.7128392040E-01
    7.1001000000E-02    1.0000000000E+00    9.7128392040E-01
    7.2001000000E-02    1.0000000000E+00    9.7128392040E-01
    7.3001000000E-02    1.0000000000E+00    9.7128392040E-01
    7.4001000000E-02    1.0000000000E+00    9.7128392040E-01
    7.5001000000E-02    1.0000000000E+00    9.7128392040E-01
    7.6001000000E-02    1.0000000000E+00    9.7128392040E-01
    7.7001000000E-02    1.0000000000E+00    9.7128392040E-01
    7.8001000000E-02    1.0000000000E+00    9.7128392040E-01
    7.9001000000E-02    1.0000000000E+00    9.7128392040E-01
    8.0001000000E-02    1.0000000000E+00    9.7128392040E-01
    8.1001000000E-02    1.0000000000E+00    9.7128392040E-01
    8.2001000000E-02    1.0000000000E+00    9.7128392040E-01
    8.3001000000E-02    1.0000000000E+00    9.7128392040E-01
    8.4001000000E-02    1.0000000000E+00    9.7128392040E-01
    8.5001000000E-02    1.0000000000E+00    9.7128392040E-01
    8.6001000000E-02    1.0000000000E+00    9.7128392040E-01
    8.7001000000E-02    1.0000000000E+00    9.7128392040E-01
    8.8001000000E-02    1.0000000000E+00    9.7128392040E-01
    8.9001000000E-02    1.0000000000E+00    9.7128392040E-01
    9.0001000000E-02    1.0000000000E+00    9.7128392040E-01
    9.1001000000E-02    1.0000000000E+00    9.7128392040E-01
    9.2001000000E-02    1.0000000000E+00    9.7128392040E-01
    9.3001000000E-02    1.0000000000E+00    9.7128392040E-01
    9.4001000000E-02    1.0000000000E+00    9.7128392040E-01
    9.5001000000E-02    1.0000000000E+00    9.7128392040E-01
    9.6001000000E-02    1.0000000000E+00    9.7128392040E-01
    9.7001000000E-02    1.0000000000E+00    9.7128392040E-01
    9.8001000000E-02    1.0000000000E+00    9.7128392040E-01
    9.9001000000E-02    1.0000000000E+00    9.7128392040E-01
    1.0000100000E-01    1.0000000000E+00    9.7128392040E-01
    1.0100100000E-01    1.0000000000E+00    9.7128392040E-01
    1.0200100000E-01    1.0000000000E+00    9.7128392040E-01
    1.0300100000E-01    1.0000000000E+00    9.7128392040E-01
    1.0400100000E-01    1.0000000000E+00    9.7128392040E-01
    1.0500100000E-01    1.0000000000E+00    9.7128392040E-01
    1.0600100000E-01    1.0000000000E+00    9.7128392040E-01
    1.0700100000E-01    1.0000000000E+00    9.7128392040E-01
    1.0800100000E-01    1.0000000000E+00    9.7128392040E-01
    1.0900100000E-01    1.0000000000E+00    9.7128392040E-01
    1.1000100000E-01    1.0000000000E+00    9.7128392040E-01
    1.1100100000E-01    1.0000000000E+00    9.7128392040E-01
    1.1200100000E-01    1.0000000000E+00    9.7128392040E-01
    1.1300100000E-01    1.0000000000E+00    9.7128392040E-01
    1.1400100000E-01    1.0000000000E+00    9.7128392040E-01
    1.1500100000E-01    1.0000000000E+00    9.7128392040E-01
    1.1600100000E-01    1.0000000000E+00    9.7128392040E-01
    1.1700100000E-01    1.0000000000E+00    9.7128392040E-01
    1.1800100000E-01    1.0000000000E+00    9.7128392040E-01
    1.1900100000E-01    1.0000000000E+00    9.7128392040E-01
    1.2000100000E-01    1.0000000000E+00    9.7128392040E-01
    1.2100100000E-01    1.0000000000E+00    9.7128392040E-01
    1.2200100000E-01    1.0000000000E+00    9.7128392040E-01
    1.2300100000E-01    1.0000000000E+00    9.7128392040E-01
    1.2400100000E-01    1.0000000000E+00    9.7128392040E-01
    1.2500100000E-01    1.0000000000E+00    9.7128392040E-01
    1.2600100000E-01    1.0000000000E+00    9.7128392040E-01
    1.2700100000E-01    1.0000000000E+00    9.7128392040E-01
    1.2800100000E-01    1.0000000000E+00    9.7128392040E-01
    1.2900100000E-01    1.0000000000E+00    9.7128392040E-01
    1.3000100000E-01    1.0000000000E+00    9.7128392040E-01
    1.3100100000E-01    1.0000000000E+00    9.7128392040E-01
    1.3200100000E-01    1.0000000000E+00    9.7128392040E-01
    1.3300100000E-01    1.0000000000E+00    9.7128392040E-01
    1.3400100000E-01    1.0000000000E+00    9.7128392040E-01
    1.3500100000E-01    1.0000000000E+00    9.7128392040E-01
    1.3600100000E-01    1.0000000000E+00    9.7128392040E-01
    1.3700100000E-01    1.0000000000E+00    9.7128392040E-01
    1.3800100000E-01    1.0000000000E+00    9.7128392040E-01
    1.3900100000E-01    1.0000000000E+00    9.7128392040E-01
    1.4000100000E-01    1.0000000000E+00    9.7128392040E-01
    1.4100100000E-01    1.0000000000E+00    9.7128392040E-01
    1.4200100000E-01    1.0000000000E+00    9.7128392040E-01
    1.4300100000E-01    1.0000000000E+00    9.7128392040E-01
    1.4400100000E-01    1.0000000000E+00    9.7128392040E-01
    1.4500100000E-01    1.0000000000E+00    9.7128392040E-01
    1.4600100000E-01    1.0000000000E+00    9.7128392040E-01
    1.4700100000E-01    1.0000000000E+00    9.7128392040E-01
    1.4800100000E-01    1.0000000000E+00    9.7128392040E-01
    1.4900100000E-01    1.0000000000E+00    9.7128392040E-01
    1.5000100000E-01    1.0000000000E+00    9.7128392040E-01
    1.5100100000E-01    1.0000000000E+00    9.7128392040E-01
    1.5200100000E-01    1.0000000000E+00    9.7128392040E-01
    1.5300100000E-01    1.0000000000E+00    9.7128392040E-01
    1.5400100000E-01    1.0000000000E+00    9.7128392040E-01
    1.5500100000E-01    1.0000000000E+00    9.7128392040E-01
    1.5600100000E-01    1.0000000000E+00    9.7128392040E-01
    1.5700100000E-01    1.0000000000E+00    9.7128392040E-01
    1.5800100000E-01    1.0000000000E+00    9.7128392040E-01
    1.5900100000E-01    1.0000000000E+00    9.7128392040E-01
    1.6000100000E-01    1.0000000000E+00    9.7128392040E-01
    1.6100100000E-01    1.0000000000E+00    9.7128392040E-01
    1.6200100000E-01    1.0000000000E+00    9.7128392040E-01
    1.6300100000E-01    1.0000000000E+00    9.7128392040E-01
    1.6400100000E-01    1.0000000000E+00    9.7128392040E-01
    1.6500100000E-01    1.0000000000E+00    9.7128392040E-01
    1.6600100000E-01    1.0000000000E+00    9.7128392040E-01
    1.6700100000E-01    1.0000000000E+00    9.7128392040E-01
    1.6800100000E-01    1.0000000000E+00    9.7128392040E-01
    1.6900100000E-01    1.0000000000E+00    9.7128392040E-01
    1.7000100000E-01    1.0000000000E+00    9.7128392040E-01
    1.7100100000E-01    1.0000000000E+00    9.7128392040E-01
    1.7200100000E-01    1.0000000000E+00    9.7128392040E-01
    1.7300100000E-01    1.0000000000E+00    9.7128392040E-01
    1.7400100000E-01    1.0000000000E+00    9.7128392040E-01
    1.7500100000E-01    1.0000000000E+00    9.7128392040E-01
    1.7600100000E-01    1.0000000000E+00    9.7128392040E-01
    1.7700100000E-01    1.0000000000E+00    9.7128392040E-01
    1.7800100000E-01    1.0000000000E+00    9.7128392040E-01
    1.7900100000E-01    1.0000000000E+00    9.7128392040E-01
    1.8000100000E-01    1.0000000000E+00    9.7128392040E-01
    1.8100100000E-01    1.0000000000E+00    9.7128392040E-01
    1.8200100000E-01    1.0000000000E+00    9.7128392040E-01
    1.8300100000E-01    1.0000000000E+00    9.7128392040E-01
    1.8400100000E-01    1.0000000000E+00    9.7128392040E-01
    1.8500100000E-01    1.0000000000E+00    9.7128392040E-01
    1.8600100000E-01    1.0000000000E+00    9.7128392040E-01
    1.8700100000E-01    1.0000000000E+00    9.7128392040E-01
    1.8800100000E-01    1.0000000000E+00    9.7128392040E-01
    1.8900100000E-01    1.0000000000E+00    9.7128392040E-01
    1.9000100000E-01    1.0000000000E+00    9.7128392040E-01
    1.9100100000E-01    1.0000000000E+00    9.7128392040E-01
    1.9200100000E-01    1.0000000000E+00    9.7128392040E-01
    1.9300100000E-01    1.0000000000E+00    9.7128392040E-01
    1.9400100000E-01    1.0000000000E+00    9.7128392040E-01
    1.9500100000E-01    1.0000000000E+00    9.7128392040E-01
    1.9600100000E-01    1.0000000000E+00    9.7128392040E-01
    1.9700100000E-01    1.0000000000E+00    9.7128392040E-01
    1.9800100000E-01    1.0000000000E+00    9.7128392040E-01
    1.9900100000E-01    1.0000000000E+00    9.7128392040E-01
    2.0000100000E-01    1.0000000000E+00    9.7128392040E-01
    2.0100100000E-01    1.0000000000E+00    9.7128392040E-01
    2.0200100000E-01    1.0000000000E+00    9.7128392040E-01
    2.0300100000E-01    1.0000000000E+00    9.7128392040E-01
    2.0400100000E-01    1.0000000000E+00    9.7128392040E-01
    2.0500100000E-01    1.0000000000E+00    9.7128392040E-01
    2.0600100000E-01    1.0000000000E+00    9.7128392040E-01
    2.0700100000E-01    1.0000000000E+00    9.7128392040E-01
    2.0800100000E-01    1.0000000000E+00    9.7128392040E-01
    2.0900100000E-01    1.0000000000E+00    9.7128392040E-01
    2.1000100000E-01    1.0000000000E+00    9.7128392040E-01
    2.1100100000E-01    1.0000000000E+00    9.7128392040E-01
    2.1200100000E-01    1.0000000000E+00    9.7128392040E-01
    2.1300100000E-01    1.0000000000E+00    9.7128392040E-01
    2.1400100000E-01    1.0000000000E+00    9.7128392040E-01
    2.1500100000E-01    1.0000000000E+00    9.7128392040E-01
    2.1600100000E-01    1.0000000000E+00    9.7128392040E-01
    2.1700100000E-01    1.0000000000E+00    9.7128392040E-01
    2.1800100000E-01    1.0000000000E+00    9.7128392040E-01
    2.1900100000E-01    1.0000000000E+00    9.7128392040E-01
    2.2000100000E-01    1.0000000000E+00    9.7128392040E-01
    2.2100100000E-01    1.0000000000E+00    9.7128392040E-01
    2.2200100000E-01    1.0000000000E+00    9.7128392040E-01
    2.2300100000E-01    1.0000000000E+00    9.7128392040E-01
    2.2400100000E-01    1.0000000000E+00    9.7128392040E-01
    2.2500100000E-01    1.0000000000E+00    9.7128392040E-01
    2.2600100000E-01    1.0000000000E+00    9.7128392040E-01
    2.2700100000E-01    1.0000000000E+00    9.7128392040E-01
    2.2800100000E-01    1.0000000000E+00    9.7128392040E-01
    2.2900100000E-01    1.0000000000E+00    9.7128392040E-01
    2.3000100000E-01    1.0000000000E+00    9.7128392040E-01
    2.3100100000E-01    1.0000000000E+00    9.7128392040E-01
    2.3200100000E-01    1.0000000000E+00    9.7128392040E-01
    2.3300100000E-01    1.0000000000E+00    9.7128392040E-01
    2.3400100000E-01    1.0000000000E+00    9.7128392040E-01
    2.3500100000E-01    1.0000000000E+00    9.7128392040E-01
    2.3600100000E-01    1.0000000000E+00    9.7128392040E-01
    2.3700100000E-01    1.0000000000E+00    9.7128392040E-01
    2.3800100000E-01    1.0000000000E+00    9.7128392040E-01
    2.3900100000E-01    1.0000000000E+00    9.7128392040E-01
    2.4000100000E-01    1.0000000000E+00    9.7128392040E-01
    2.4100100000E-01    1.0000000000E+00    9.7128392040E-01
    2.4200100000E-01    1.0000000000E+00    9.7128392040E-01
    2.4300100000E-01    1.0000000000E+00    9.7128392040E-01
    2.4400100000E-01    1.0000000000E+00    9.7128392040E-01
    2.4500100000E-01    1.0000000000E+00    9.7128392040E-01
    2.4600100000E-01    1.0000000000E+00    9.7128392040E-01
    2.4700100000E-01    1.0000000000E+00    9.7128392040E-01
    2.4800100000E-01    1.0000000000E+00    9.7128392040E-01
    2.4900100000E-01    1.0000000000E+00    9.7128392040E-01
    2.5000100000E-01    1.0000000000E+00    9.7128392040E-01
    2.5100100000E-01    1.0000000000E+00    9.7128392040E-01
    2.5200100000E-01    1.0000000000E+00    9.7128392040E-01
    2.5300100000E-01    1.0000000000E+00    9.7128392040E-01
    2.5400100000E-01    1.0000000000E+00    9.7128392040E-01
    2.5500100000E-01    1.0000000000E+00    9.7128392040E-01
    2.5600100000E-01    1.0000000000E+00    9.7128392040E-01
    2.5700100000E-01    1.0000000000E+00    9.7128392040E-01
    2.5800100000E-01    1.0000000000E+00    9.7128392040E-01
    2.5900100000E-01    1.0000000000E+00    9.7128392040E-01
    2.6000100000E-01    1.0000000000E+00    9.7128392040E-01
    2.6100100000E-01    1.0000000000E+00    9.7128392040E-01
    2.6200100000E-01    1.0000000000E+00    9.7128392040E-01
    2.6300100000E-01    1.0000000000E+00    9.7128392040E-01
    2.6400100000E-01    1.0000000000E+00    9.7128392040E-01
    2.6500100000E-01    1.0000000000E+00    9.7128392040E-01
    2.6600100000E-01    1.0000000000E+00    9.7128392040E-01
    2.6700100000E-01    1.0000000000E+00    9.7128392040E-01
    2.6800100000E-01    1.0000000000E+00    9.7128392040E-01
    2.6900100000E-01    1.0000000000E+00    9.7128392040E-01
    2.7000100000E-01    1.0000000000E+00    9.7128392040E-01
    2.7100100000E-01    1.0000000000E+00    9.7128392040E-01
    2.7200100000E-01    1.0000000000E+00    9.7128392040E-01
    2.7300100000E-01    1.0000000000E+00    9.7128392040E-01
    2.7400100000E-01    1.0000000000E+00    9.7128392040E-01
    2.7500100000E-01    1.0000000000E+00    9.7128392040E-01
    2.7600100000E-01    1.0000000000E+00    9.7128392040E-01
    2.7700100000E-01    1.0000000000E+00    9.7128392040E-01
    2.7800100000E-01    1.0000000000E+00    9.7128392040E-01
    2.7900100000E-01    1.0000000000E+00    9.7128392040E-01
    2.8000100000E-01    1.0000000000E+00    9.7128392040E-01
    2.8100100000E-01    1.0000000000E+00    9.7128392040E-01
    2.8200100000E-01    1.0000000000E+00    9.7128392040E-01
    2.8300100000E-01    1.0000000000E+00    9.7128392040E-01
    2.8400100000E-01    1.0000000000E+00    9.7128392040E-01
    2.8500100000E-01    1.0000000000E+00    9.7128392040E-01
    2.8600100000E-01    1.0000000000E+00    9.7128392040E-01
    2.8700100000E-01    1.0000000000E+00    9.7128392040E-01
    2.8800100000E-01    1.0000000000E+00    9.7128392040E-01
    2.8900100000E-01    1.0000000000E+00    9.7128392040E-01
    2.9000100000E-01    1.0000000000E+00    9.7128392040E-01
    2.9100100000E-01    1.0000000000E+00    9.7128392040E-01
    2.9200100000E-01    1.0000000000E+00    9.7128392040E-01
    2.9300100000E-01    1.0000000000E+00    9.7128392040E-01
    2.9400100000E-01    1.0000000000E+00    9.7128392040E-01
    2.9500100000E-01    1.0000000000E+00    9.7128392040E-01
    2.9600100000E-01    1.0000000000E+00    9.7128392040E-01
    2.9700100000E-01    1.0000000000E+00    9.7128392040E-01
    2.9800100000E-01    1.0000000000E+00    9.7128392040E-01
    2.9900100000E-01    1.0000000000E+00    9.7128392040E-01
    3.0000100000E-01    1.0000000000E+00    9.7128392040E-01
    3.0100100000E-01    1.0000000000E+00    9.7128392040E-01
    3.0200100000E-01    1.0000000000E+00    9.7128392040E-01
    3.0300100000E-01    1.0000000000E+00    9.7128392040E-01
    3.0400100000E-01    1.0000000000E+00    9.7128392040E-01
    3.0500100000E-01    1.0000000000E+00    9.7128392040E-01
    3.0600100000E-01    1.0000000000E+00    9.7128392040E-01
    3.0700100000E-01    1.0000000000E+00    9.7128392040E-01
    3.0800100000E-01    1.0000000000E+00    9.7128392040E-01
    3.0900100000E-01    1.0000000000E+00    9.7128392040E-01
    3.1000100000E-01    1.0000000000E+00    9.7128392040E-01
    3.1100100000E-01    1.0000000000E+00    9.7128392040E-01
    3.1200100000E-01    1.0000000000E+00    9.7128392040E-01
    3.1300100000E-01    1.0000000000E+00    9.7128392040E-01
    3.1400100000E-01    1.0000000000E+00    9.7128392040E-01
    3.1500100000E-01    1.0000000000E+00    9.7128392040E-01
    3.1600100000E-01    1.0000000000E+00    9.7128392040E-01
    3.1700100000E-01    1.0000000000E+00    9.7128392040E-01
    3.1800100000E-01    1.0000000000E+00    9.7128392040E-01
    3.1900100000E-01    1.0000000000E+00    9.7128392040E-01
    3.2000100000E-01    1.0000000000E+00    9.7128392040E-01
    3.2100100000E-01    1.0000000000E+00    9.7128392040E-01
    3.2200100000E-01    1.0000000000E+00    9.7128392040E-01
    3.2300100000E-01    1.0000000000E+00    9.7128392040E-01
    3.2400100000E-01    1.0000000000E+00    9.7128392040E-01
    3.2500100000E-01    1.0000000000E+00    9.7128392040E-01
    3.2600100000E-01    1.0000000000E+00    9.7128392040E-01
    3.2700100000E-01    1.0000000000E+00    9.7128392040E-01
    3.2800100000E-01    1.0000000000E+00    9.7128392040E-01
    3.2900100000E-01    1.0000000000E+00    9.7128392040E-01
    3.3000100000E-01    1.0000000000E+00    9.7128392040E-01
    3.3100100000E-01    1.0000000000E+00    9.7128392040E-01
    3.3200100000E-01    1.0000000000E+00    9.7128392040E-01
    3.3300100000E-01    1.0000000000E+00    9.7128392040E-01
    3.3400100000E-01    1.0000000000E+00    9.7128392040E-01
    3.3500100000E-01    1.0000000000E+00    9.7128392040E-01
    3.3600100000E-01    1.0000000000E+00    9.7128392040E-01
    3.3700100000E-01    1.0000000000E+00    9.7128392040E-01
    3.3800100000E-01    1.0000000000E+00    9.7128392040E-01
    3.3900100000E-01    1.0000000000E+00    9.7128392040E-01
    3.4000100000E-01    1.0000000000E+00    9.7128392040E-01
    3.4100100000E-01    1.0000000000E+00    9.7128392040E-01
    3.4200100000E-01    1.0000000000E+00    9.7128392040E-01
    3.4300100000E-01    1.0000000000E+00    9.7128392040E-01
    3.4400100000E-01    1.0000000000E+00    9.7128392040E-01
    3.4500100000E-01    1.0000000000E+00    9.7128392040E-01
    3.4600100000E-01    1.0000000000E+00    9.7128392040E-01
    3.4700100000E-01    1.0000000000E+00    9.7128392040E-01
    3.4800100000E-01    1.0000000000E+00    9.7128392040E-01
    3.4900100000E-01    1.0000000000E+00    9.7128392040E-01
    3.5000100000E-01    1.0000000000E+00    9.7128392040E-01
    3.5100100000E-01    1.0000000000E+00    9.7128392040E-01
    3.5200100000E-01    1.0000000000E+00    9.7128392040E-01
    3.5300100000E-01    1.0000000000E+00    9.7128392040E-01
    3.5400100000E-01    1.0000000000E+00    9.7128392040E-01
    3.5500100000E-01    1.0000000000E+00    9.7128392040E-01
    3.5600100000E-01    1.0000000000E+00    9.7128392040E-01
    3.5700100000E-01    1.0000000000E+00    9.7128392040E-01
    3.5800100000E-01    1.0000000000E+00    9.7128392040E-01
    3.5900100000E-01    1.0000000000E+00    9.7128392040E-01
    3.6000100000E-01    1.0000000000E+00    9.7128392040E-01
    3.6100100000E-01    1.0000000000E+00    9.7128392040E-01
    3.6200100000E-01    1.0000000000E+00    9.7128392040E-01
    3.6300100000E-01    1.0000000000E+00    9.7128392040E-01
    3.6400100000E-01    1.0000000000E+00    9.7128392040E-01
    3.6500100000E-01    1.0000000000E+00    9.7128392040E-01
    3.6600100000E-01    1.0000000000E+00    9.7128392040E-01
    3.6700100000E-01    1.0000000000E+00    9.7128392040E-01
    3.6800100000E-01    1.0000000000E+00    9.7128392040E-01
    3.6900100000E-01    1.0000000000E+00    9.7128392040E-01
    3.7000100000E-01    1.0000000000E+00    9.7128392040E-01
    3.7100100000E-01    1.0000000000E+00    9.7128392040E-01
    3.7200100000E-01    1.0000000000E+00    9.7128392040E-01
    3.7300100000E-01    1.0000000000E+00    9.7128392040E-01
    3.7400100000E-01    1.0000000000E+00    9.7128392040E-01
    3.7500100000E-01    1.0000000000E+00    9.7128392040E-01
    3.7600100000E-01    1.0000000000E+00    9.7128392040E-01
    3.7700100000E-01    1.0000000000E+00    9.7128392040E-01
    3.7800100000E-01    1.0000000000E+00    9.7128392040E-01
    3.7900100000E-01    1.0000000000E+00    9.7128392040E-01
    3.8000100000E-01    1.0000000000E+00    9.7128392040E-01
    3.8100100000E-01    1.0000000000E+00    9.7128392040E-01
    3.8200100000E-01    1.0000000000E+00    9.7128392040E-01
    3.8300100000E-01    1.0000000000E+00    9.7128392040E-01
    3.8400100000E-01    1.0000000000E+00    9.7128392040E-01
    3.8500100000E-01    1.0000000000E+00    9.7128392040E-01
    3.8600100000E-01    1.0000000000E+00    9.7128392040E-01
    3.8700100000E-01    1.0000000000E+00    9.7128392040E-01
    3.8800100000E-01    1.0000000000E+00    9.7128392040E-01
    3.8900100000E-01    1.0000000000E+00    9.7128392040E-01
    3.9000100000E-01    1.0000000000E+00    9.7128392040E-01
    3.9100100000E-01    1.0000000000E+00    9.7128392040E-01
    3.9200100000E-01    1.0000000000E+00    9.7128392040E-01
    3.9300100000E-01    1.0000000000E+00    9.7128392040E-01
    3.9400100000E-01    1.0000000000E+00    9.7128392040E-01
    3.9500100000E-01    1.0000000000E+00    9.7128392040E-01
    3.9600100000E-01    1.0000000000E+00    9.7128392040E-01
    3.9700100000E-01    1.0000000000E+00    9.7128392040E-01
    3.9800100000E-01    1.0000000000E+00    9.7128392040E-01
    3.9900100000E-01    1.0000000000E+00    9.7128392040E-01
    4.0000100000E-01    1.0000000000E+00    9.7128392040E-01
    4.0100100000E-01    1.0000000000E+00    9.7128392040E-01
    4.0200100000E-01    1.0000000000E+00    9.7128392040E-01
    4.0300100000E-01    1.0000000000E+00    9.7128392040E-01
    4.0400100000E-01    1.0000000000E+00    9.7128392040E-01
    4.0500100000E-01    1.0000000000E+00    9.7128392040E-01
    4.0600100000E-01    1.0000000000E+00    9.7128392040E-01
    4.0700100000E-01    1.0000000000E+00    9.7128392040E-01
    4.0800100000E-01    1.0000000000E+00    9.7128392040E-01
    4.0900100000E-01    1.0000000000E+00    9.7128392040E-01
    4.1000100000E-01    1.0000000000E+00    9.7128392040E-01
    4.1100100000E-01    1.0000000000E+00    9.7128392040E-01
    4.1200100000E-01    1.0000000000E+00    9.7128392040E-01
    4.1300100000E-01    1.0000000000E+00    9.7128392040E-01
    4.1400100000E-01    1.0000000000E+00    9.7128392040E-01
    4.1500100000E-01    1.0000000000E+00    9.7128392040E-01
    4.1600100000E-01    1.0000000000E+00    9.7128392040E-01
    4.1700100000E-01    1.0000000000E+00    9.7128392040E-01
    4.1800100000E-01    1.0000000000E+00    9.7128392040E-01
    4.1900100000E-01    1.0000000000E+00    9.7128392040E-01
    4.2000100000E-01    1.0000000000E+00    9.7128392040E-01
    4.2100100000E-01    1.0000000000E+00    9.7128392040E-01
    4.2200100000E-01    1.0000000000E+00    9.7128392040E-01
    4.2300100000E-01    1.0000000000E+00    9.7128392040E-01
    4.2400100000E-01    1.0000000000E+00    9.7128392040E-01
    4.2500100000E-01    1.0000000000E+00    9.7128392040E-01
    4.2600100000E-01    1.0000000000E+00    9.7128392040E-01
    4.2700100000E-01    1.0000000000E+00    9.7128392040E-01
    4.2800100000E-01    1.0000000000E+00    9.7128392040E-01
    4.2900100000E-01    1.0000000000E+00    9.7128392040E-01
    4.3000100000E-01    1.0000000000E+00    9.7128392040E-01
    4.3100100000E-01    1.0000000000E+00    9.7128392040E-01
    4.3200100000E-01    1.0000000000E+00    9.7128392040E-01
    4.3300100000E-01    1.0000000000E+00    9.7128392040E-01
    4.3400100000E-01    1.0000000000E+00    9.7128392040E-01
    4.3500100000E-01    1.0000000000E+00    9.7128392040E-01
    4.3600100000E-01    1.0000000000E+00    9.7128392040E-01
    4.3700100000E-01    1.0000000000E+00    9.7128392040E-01
    4.3800100000E-01    1.0000000000E+00    9.7128392040E-01
    4.3900100000E-01    1.0000000000E+00    9.7128392040E-01
    4.4000100000E-01    1.0000000000E+00    9.7128392040E-01
    4.4100100000E-01    1.0000000000E+00    9.7128392040E-01
    4.4200100000E-01    1.0000000000E+00    9.7128392040E-01
    4.4300100000E-01    1.0000000000E+00    9.7128392040E-01
    4.4400100000E-01    1.0000000000E+00    9.7128392040E-01
    4.4500100000E-01    1.0000000000E+00    9.7128392040E-01
    4.4600100000E-01    1.0000000000E+00    9.7128392040E-01
    4.4700100000E-01    1.0000000000E+00    9.7128392040E-01
    4.4800100000E-01    1.0000000000E+00    9.7128392040E-01
    4.4900100000E-01    1.0000000000E+00    9.7128392040E-01
    4.5000100000E-01    1.0000000000E+00    9.7128392040E-01
    4.5100100000E-01    1.0000000000E+00    9.7128392040E-01
    4.5200100000E-01    1.0000000000E+00    9.7128392040E-01
    4.5300100000E-01    1.0000000000E+00    9.7128392040E-01
    4.5400100000E-01    1.0000000000E+00    9.7128392040E-01
    4.5500100000E-01    1.0000000000E+00    9.7128392040E-01
    4.5600100000E-01    1.0000000000E+00    9.7128392040E-01
    4.5700100000E-01    1.0000000000E+00    9.7128392040E-01
    4.5800100000E-01    1.0000000000E+00    9.7128392040E-01
    4.5900100000E-01    1.0000000000E+00    9.7128392040E-01
    4.6000100000E-01    1.0000000000E+00    9.7128392040E-01
    4.6100100000E-01    1.0000000000E+00    9.7128392040E-01
    4.6200100000E-01    1.0000000000E+00    9.7128392040E-01
    4.6300100000E-01    1.0000000000E+00    9.7128392040E-01
    4.6400100000E-01    1.0000000000E+00    9.7128392040E-01
    4.6500100000E-01    1.0000000000E+00    9.7128392040E-01
    4.6600100000E-01    1.0000000000E+00    9.7128392040E-01
    4.6700100000E-01    1.0000000000E+00    9.7128392040E-01
    4.6800100000E-01    1.0000000000E+00    9.7128392040E-01
    4.6900100000E-01    1.0000000000E+00    9.7128392040E-01
    4.7000100000E-01    1.0000000000E+00    9.7128392040E-01
    4.7100100000E-01    1.0000000000E+00    9.7128392040E-01
    4.7200100000E-01    1.0000000000E+00    9.7128392040E-01
    4.7300100000E-01    1.0000000000E+00    9.7128392040E-01
    4.7400100000E-01    1.0000000000E+00    9.7128392040E-01
    4.7500100000E-01    1.0000000000E+00    9.7128392040E-01
    4.7600100000E-01    1.0000000000E+00    9.7128392040E-01
    4.7700100000E-01    1.0000000000E+00    9.7128392040E-01
    4.7800100000E-01    1.0000000000E+00    9.7128392040E-01
    4.7900100000E-01    1.0000000000E+00    9.7128392040E-01
    4.8000100000E-01    1.0000000000E+00    9.7128392040E-01
    4.8100100000E-01    1.0000000000E+00    9.7128392040E-01
    4.8200100000E-01    1.0000000000E+00    9.7128392040E-01
    4.8300100000E-01    1.0000000000E+00    9.7128392040E-01
    4.8400100000E-01    1.0000000000E+00    9.7128392040E-01
    4.8500100000E-01    1.0000000000E+00    9.7128392040E-01
    4.8600100000E-01    1.0000000000E+00    9.7128392040E-01
    4.8700100000E-01    1.0000000000E+00    9.7128392040E-01
    4.8800100000E-01    1.0000000000E+00    9.7128392040E-01
    4.8900100000E-01    1.0000000000E+00    9.7128392040E-01
    4.9000100000E-01    1.0000000000E+00    9.7128392040E-01
    4.9100100000E-01    1.0000000000E+00    9.7128392040E-01
    4.9200100000E-01    1.0000000000E+00    9.7128392040E-01
    4.9300100000E-01    1.0000000000E+00    9.7128392040E-01
    4.9400100000E-01    1.0000000000E+00    9.7128392040E-01
    4.9500100000E-01    1.0000000000E+00    9.7128392040E-01
    4.9600100000E-01    1.0000000000E+00    9.7128392040E-01
    4.9700100000E-01    1.0000000000E+00    9.7128392040E-01
    4.9800100000E-01    1.0000000000E+00    9.7128392040E-01
    4.9900100000E-01    1.0000000000E+00    9.7128392040E-01
    5.0000100000E-01    1.0000000000E+00    9.7128392040E-01
    5.0100100000E-01    1.0000000000E+00    9.7128392040E-01
    5.0200100000E-01    1.0000000000E+00    9.7128392040E-01
    5.0300100000E-01    1.0000000000E+00    9.7128392040E-01
    5.0400100000E-01    1.0000000000E+00    9.7128392040E-01
    5.0500100000E-01    1.0000000000E+00    9.7128392040E-01
    5.0600100000E-01    1.0000000000E+00    9.7128392040E-01
    5.0700100000E-01    1.0000000000E+00    9.7128392040E-01
    5.0800100000E-01    1.0000000000E+00    9.7128392040E-01
    5.0900100000E-01    1.0000000000E+00    9.7128392040E-01
    5.1000100000E-01    1.0000000000E+00    9.7128392040E-01
    5.1100100000E-01    1.0000000000E+00    9.7128392040E-01
    5.1200100000E-01    1.0000000000E+00    9.7128392040E-01
    5.1300100000E-01    1.0000000000E+00    9.7128392040E-01
    5.1400100000E-01    1.0000000000E+00    9.7128392040E-01
    5.1500100000E-01    1.0000000000E+00    9.7128392040E-01
    5.1600100000E-01    1.0000000000E+00    9.7128392040E-01
    5.1700100000E-01    1.0000000000E+00    9.7128392040E-01
    5.1800100000E-01    1.0000000000E+00    9.7128392040E-01
    5.1900100000E-01    1.0000000000E+00    9.7128392040E-01
    5.2000100000E-01    1.0000000000E+00    9.7128392040E-01
    5.2100100000E-01    1.0000000000E+00    9.7128392040E-01
    5.2200100000E-01    1.0000000000E+00    9.7128392040E-01
    5.2300100000E-01    1.0000000000E+00    9.7128392040E-01
    5.2400100000E-01    1.0000000000E+00    9.7128392040E-01
    5.2500100000E-01    1.0000000000E+00    9.7128392040E-01
    5.2600100000E-01    1.0000000000E+00    9.7128392040E-01
    5.2700100000E-01    1.0000000000E+00    9.7128392040E-01
    5.2800100000E-01    1.0000000000E+00    9.7128392040E-01
    5.2900100000E-01    1.0000000000E+00    9.7128392040E-01
    5.3000100000E-01    1.0000000000E+00    9.7128392040E-01
    5.3100100000E-01    1.0000000000E+00    9.7128392040E-01
    5.3200100000E-01    1.0000000000E+00    9.7128392040E-01
    5.3300100000E-01    1.0000000000E+00    9.7128392040E-01
    5.3400100000E-01    1.0000000000E+00    9.7128392040E-01
    5.3500100000E-01    1.0000000000E+00    9.7128392040E-01
    5.3600100000E-01    1.0000000000E+00    9.7128392040E-01
    5.3700100000E-01    1.0000000000E+00    9.7128392040E-01
    5.3800100000E-01    1.0000000000E+00    9.7128392040E-01
    5.3900100000E-01    1.0000000000E+00    9.7128392040E-01
    5.4000100000E-01    1.0000000000E+00    9.7128392040E-01
    5.4100100000E-01    1.0000000000E+00    9.7128392040E-01
    5.4200100000E-01    1.0000000000E+00    9.7128392040E-01
    5.4300100000E-01    1.0000000000E+00    9.7128392040E-01
    5.4400100000E-01    1.0000000000E+00    9.7128392040E-01
    5.4500100000E-01    1.0000000000E+00    9.7128392040E-01
    5.4600100000E-01    1.0000000000E+00    9.7128392040E-01
    5.4700100000E-01    1.0000000000E+00    9.7128392040E-01
    5.4800100000E-01    1.0000000000E+00    9.7128392040E-01
    5.4900100000E-01    1.0000000000E+00    9.7128392040E-01
    5.5000100000E-01    1.0000000000E+00    9.7128392040E-01
    5.5100100000E-01    1.0000000000E+00    9.7128392040E-01
    5.5200100000E-01    1.0000000000E+00    9.7128392040E-01
    5.5300100000E-01    1.0000000000E+00    9.7128392040E-01
    5.5400100000E-01    1.0000000000E+00    9.7128392040E-01
    5.5500100000E-01    1.0000000000E+00    9.7128392040E-01
    5.5600100000E-01    1.0000000000E+00    9.7128392040E-01
    5.5700100000E-01    1.0000000000E+00    9.7128392040E-01
    5.5800100000E-01    1.0000000000E+00    9.7128392040E-01
    5.5900100000E-01    1.0000000000E+00    9.7128392040E-01
    5.6000100000E-01    1.0000000000E+00    9.7128392040E-01
    5.6100100000E-01    1.0000000000E+00    9.7128392040E-01
    5.6200100000E-01    1.0000000000E+00    9.7128392040E-01
    5.6300100000E-01    1.0000000000E+00    9.7128392040E-01
    5.6400100000E-01    1.0000000000E+00    9.7128392040E-01
    5.6500100000E-01    1.0000000000E+00    9.7128392040E-01
    5.6600100000E-01    1.0000000000E+00    9.7128392040E-01
    5.6700100000E-01    1.0000000000E+00    9.7128392040E-01
    5.6800100000E-01    1.0000000000E+00    9.7128392040E-01
    5.6900100000E-01    1.0000000000E+00    9.7128392040E-01
    5.7000100000E-01    1.0000000000E+00    9.7128392040E-01
    5.7100100000E-01    1.0000000000E+00    9.7128392040E-01
    5.7200100000E-01    1.0000000000E+00    9.7128392040E-01
    5.7300100000E-01    1.0000000000E+00    9.7128392040E-01
    5.7400100000E-01    1.0000000000E+00    9.7128392040E-01
    5.7500100000E-01    1.0000000000E+00    9.7128392040E-01
    5.7600100000E-01    1.0000000000E+00    9.7128392040E-01
    5.7700100000E-01    1.0000000000E+00    9.7128392040E-01
    5.7800100000E-01    1.0000000000E+00    9.7128392040E-01
    5.7900100000E-01    1.0000000000E+00    9.7128392040E-01
    5.8000100000E-01    1.0000000000E+00    9.7128392040E-01
    5.8100100000E-01    1.0000000000E+00    9.7128392040E-01
    5.8200100000E-01    1.0000000000E+00    9.7128392040E-01
    5.8300100000E-01    1.0000000000E+00    9.7128392040E-01
    5.8400100000E-01    1.0000000000E+00    9.7128392040E-01
    5.8500100000E-01    1.0000000000E+00    9.7128392040E-01
    5.8600100000E-01    1.0000000000E+00    9.7128392040E-01
    5.8700100000E-01    1.0000000000E+00    9.7128392040E-01
    5.8800100000E-01    1.0000000000E+00    9.7128392040E-01
    5.8900100000E-01    1.0000000000E+00    9.7128392040E-01
    5.9000100000E-01    1.0000000000E+00    9.7128392040E-01
    5.9100100000E-01    1.0000000000E+00    9.7128392040E-01
    5.9200100000E-01    1.0000000000E+00    9.7128392040E-01
    5.9300100000E-01    1.0000000000E+00    9.7128392040E-01
    5.9400100000E-01    1.0000000000E+00    9.7128392040E-01
    5.9500100000E-01    1.0000000000E+00    9.7128392040E-01
    5.9600100000E-01    1.0000000000E+00    9.7128392040E-01
    5.9700100000E-01    1.0000000000E+00    9.7128392040E-01
    5.9800100000E-01    1.0000000000E+00    9.7128392040E-01
    5.9900100000E-01    1.0000000000E+00    9.7128392040E-01
    6.0000100000E-01    1.0000000000E+00    9.7128392040E-01
    6.0100100000E-01    1.0000000000E+00    9.7128392040E-01
    6.0200100000E-01    1.0000000000E+00    9.7128392040E-01
    6.0300100000E-01    1.0000000000E+00    9.7128392040E-01
    6.0400100000E-01    1.0000000000E+00    9.7128392040E-01
    6.0500100000E-01    1.0000000000E+00    9.7128392040E-01
    6.0600100000E-01    1.0000000000E+00    9.7128392040E-01
    6.0700100000E-01    1.0000000000E+00    9.7128392040E-01
    6.0800100000E-01    1.0000000000E+00    9.7128392040E-01
    6.0900100000E-01    1.0000000000E+00    9.7128392040E-01
    6.1000100000E-01    1.0000000000E+00    9.7128392040E-01
    6.1100100000E-01    1.0000000000E+00    9.7128392040E-01
    6.1200100000E-01    1.0000000000E+00    9.7128392040E-01
    6.1300100000E-01    1.0000000000E+00    9.7128392040E-01
    6.1400100000E-01    1.0000000000E+00    9.7128392040E-01
    6.1500100000E-01    1.0000000000E+00    9.7128392040E-01
    6.1600100000E-01    1.0000000000E+00    9.7128392040E-01
    6.1700100000E-01    1.0000000000E+00    9.7128392040E-01
    6.1800100000E-01    1.0000000000E+00    9.7128392040E-01
    6.1900100000E-01    1.0000000000E+00    9.7128392040E-01
    6.2000100000E-01    1.0000000000E+00    9.7128392040E-01
    6.2100100000E-01    1.0000000000E+00    9.7128392040E-01
    6.2200100000E-01    1.0000000000E+00    9.7128392040E-01
    6.2300100000E-01    1.0000000000E+00    9.7128392040E-01
    6.2400100000E-01    1.0000000000E+00    9.7128392040E-01
    6.2500100000E-01    1.0000000000E+00    9.7128392040E-01
    6.2600100000E-01    1.0000000000E+00    9.7128392040E-01
    6.2700100000E-01    1.0000000000E+00    9.7128392040E-01
    6.2800100000E-01    1.0000000000E+00    9.7128392040E-01
    6.2900100000E-01    1.0000000000E+00    9.7128392040E-01
    6.3000100000E-01    1.0000000000E+00    9.7128392040E-01
    6.3100100000E-01    1.0000000000E+00    9.7128392040E-01
    6.3200100000E-01    1.0000000000E+00    9.7128392040E-01
    6.3300100000E-01    1.0000000000E+00    9.7128392040E-01
    6.3400100000E-01    1.0000000000E+00    9.7128392040E-01
    6.3500100000E-01    1.0000000000E+00    9.7128392040E-01
    6.3600100000E-01    1.0000000000E+00    9.7128392040E-01
    6.3700100000E-01    1.0000000000E+00    9.7128392040E-01
    6.3800100000E-01    1.0000000000E+00    9.7128392040E-01
    6.3900100000E-01    1.0000000000E+00    9.7128392040E-01
    6.4000100000E-01    1.0000000000E+00    9.7128392040E-01
    6.4100100000E-01    1.0000000000E+00    9.7128392040E-01
    6.4200100000E-01    1.0000000000E+00    9.7128392040E-01
    6.4300100000E-01    1.0000000000E+00    9.7128392040E-01
    6.4400100000E-01    1.0000000000E+00    9.7128392040E-01
    6.4500100000E-01    1.0000000000E+00    9.7128392040E-01
    6.4600100000E-01    1.0000000000E+00    9.7128392040E-01
    6.4700100000E-01    1.0000000000E+00    9.7128392040E-01
    6.4800100000E-01    1.0000000000E+00    9.7128392040E-01
    6.4900100000E-01    1.0000000000E+00    9.7128392040E-01
    6.5000100000E-01    1.0000000000E+00    9.7128392040E-01
    6.5100100000E-01    1.0000000000E+00    9.7128392040E-01
    6.5200100000E-01    1.0000000000E+00    9.7128392040E-01
    6.5300100000E-01    1.0000000000E+00    9.7128392040E-01
    6.5400100000E-01    1.0000000000E+00    9.7128392040E-01
    6.5500100000E-01    1.0000000000E+00    9.7128392040E-01
    6.5600100000E-01    1.0000000000E+00    9.7128392040E-01
    6.5700100000E-01    1.0000000000E+00    9.7128392040E-01
    6.5800100000E-01    1.0000000000E+00    9.7128392040E-01
    6.5900100000E-01    1.0000000000E+00    9.7128392040E-01
    6.6000100000E-01    1.0000000000E+00    9.7128392040E-01
    6.6100100000E-01    1.0000000000E+00    9.7128392040E-01
    6.6200100000E-01    1.0000000000E+00    9.7128392040E-01
    6.6300100000E-01    1.0000000000E+00    9.7128392040E-01
    6.6400100000E-01    1.0000000000E+00    9.7128392040E-01
    6.6500100000E-01    1.0000000000E+00    9.7128392040E-01
    6.6600100000E-01    1.0000000000E+00    9.7128392040E-01
    6.6700100000E-01    1.0000000000E+00    9.7128392040E-01
    6.6800100000E-01    1.0000000000E+00    9.7128392040E-01
    6.6900100000E-01    1.0000000000E+00    9.7128392040E-01
    6.7000100000E-01    1.0000000000E+00    9.7128392040E-01
    6.7100100000E-01    1.0000000000E+00    9.7128392040E-01
    6.7200100000E-01    1.0000000000E+00    9.7128392040E-01
    6.7300100000E-01    1.0000000000E+00    9.7128392040E-01
    6.7400100000E-01    1.0000000000E+00    9.7128392040E-01
    6.7500100000E-01    1.0000000000E+00    9.7128392040E-01
    6.7600100000E-01    1.0000000000E+00    9.7128392040E-01
    6.7700100000E-01    1.0000000000E+00    9.7128392040E-01
    6.7800100000E-01    1.0000000000E+00    9.7128392040E-01
    6.7900100000E-01    1.0000000000E+00    9.7128392040E-01
    6.8000100000E-01    1.0000000000E+00    9.7128392040E-01
    6.8100100000E-01    1.0000000000E+00    9.7128392040E-01
    6.8200100000E-01    1.0000000000E+00    9.7128392040E-01
    6.8300100000E-01    1.0000000000E+00    9.7128392040E-01
    6.8400100000E-01    1.0000000000E+00    9.7128392040E-01
    6.8500100000E-01    1.0000000000E+00    9.7128392040E-01
    6.8600100000E-01    1.0000000000E+00    9.7128392040E-01
    6.8700100000E-01    1.0000000000E+00    9.7128392040E-01
    6.8800100000E-01    1.0000000000E+00    9.7128392040E-01
    6.8900100000E-01    1.0000000000E+00    9.7128392040E-01
    6.9000100000E-01    1.0000000000E+00    9.7128392040E-01
    6.9100100000E-01    1.0000000000E+00    9.7128392040E-01
    6.9200100000E-01    1.0000000000E+00    9.7128392040E-01
    6.9300100000E-01    1.0000000000E+00    9.7128392040E-01
    6.9400100000E-01    1.0000000000E+00    9.7128392040E-01
    6.9500100000E-01    1.0000000000E+00    9.7128392040E-01
    6.9600100000E-01    1.0000000000E+00    9.7128392040E-01
    6.9700100000E-01    1.0000000000E+00    9.7128392040E-01
    6.9800100000E-01    1.0000000000E+00    9.7128392040E-01
    6.9900100000E-01    1.0000000000E+00    9.7128392040E-01
    7.0000100000E-01    1.0000000000E+00    9.7128392040E-01
    7.0100100000E-01    1.0000000000E+00    9.7128392040E-01
    7.0200100000E-01    1.0000000000E+00    9.7128392040E-01
    7.0300100000E-01    1.0000000000E+00    9.7128392040E-01
    7.0400100000E-01    1.0000000000E+00    9.7128392040E-01
    7.0500100000E-01    1.0000000000E+00    9.7128392040E-01
    7.0600100000E-01    1.0000000000E+00    9.7128392040E-01
    7.0700100000E-01    1.0000000000E+00    9.7128392040E-01
    7.0800100000E-01    1.0000000000E+00    9.7128392040E-01
    7.0900100000E-01    1.0000000000E+00    9.7128392040E-01
    7.1000100000E-01    1.0000000000E+00    9.7128392040E-01
    7.1100100000E-01    1.0000000000E+00    9.7128392040E-01
    7.1200100000E-01    1.0000000000E+00    9.7128392040E-01
    7.1300100000E-01    1.0000000000E+00    9.7128392040E-01
    7.1400100000E-01    1.0000000000E+00    9.7128392040E-01
    7.1500100000E-01    1.0000000000E+00    9.7128392040E-01
    7.1600100000E-01    1.0000000000E+00    9.7128392040E-01
    7.1700100000E-01    1.0000000000E+00    9.7128392040E-01
    7.1800100000E-01    1.0000000000E+00    9.7128392040E-01
    7.1900100000E-01    1.0000000000E+00    9.7128392040E-01
    7.2000100000E-01    1.0000000000E+00    9.7128392040E-01
    7.2100100000E-01    1.0000000000E+00    9.7128392040E-01
    7.2200100000E-01    1.0000000000E+00    9.7128392040E-01
    7.2300100000E-01    1.0000000000E+00    9.7128392040E-01
    7.2400100000E-01    1.0000000000E+00    9.7128392040E-01
    7.2500100000E-01    1.0000000000E+00    9.7128392040E-01
    7.2600100000E-01    1.0000000000E+00    9.7128392040E-01
    7.2700100000E-01    1.0000000000E+00    9.7128392040E-01
    7.2800100000E-01    1.0000000000E+00    9.7128392040E-01
    7.2900100000E-01    1.0000000000E+00    9.7128392040E-01
    7.3000100000E-01    1.0000000000E+00    9.7128392040E-01
    7.3100100000E-01    1.0000000000E+00    9.7128392040E-01
    7.3200100000E-01    1.0000000000E+00    9.7128392040E-01
    7.3300100000E-01    1.0000000000E+00    9.7128392040E-01
    7.3400100000E-01    1.0000000000E+00    9.7128392040E-01
    7.3500100000E-01    1.0000000000E+00    9.7128392040E-01
    7.3600100000E-01    1.0000000000E+00    9.7128392040E-01
    7.3700100000E-01    1.0000000000E+00    9.7128392040E-01
    7.3800100000E-01    1.0000000000E+00    9.7128392040E-01
    7.3900100000E-01    1.0000000000E+00    9.7128392040E-01
    7.4000100000E-01    1.0000000000E+00    9.7128392040E-01
    7.4100100000E-01    1.0000000000E+00    9.7128392040E-01
    7.4200100000E-01    1.0000000000E+00    9.7128392040E-01
    7.4300100000E-01    1.0000000000E+00    9.7128392040E-01
    7.4400100000E-01    1.0000000000E+00    9.7128392040E-01
    7.4500100000E-01    1.0000000000E+00    9.7128392040E-01
    7.4600100000E-01    1.0000000000E+00    9.7128392040E-01
    7.4700100000E-01    1.0000000000E+00    9.7128392040E-01
    7.4800100000E-01    1.0000000000E+00    9.7128392040E-01
    7.4900100000E-01    1.0000000000E+00    9.7128392040E-01
    7.5000100000E-01    1.0000000000E+00    9.7128392040E-01
    7.5100100000E-01    1.0000000000E+00    9.7128392040E-01
    7.5200100000E-01    1.0000000000E+00    9.7128392040E-01
    7.5300100000E-01    1.0000000000E+00    9.7128392040E-01
    7.5400100000E-01    1.0000000000E+00    9.7128392040E-01
    7.5500100000E-01    1.0000000000E+00    9.7128392040E-01
    7.5600100000E-01    1.0000000000E+00    9.7128392040E-01
    7.5700100000E-01    1.0000000000E+00    9.7128392040E-01
    7.5800100000E-01    1.0000000000E+00    9.7128392040E-01
    7.5900100000E-01    1.0000000000E+00    9.7128392040E-01
    7.6000100000E-01    1.0000000000E+00    9.7128392040E-01
    7.6100100000E-01    1.0000000000E+00    9.7128392040E-01
    7.6200100000E-01    1.0000000000E+00    9.7128392040E-01
    7.6300100000E-01    1.0000000000E+00    9.7128392040E-01
    7.6400100000E-01    1.0000000000E+00    9.7128392040E-01
    7.6500100000E-01    1.0000000000E+00    9.7128392040E-01
    7.6600100000E-01    1.0000000000E+00    9.7128392040E-01
    7.6700100000E-01    1.0000000000E+00    9.7128392040E-01
    7.6800100000E-01    1.0000000000E+00    9.7128392040E-01
    7.6900100000E-01    1.0000000000E+00    9.7128392040E-01
    7.7000100000E-01    1.0000000000E+00    9.7128392040E-01
    7.7100100000E-01    9.9999999999E-01    9.7128392040E-01
    7.7200100000E-01    9.9999999999E-01    9.7128392040E-01
    7.7300100000E-01    9.9999999999E-01    9.7128392040E-01
    7.7400100000E-01    9.9999999999E-01    9.7128392040E-01
    7.7500100000E-01    9.9999999999E-01    9.7128392040E-01
    7.7600100000E-01    9.9999999999E-01    9.7128392040E-01
    7.7700100000E-01    9.9999999999E-01    9.7128392040E-01
    7.7800100000E-01    9.9999999999E-01    9.7128392040E-01
    7.7900100000E-01    9.9999999999E-01    9.7128392040E-01
    7.8000100000E-01    9.9999999998E-01    9.7128392040E-01
    7.8100100000E-01    9.9999999998E-01    9.7128392040E-01
    7.8200100000E-01    9.9999999998E-01    9.7128392040E-01
    7.8300100000E-01    9.9999999998E-01    9.7128392040E-01
    7.8400100000E-01    9.9999999997E-01    9.7128392040E-01
    7.8500100000E-01    9.9999999997E-01    9.7128392040E-01
    7.8600100000E-01    9.9999999997E-01    9.7128392040E-01
    7.8700100000E-01    9.9999999996E-01    9.7128392040E-01
    7.8800100000E-01    9.9999999996E-01    9.7128392040E-01
    7.8900100000E-01    9.9999999995E-01    9.7128392040E-01
    7.9000100000E-01    9.9999999994E-01    9.7128392040E-01
    7.9100100000E-01    9.9999999993E-01    9.7128392040E-01
    7.9200100000E-01    9.9999999993E-01    9.7128392040E-01
    7.9300100000E-01    9.9999999992E-01    9.7128392040E-01
    7.9400100000E-01    9.9999999990E-01    9.7128392040E-01
    7.9500100000E-01    9.9999999989E-01    9.7128392040E-01
    7.9600100000E-01    9.9999999988E-01    9.7128392040E-01
    7.9700100000E-01    9.9999999986E-01    9.7128392040E-01
    7.9800100000E-01    9.9999999984E-01    9.7128392040E-01
    7.9900100000E-01    9.9999999982E-01    9.7128392040E-01
    8.0000100000E-01    9.9999999980E-01    9.7128392040E-01
    8.0100100000E-01    9.9999999977E-01    9.7128392040E-01
    8.0200100000E-01    9.9999999974E-01    9.7128392040E-01
    8.0300100000E-01    9.9999999970E-01    9.7128392040E-01
    8.0400100000E-01    9.9999999966E-01    9.7128392040E-01
    8.0500100000E-01    9.9999999962E-01    9.7128392040E-01
    8.0600100000E-01    9.9999999957E-01    9.7128392040E-01
    8.0700100000E-01    9.9999999951E-01    9.7128392040E-01
    8.0800100000E-01    9.9999999945E-01    9.7128392040E-01
    8.0900100000E-01    9.9999999938E-01    9.7128392040E-01
    8.1000100000E-01    9.9999999929E-01    9.7128392040E-01
    8.1100100000E-01    9.9999999920E-01    9.7128392040E-01
    8.1200100000E-01    9.9999999910E-01    9.7128392040E-01
    8.1300100000E-01    9.9999999898E-01    9.7128392040E-01
    8.1400100000E-01    9.9999999885E-01    9.7128392040E-01
    8.1500100000E-01    9.9999999869E-01    9.7128392040E-01
    8.1600100000E-01    9.9999999852E-01    9.7128392040E-01
    8.1700100000E-01    9.9999999833E-01    9.7128392040E-01
    8.1800100000E-01    9.9999999811E-01    9.7128392040E-01
    8.1900100000E-01    9.9999999787E-01    9.7128392040E-01
    8.2000100000E-01    9.9999999759E-01    9.7128392040E-01
    8.2100100000E-01    9.9999999728E-01    9.7128392040E-01
    8.2200100000E-01    9.9999999693E-01    9.7128392040E-01
    8.2300100000E-01    9.9999999653E-01    9.7128392040E-01
    8.2400100000E-01    9.9999999608E-01    9.7128392040E-01
    8.2500100000E-01    9.9999999558E-01    9.7128392040E-01
    8.2600100000E-01    9.9999999501E-01    9.7128392040E-01
    8.2700100000E-01    9.9999999437E-01    9.7128392040E-01
    8.2800100000E-01    9.9999999365E-01    9.7128392040E-01
    8.2900100000E-01    9.9999999283E-01    9.7128392041E-01
    8.3000100000E-01    9.9999999191E-01    9.7128392041E-01
    8.3100100000E-01    9.9999999088E-01    9.7128392041E-01
    8.3200100000E-01    9.9999998971E-01    9.7128392041E-01
    8.3300100000E-01    9.9999998840E-01    9.7128392041E-01
    8.3400100000E-01    9.9999998692E-01    9.7128392041E-01
    8.3500100000E-01    9.9999998525E-01    9.7128392041E-01
    8.3600100000E-01    9.9999998338E-01    9.7128392041E-01
    8.3700100000E-01    9.9999998127E-01    9.7128392041E-01
    8.3800100000E-01    9.9999997889E-01    9.7128392041E-01
    8.3900100000E-01    9.9999997622E-01    9.7128392041E-01
    8.4000100000E-01    9.9999997321E-01    9.7128392042E-01
    8.4100100000E-01    9.9999996982E-01    9.7128392042E-01
    8.4200100000E-01    9.9999996602E-01    9.7128392042E-01
    8.4300100000E-01    9.9999996173E-01    9.7128392042E-01
    8.4400100000E-01    9.9999995692E-01    9.7128392042E-01
    8.4500100000E-01    9.9999995150E-01    9.7128392043E-01
    8.4600100000E-01    9.9999994541E-01    9.7128392043E-01
    8.4700100000E-01    9.9999993857E-01    9.7128392043E-01
    8.4800100000E-01    9.9999993087E-01    9.7128392044E-01
    8.4900100000E-01    9.9999992223E-01    9.7128392044E-01
    8.5000100000E-01    9.9999991251E-01    9.7128392045E-01
    8.5100100000E-01    9.9999990160E-01    9.7128392045E-01
    8.5200100000E-01    9.9999988933E-01    9.7128392046E-01
    8.5300100000E-01    9.9999987556E-01    9.7128392047E-01
    8.5400100000E-01    9.9999986009E-01    9.7128392048E-01
    8.5500100000E-01    9.9999984272E-01    9.7128392049E-01
    8.5600100000E-01    9.9999982322E-01    9.7128392050E-01
    8.5700100000E-01    9.9999980133E-01    9.7128392051E-01
    8.5800100000E-01    9.9999977676E-01    9.7128392052E-01
    8.5900100000E-01    9.9999974918E-01    9.7128392054E-01
    8.6000100000E-01    9.9999971823E-01    9.7128392055E-01
    8.6100100000E-01    9.9999968351E-01    9.7128392057E-01
    8.6200100000E-01    9.9999964455E-01    9.7128392059E-01
    8.6300100000E-01    9.9999960086E-01    9.7128392062E-01
    8.6400100000E-01    9.9999955185E-01    9.7128392064E-01
    8.6500100000E-01    9.9999949689E-01    9.7128392067E-01
    8.6600100000E-01    9.9999943527E-01    9.7128392071E-01
    8.6700100000E-01    9.9999936619E-01    9.7128392074E-01
    8.6800100000E-01    9.9999928875E-01    9.7128392078E-01
    8.6900100000E-01    9.9999920195E-01    9.7128392083E-01
    8.7000100000E-01    9.9999910469E-01    9.7128392088E-01
    8.7100100000E-01    9.9999899570E-01    9.7128392094E-01
    8.7200100000E-01    9.9999887359E-01    9.7128392101E-01
    8.7300100000E-01    9.9999873679E-01    9.7128392108E-01
    8.7400100000E-01    9.9999858358E-01    9.7128392116E-01
    8.7500100000E-01    9.9999841198E-01    9.7128392126E-01
    8.7600100000E-01    9.9999821984E-01    9.7128392136E-01
    8.7700100000E-01    9.9999800470E-01    9.7128392148E-01
    8.7800100000E-01    9.9999776385E-01    9.7128392161E-01
    8.7900100000E-01    9.9999749425E-01    9.7128392175E-01
    8.8000100000E-01    9.9999719252E-01    9.7128392191E-01
    8.8100100000E-01    9.9999685486E-01    9.7128392210E-01
    8.8200100000E-01    9.9999647704E-01    9.7128392230E-01
    8.8300100000E-01    9.9999605434E-01    9.7128392253E-01
    8.8400100000E-01    9.9999558149E-01    9.7128392278E-01
    8.8500100000E-01    9.9999505261E-01    9.7128392307E-01
    8.8600100000E-01    9.9999446113E-01    9.7128392339E-01
    8.8700100000E-01    9.9999379973E-01    9.7128392374E-01
    8.8800100000E-01    9.9999306022E-01    9.7128392414E-01
    8.8900100000E-01    9.9999223351E-01    9.7128392459E-01
    8.9000100000E-01    9.9999130941E-01    9.7128392508E-01
    8.9100100000E-01    9.9999027658E-01    9.7128392564E-01
    8.9200100000E-01    9.9998912237E-01    9.7128392626E-01
    8.9300100000E-01    9.9998783269E-01    9.7128392696E-01
    8.9400100000E-01    9.9998639181E-01    9.7128392773E-01
    8.9500100000E-01    9.9998478219E-01    9.7128392860E-01
    8.9600100000E-01    9.9998298432E-01    9.7128392957E-01
    8.9700100000E-01    9.9998097640E-01    9.7128393065E-01
    8.9800100000E-01    9.9997873419E-01    9.7128393186E-01
    8.9900100000E-01    9.9997623064E-01    9.7128393321E-01
    9.0000100000E-01    9.9997343565E-01    9.7128393471E-01
    9.0100100000E-01    9.9997031567E-01    9.7128393640E-01
    9.0200100000E-01    9.9996683333E-01    9.7128393827E-01
    9.0300100000E-01    9.9996294702E-01    9.7128394037E-01
    9.0400100000E-01    9.9995861041E-01    9.7128394270E-01
    9.0500100000E-01    9.9995377191E-01    9.7128394531E-01
    9.0600100000E-01    9.9994837409E-01    9.7128394822E-01
    9.0700100000E-01    9.9994235302E-01    9.7128395146E-01
    9.0800100000E-01    9.9993563753E-01    9.7128395508E-01
    9.0900100000E-01    9.9992814846E-01    9.7128395911E-01
    9.1000100000E-01    9.9991979768E-01    9.7128396361E-01
    9.1100100000E-01    9.9991048715E-01    9.7128396863E-01
    9.1200100000E-01    9.9990010783E-01    9.7128397422E-01
    9.1300100000E-01    9.9988853839E-01    9.7128398046E-01
    9.1400100000E-01    9.9987564390E-01    9.7128398740E-01
    9.1500100000E-01    9.9986127432E-01    9.7128399515E-01
    9.1600100000E-01    9.9984526278E-01    9.7128400377E-01
    9.1700100000E-01    9.9982742379E-01    9.7128401338E-01
    9.1800100000E-01    9.9980755110E-01    9.7128402409E-01
    9.1900100000E-01    9.9978541548E-01    9.7128403602E-01
    9.2000100000E-01    9.9976076212E-01    9.7128404930E-01
    9.2100100000E-01    9.9973330789E-01    9.7128406409E-01
    9.2200100000E-01    9.9970273813E-01    9.7128408057E-01
    9.2300100000E-01    9.9966870327E-01    9.7128409890E-01
    9.2400100000E-01    9.9963081494E-01    9.7128411932E-01
    9.2500100000E-01    9.9958864174E-01    9.7128414204E-01
    9.2600100000E-01    9.9954170453E-01    9.7128416733E-01
    9.2700100000E-01    9.9948947118E-01    9.7128419548E-01
    9.2800100000E-01    9.9943135082E-01    9.7128422679E-01
    9.2900100000E-01    9.9936668737E-01    9.7128426163E-01
    9.3000100000E-01    9.9929475250E-01    9.7128430039E-01
    9.3100100000E-01    9.9921473770E-01    9.7128434350E-01
    9.3200100000E-01    9.9912574559E-01    9.7128439146E-01
    9.3300100000E-01    9.9902678023E-01    9.7128444478E-01
    9.3400100000E-01    9.9891673647E-01    9.7128450407E-01
    9.3500100000E-01    9.9879438807E-01    9.7128457000E-01
    9.3600100000E-01    9.9865837460E-01    9.7128464329E-01
    9.3700100000E-01    9.9850718690E-01    9.7128472475E-01
    9.3800100000E-01    9.9833915104E-01    9.7128481529E-01
    9.3900100000E-01    9.9815241053E-01    9.7128491592E-01
    9.4000100000E-01    9.9794490661E-01    9.7128502773E-01
    9.4100100000E-01    9.9771435649E-01    9.7128515196E-01
    9.4200100000E-01    9.9745822922E-01    9.7128528997E-01
    9.4300100000E-01    9.9717371907E-01    9.7128544329E-01
    9.4400100000E-01    9.9685771599E-01    9.7128561357E-01
    9.4500100000E-01    9.9650677300E-01    9.7128580268E-01
    9.4600100000E-01    9.9611707011E-01    9.7128601269E-01
    9.4700100000E-01    9.9568437440E-01    9.7128624587E-01
    9.4800100000E-01    9.9520399590E-01    9.7128650474E-01
    9.4900100000E-01    9.9467073881E-01    9.7128679212E-01
    9.5000100000E-01    9.9407884753E-01    9.7128711111E-01
    9.5100100000E-01    9.9342194711E-01    9.7128746515E-01
    9.5200100000E-01    9.9269297728E-01    9.7128785803E-01
    9.5300100000E-01    9.9188411966E-01    9.7128829399E-01
    9.5400100000E-01    9.9098671728E-01    9.7128877769E-01
    9.5500100000E-01    9.8999118564E-01    9.7128931430E-01
    9.5600100000E-01    9.8888691449E-01    9.7128990955E-01
    9.5700100000E-01    9.8766215930E-01    9.7129056979E-01
    9.5800100000E-01    9.8630392135E-01    9.7129130202E-01
    9.5900100000E-01    9.8479781535E-01    9.7129211402E-01
    9.6000100000E-01    9.8312792323E-01    9.7129301438E-01
    9.6100100000E-01    9.8127663262E-01    9.7129401263E-01
    9.6200100000E-01    9.7922445867E-01    9.7129511929E-01
    9.6300100000E-01    9.7694984710E-01    9.7129634602E-01
    9.6400100000E-01    9.7442895706E-01    9.7129770571E-01
    9.6500100000E-01    9.7163542120E-01    9.7129921264E-01
    9.6600100000E-01    9.6854008104E-01    9.7130088258E-01
    9.6700100000E-01    9.6511069488E-01    9.7130273301E-01
    9.6800100000E-01    9.6131161545E-01    9.7130478323E-01
    9.6900100000E-01    9.5710343431E-01    9.7130705464E-01
    9.7000100000E-01    9.5244258950E-01    9.7130957086E-01
    9.7100100000E-01    9.4728093281E-01    9.7131235804E-01
    9.7200100000E-01    9.4156525232E-01    9.7131544513E-01
    9.7300100000E-01    9.3523674602E-01    9.7131886410E-01
    9.7400100000E-01    9.2823044117E-01    9.7132265036E-01
    9.7500100000E-01    9.2047455410E-01    9.7132684305E-01
    9.7600100000E-01    9.1188978438E-01    9.7133148548E-01
    9.7700100000E-01    9.0238853662E-01    9.7133662556E-01
    9.7800100000E-01    8.9187406272E-01    9.7134231626E-01
    9.7900100000E-01    8.8023951632E-01    9.7134861624E-01
    9.8000100000E-01    8.6736691081E-01    9.7135559035E-01
    9.8100100000E-01    8.5312597096E-01    9.7136331039E-01
    9.8200100000E-01    8.3737286759E-01    9.7137185578E-01
    9.8300100000E-01    8.1994882342E-01    9.7138131447E-01
    9.8400100000E-01    8.0067857714E-01    9.7139178380E-01
    9.8500100000E-01    7.7936869156E-01    9.7140337157E-01
    9.8600100000E-01    7.5580568999E-01    9.7141619717E-01
    9.8700100000E-01    7.2975400381E-01    9.7143039286E-01
    9.8800100000E-01    7.0095371221E-01    9.7144610525E-01
    9.8900100000E-01    6.6911805331E-01    9.7146349683E-01
    9.9000100000E-01    6.3393068391E-01    9.7148274788E-01
    9.9100100000E-01    5.9504266257E-01    9.7150405838E-01
    9.9200100000E-01    5.5206912857E-01    9.7152765040E-01
    9.9300100000E-01    5.0458564651E-01    9.7155377060E-01
    9.9400100000E-01    4.5212418298E-01    9.7158269319E-01
    9.9500100000E-01    3.9416867903E-01    9.7161472321E-01
    9.9600100000E-01    3.3015017814E-01    9.7165020026E-01
    9.9700100000E-01    2.5944146553E-01    9.7168950280E-01
    9.9800100000E-01    1.8135117052E-01    9.7173305303E-01
    9.9900100000E-01    9.5117278614E-02    9.7178132246E-01
    1.0000010000E+00   -1.0000495024E-04    9.7183483839E-01
