    1.0000000000E-06    9.9999900000E-01    3.7241730398E-01
    1.0010000000E-03    9.9899900000E-01    3.7251045818E-01
    2.0010000000E-03    9.9799900000E-01    3.7260371236E-01
    3.0010000000E-03    9.9699900000E-01    3.7269706667E-01
    4.0010000000E-03    9.9599900000E-01    3.7279052129E-01
    5.0010000000E-03    9.9499900000E-01    3.7288407642E-01
    6.0010000000E-03    9.9399900000E-01    3.7297773225E-01
    7.0010000000E-03    9.9299900000E-01    3.7307148896E-01
    8.0010000000E-03    9.9199900000E-01    3.7316534675E-01
    9.0010000000E-03    9.9099900000E-01    3.7325930581E-01
    1.0001000000E-02    9.8999900000E-01    3.7335336632E-01
    1.1001000000E-02    9.8899900000E-01    3.7344752849E-01
    1.2001000000E-02    9.8799900000E-01    3.7354179250E-01
    1.3001000000E-02    9.8699900000E-01    3.7363615854E-01
    1.4001000000E-02    9.8599900000E-01    3.7373062681E-01
    1.5001000000E-02    9.8499900000E-01    3.7382519751E-01
    1.6001000000E-02    9.8399900000E-01    3.7391987082E-01
    1.7001000000E-02    9.8299900000E-01    3.7401464695E-01
    1.8001000000E-02    9.8199900000E-01    3.7410952608E-01
    1.9001000000E-02    9.8099900000E-01    3.7420450842E-01
    2.0001000000E-02    9.7999900000E-01    3.7429959415E-01
    2.1001000000E-02    9.7899900000E-01    3.7439478349E-01
    2.2001000000E-02    9.7799900000E-01    3.7449007662E-01
    2.3001000000E-02    9.7699900000E-01    3.7458547374E-01
    2.4001000000E-02    9.7599900000E-01    3.7468097506E-01
    2.5001000000E-02    9.7499900000E-01    3.7477658077E-01
    2.6001000000E-02    9.7399900000E-01    3.7487229106E-01
    2.7001000000E-02    9.7299900000E-01    3.7496810615E-01
    2.8001000000E-02    9.7199900000E-01    3.7506402624E-01
    2.9001000000E-02    9.7099900000E-01    3.7516005151E-01
    3.0001000000E-02    9.6999900000E-01    3.7525618218E-01
    3.1001000000E-02    9.6899900000E-01    3.7535241845E-01
    3.2001000000E-02    9.6799900000E-01    3.7544876053E-01
    3.3001000000E-02    9.6699900000E-01    3.7554520860E-01
    3.4001000000E-02    9.6599900000E-01    3.7564176289E-01
    3.5001000000E-02    9.6499900000E-01    3.7573842359E-01
    3.6001000000E-02    9.6399900000E-01    3.7583519091E-01
    3.7001000000E-02    9.6299900000E-01    3.7593206505E-01
    3.8001000000E-02    9.6199900000E-01    3.7602904623E-01
    3.9001000000E-02    9.6099900000E-01    3.7612613464E-01
    4.0001000000E-02    9.5999900000E-01    3.7622333050E-01
    4.1001000000E-02    9.5899900000E-01    3.7632063402E-01
    4.2001000000E-02    9.5799900000E-01    3.7641804540E-01
    4.3001000000E-02    9.5699900000E-01    3.7651556485E-01
    4.4001000000E-02    9.5599900000E-01    3.7661319258E-01
    4.5001000000E-02    9.5499900000E-01    3.7671092881E-01
    4.6001000000E-02    9.5399900000E-01    3.7680877374E-01
    4.7001000000E-02    9.5299900000E-01    3.7690672759E-01
    4.8001000000E-02    9.5199900000E-01    3.7700479056E-01
    4.9001000000E-02    9.5099900000E-01    3.7710296287E-01
    5.0001000000E-02    9.4999900000E-01    3.7720124474E-01
    5.1001000000E-02    9.4899900000E-01    3.7729963638E-01
    5.2001000000E-02    9.4799900000E-01    3.7739813800E-01
    5.3001000000E-02    9.4699900000E-01    3.7749674981E-01
    5.4001000000E-02    9.4599900000E-01    3.7759547204E-01
    5.5001000000E-02    9.4499900000E-01    3.7769430490E-01
    5.6001000000E-02    9.4399900000E-01    3.7779324861E-01
    5.7001000000E-02    9.4299900000E-01    3.7789230338E-01
    5.8001000000E-02    9.4199900000E-01    3.7799146944E-01
    5.9001000000E-02    9.4099900000E-01    3.7809074699E-01
    6.0001000000E-02    9.3999900000E-01    3.7819013627E-01
    6.1001000000E-02    9.3899900000E-01    3.7828963749E-01
    6.2001000000E-02    9.3799900000E-01    3.7838925087E-01
    6.3001000000E-02    9.3699900000E-01    3.7848897663E-01
    6.4001000000E-02    9.3599900000E-01    3.7858881500E-01
    6.5001000000E-02    9.3499900000E-01    3.7868876619E-01
    6.6001000000E-02    9.3399900000E-01    3.7878883044E-01
    6.7001000000E-02    9.3299900000E-01    3.7888900796E-01
    6.8001000000E-02    9.3199900000E-01    3.7898929897E-01
    6.9001000000E-02    9.3099900000E-01    3.7908970372E-01
    7.0001000000E-02    9.2999900000E-01    3.7919022241E-01
    7.1001000000E-02    9.2899900000E-01    3.7929085527E-01
    7.2001000000E-02    9.2799900000E-01    3.7939160254E-01
    7.3001000000E-02    9.2699900000E-01    3.7949246444E-01
    7.4001000000E-02    9.2599900000E-01    3.7959344120E-01
    7.5001000000E-02    9.2499900000E-01    3.7969453305E-01
    7.6001000000E-02    9.2399900000E-01    3.7979574021E-01
    7.7001000000E-02    9.2299900000E-01    3.7989706292E-01
    7.8001000000E-02    9.2199900000E-01    3.7999850140E-01
    7.9001000000E-02    9.2099900000E-01    3.8010005590E-01
    8.0001000000E-02    9.1999900000E-01    3.8020172664E-01
    8.1001000000E-02    9.1899900000E-01    3.8030351385E-01
    8.2001000000E-02    9.1799900000E-01    3.8040541777E-01
    8.3001000000E-02    9.1699900000E-01    3.8050743863E-01
    8.4001000000E-02    9.1599900000E-01    3.8060957667E-01
    8.5001000000E-02    9.1499900000E-01    3.8071183212E-01
    8.6001000000E-02    9.1399900000E-01    3.8081420522E-01
    8.7001000000E-02    9.1299900000E-01    3.8091669621E-01
    8.8001000000E-02    9.1199900000E-01    3.8101930531E-01
    8.9001000000E-02    9.1099900000E-01    3.8112203278E-01
    9.0001000000E-02    9.0999900000E-01    3.8122487885E-01
    9.1001000000E-02    9.0899900000E-01    3.8132784375E-01
    9.2001000000E-02    9.0799900000E-01    3.8143092774E-01
    9.3001000000E-02    9.0699900000E-01    3.8153413105E-01
    9.4001000000E-02    9.0599900000E-01    3.8163745391E-01
    9.5001000000E-02    9.0499900000E-01    3.8174089659E-01
    9.6001000000E-02    9.0399900000E-01    3.8184445931E-01
    9.7001000000E-02    9.0299900000E-01    3.8194814232E-01
    9.8001000000E-02    9.0199900000E-01    3.8205194586E-01
    9.9001000000E-02    9.0099900000E-01    3.8215587019E-01
    1.0000100000E-01    8.9999900000E-01    3.8225991555E-01
    1.0100100000E-01    8.9899900000E-01    3.8236408217E-01
    1.0200100000E-01    8.9799900000E-01    3.8246837032E-01
    1.0300100000E-01    8.9699900000E-01    3.8257278024E-01
    1.0400100000E-01    8.9599900000E-01    3.8267731217E-01
    1.0500100000E-01    8.9499900000E-01    3.8278196637E-01
    1.0600100000E-01    8.9399900000E-01    3.8288674308E-01
    1.0700100000E-01    8.9299900000E-01    3.8299164256E-01
    1.0800100000E-01    8.9199900000E-01    3.8309666507E-01
    1.0900100000E-01    8.9099900000E-01    3.8320181084E-01
    1.1000100000E-01    8.8999900000E-01    3.8330708014E-01
    1.1100100000E-01    8.8899900000E-01    3.8341247321E-01
    1.1200100000E-01    8.8799900000E-01    3.8351799032E-01
    1.1300100000E-01    8.8699900000E-01    3.8362363172E-01
    1.1400100000E-01    8.8599900000E-01    3.8372939766E-01
    1.1500100000E-01    8.8499900000E-01    3.8383528840E-01
    1.1600100000E-01    8.8399900000E-01    3.8394130420E-01
    1.1700100000E-01    8.8299900000E-01    3.8404744531E-01
    1.1800100000E-01    8.8199900000E-01    3.8415371201E-01
    1.1900100000E-01    8.8099900000E-01    3.8426010454E-01
    1.2000100000E-01    8.7999900000E-01    3.8436662316E-01
    1.2100100000E-01    8.7899900000E-01    3.8447326814E-01
    1.2200100000E-01    8.7799900000E-01    3.8458003974E-01
    1.2300100000E-01    8.7699900000E-01    3.8468693823E-01
    1.2400100000E-01    8.7599900000E-01    3.8479396386E-01
    1.2500100000E-01    8.7499900000E-01    3.8490111690E-01
    1.2600100000E-01    8.7399900000E-01    3.8500839762E-01
    1.2700100000E-01    8.7299900000E-01    3.8511580628E-01
    1.2800100000E-01    8.7199900000E-01    3.8522334315E-01
    1.2900100000E-01    8.7099900000E-01    3.8533100849E-01
    1.3000100000E-01    8.6999900000E-01    3.8543880258E-01
    1.3100100000E-01    8.6899900000E-01    3.8554672568E-01
    1.3200100000E-01    8.6799900000E-01    3.8565477807E-01
    1.3300100000E-01    8.6699900000E-01    3.8576296001E-01
    1.3400100000E-01    8.6599900000E-01    3.8587127178E-01
    1.3500100000E-01    8.6499900000E-01    3.8597971365E-01
    1.3600100000E-01    8.6399900000E-01    3.8608828589E-01
    1.3700100000E-01    8.6299900000E-01    3.8619698878E-01
    1.3800100000E-01    8.6199900000E-01    3.8630582258E-01
    1.3900100000E-01    8.6099900000E-01    3.8641478759E-01
    1.4000100000E-01    8.5999900000E-01    3.8652388406E-01
    1.4100100000E-01    8.5899900000E-01    3.8663311229E-01
    1.4200100000E-01    8.5799900000E-01    3.8674247255E-01
    1.4300100000E-01    8.5699900000E-01    3.8685196511E-01
    1.4400100000E-01    8.5599900000E-01    3.8696159026E-01
    1.4500100000E-01    8.5499900000E-01    3.8707134828E-01
    1.4600100000E-01    8.5399900000E-01    3.8718123945E-01
    1.4700100000E-01    8.5299900000E-01    3.8729126405E-01
    1.4800100000E-01    8.5199900000E-01    3.8740142237E-01
    1.4900100000E-01    8.5099900000E-01    3.8751171468E-01
    1.5000100000E-01    8.4999900000E-01    3.8762214128E-01
    1.5100100000E-01    8.4899900000E-01    3.8773270245E-01
    1.5200100000E-01    8.4799900000E-01    3.8784339848E-01
    1.5300100000E-01    8.4699900000E-01    3.8795422965E-01
    1.5400100000E-01    8.4599900000E-01    3.8806519626E-01
    1.5500100000E-01    8.4499900000E-01    3.8817629858E-01
    1.5600100000E-01    8.4399900000E-01    3.8828753692E-01
    1.5700100000E-01    8.4299900000E-01    3.8839891156E-01
    1.5800100000E-01    8.4199900000E-01    3.8851042280E-01
    1.5900100000E-01    8.4099900000E-01    3.8862207092E-01
    1.6000100000E-01    8.3999900000E-01    3.8873385623E-01
    1.6100100000E-01    8.3899900000E-01    3.8884577901E-01
    1.6200100000E-01    8.3799900000E-01    3.8895783957E-01
    1.6300100000E-01    8.3699900000E-01    3.8907003819E-01
    1.6400100000E-01    8.3599900000E-01    3.8918237518E-01
    1.6500100000E-01    8.3499900000E-01    3.8929485083E-01
    1.6600100000E-01    8.3399900000E-01    3.8940746545E-01
    1.6700100000E-01    8.3299900000E-01    3.8952021932E-01
    1.6800100000E-01    8.3199900000E-01    3.8963311276E-01
    1.6900100000E-01    8.3099900000E-01    3.8974614607E-01
    1.7000100000E-01    8.2999900000E-01    3.8985931955E-01
    1.7100100000E-01    8.2899900000E-01    3.8997263349E-01
    1.7200100000E-01    8.2799900000E-01    3.9008608822E-01
    1.7300100000E-01    8.2699900000E-01    3.9019968403E-01
    1.7400100000E-01    8.2599900000E-01    3.9031342122E-01
    1.7500100000E-01    8.2499900000E-01    3.9042730012E-01
    1.7600100000E-01    8.2399900000E-01    3.9054132102E-01
    1.7700100000E-01    8.2299900000E-01    3.9065548423E-01
    1.7800100000E-01    8.2199900000E-01    3.9076979007E-01
    1.7900100000E-01    8.2099900000E-01    3.9088423884E-01
    1.8000100000E-01    8.1999900000E-01    3.9099883087E-01
    1.8100100000E-01    8.1899900000E-01    3.9111356645E-01
    1.8200100000E-01    8.1799900000E-01    3.9122844591E-01
    1.8300100000E-01    8.1699900000E-01    3.9134346957E-01
    1.8400100000E-01    8.1599900000E-01    3.9145863773E-01
    1.8500100000E-01    8.1499900000E-01    3.9157395071E-01
    1.8600100000E-01    8.1399900000E-01    3.9168940884E-01
    1.8700100000E-01    8.1299900000E-01    3.9180501243E-01
    1.8800100000E-01    8.1199900000E-01    3.9192076181E-01
    1.8900100000E-01    8.1099900000E-01    3.9203665729E-01
    1.9000100000E-01    8.0999900000E-01    3.9215269919E-01
    1.9100100000E-01    8.0899900000E-01    3.9226888784E-01
    1.9200100000E-01    8.0799900000E-01    3.9238522356E-01
    1.9300100000E-01    8.0699900000E-01    3.9250170669E-01
    1.9400100000E-01    8.0599900000E-01    3.9261833754E-01
    1.9500100000E-01    8.0499900000E-01    3.9273511644E-01
    1.9600100000E-01    8.0399900000E-01    3.9285204372E-01
    1.9700100000E-01    8.0299900000E-01    3.9296911971E-01
    1.9800100000E-01    8.0199900000E-01    3.9308634474E-01
    1.9900100000E-01    8.0099900000E-01    3.9320371914E-01
    2.0000100000E-01    7.9999900000E-01    3.9332124324E-01
    2.0100100000E-01    7.9899900000E-01    3.9343891738E-01
    2.0200100000E-01    7.9799900000E-01    3.9355674190E-01
    2.0300100000E-01    7.9699900000E-01    3.9367471712E-01
    2.0400100000E-01    7.9599900000E-01    3.9379284339E-01
    2.0500100000E-01    7.9499900000E-01    3.9391112104E-01
    2.0600100000E-01    7.9399900000E-01    3.9402955040E-01
    2.0700100000E-01    7.9299900000E-01    3.9414813183E-01
    2.0800100000E-01    7.9199900000E-01    3.9426686567E-01
    2.0900100000E-01    7.9099900000E-01    3.9438575224E-01
    2.1000100000E-01    7.8999900000E-01    3.9450479190E-01
    2.1100100000E-01    7.8899900000E-01    3.9462398500E-01
    2.1200100000E-01    7.8799900000E-01    3.9474333187E-01
    2.1300100000E-01    7.8699900000E-01    3.9486283286E-01
    2.1400100000E-01    7.8599900000E-01    3.9498248833E-01
    2.1500100000E-01    7.8499900000E-01    3.9510229861E-01
    2.1600100000E-01    7.8399900000E-01    3.9522226407E-01
    2.1700100000E-01    7.8299900000E-01    3.9534238504E-01
    2.1800100000E-01    7.8199900000E-01    3.9546266189E-01
    2.1900100000E-01    7.8099900000E-01    3.9558309496E-01
    2.2000100000E-01    7.7999900000E-01    3.9570368461E-01
    2.2100100000E-01    7.7899900000E-01    3.9582443120E-01
    2.2200100000E-01    7.7799900000E-01    3.9594533508E-01
    2.2300100000E-01    7.7699900000E-01    3.9606639661E-01
    2.2400100000E-01    7.7599900000E-01    3.9618761614E-01
    2.2500100000E-01    7.7499900000E-01    3.9630899405E-01
    2.2600100000E-01    7.7399900000E-01    3.9643053069E-01
    2.2700100000E-01    7.7299900000E-01    3.9655222641E-01
    2.2800100000E-01    7.7199900000E-01    3.9667408160E-01
    2.2900100000E-01    7.7099900000E-01    3.9679609660E-01
    2.3000100000E-01    7.6999900000E-01    3.9691827180E-01
    2.3100100000E-01    7.6899900000E-01    3.9704060754E-01
    2.3200100000E-01    7.6799900000E-01    3.9716310421E-01
    2.3300100000E-01    7.6699900000E-01    3.9728576217E-01
    2.3400100000E-01    7.6599900000E-01    3.9740858180E-01
    2.3500100000E-01    7.6499900000E-01    3.9753156345E-01
    2.3600100000E-01    7.6399900000E-01    3.9765470752E-01
    2.3700100000E-01    7.6299900000E-01    3.9777801437E-01
    2.3800100000E-01    7.6199900000E-01    3.9790148438E-01
    2.3900100000E-01    7.6099900000E-01    3.9802511792E-01
    2.4000100000E-01    7.5999900000E-01    3.9814891537E-01
    2.4100100000E-01    7.5899900000E-01    3.9827287712E-01
    2.4200100000E-01    7.5799900000E-01    3.9839700353E-01
    2.4300100000E-01    7.5699900000E-01    3.9852129501E-01
    2.4400100000E-01    7.5599900000E-01    3.9864575192E-01
    2.4500100000E-01    7.5499900000E-01    3.9877037465E-01
    2.4600100000E-01    7.5399900000E-01    3.9889516359E-01
    2.4700100000E-01    7.5299900000E-01    3.9902011913E-01
    2.4800100000E-01    7.5199900000E-01    3.9914524165E-01
    2.4900100000E-01    7.5099900000E-01    3.9927053154E-01
    2.5000100000E-01    7.4999900000E-01    3.9939598919E-01
    2.5100100000E-01    7.4899900000E-01    3.9952161500E-01
    2.5200100000E-01    7.4799900000E-01    3.9964740936E-01
    2.5300100000E-01    7.4699900000E-01    3.9977337266E-01
    2.5400100000E-01    7.4599900000E-01    3.9989950530E-01
    2.5500100000E-01    7.4499900000E-01    4.0002580768E-01
    2.5600100000E-01    7.4399900000E-01    4.0015228019E-01
    2.5700100000E-01    7.4299900000E-01    4.0027892323E-01
    2.5800100000E-01    7.4199900000E-01    4.0040573722E-01
    2.5900100000E-01    7.4099900000E-01    4.0053272254E-01
    2.6000100000E-01    7.3999900000E-01    4.0065987960E-01
    2.6100100000E-01    7.3899900000E-01    4.0078720881E-01
    2.6200100000E-01    7.3799900000E-01    4.0091471058E-01
    2.6300100000E-01    7.3699900000E-01    4.0104238531E-01
    2.6400100000E-01    7.3599900000E-01    4.0117023341E-01
    2.6500100000E-01    7.3499900000E-01    4.0129825530E-01
    2.6600100000E-01    7.3399900000E-01    4.0142645138E-01
    2.6700100000E-01    7.3299900000E-01    4.0155482207E-01
    2.6800100000E-01    7.3199900000E-01    4.0168336778E-01
    2.6900100000E-01    7.3099900000E-01    4.0181208893E-01
    2.7000100000E-01    7.2999900000E-01    4.0194098595E-01
    2.7100100000E-01    7.2899900000E-01    4.0207005923E-01
    2.7200100000E-01    7.2799900000E-01    4.0219930922E-01
    2.7300100000E-01    7.2699900000E-01    4.0232873632E-01
    2.7400100000E-01    7.2599900000E-01    4.0245834097E-01
    2.7500100000E-01    7.2499900000E-01    4.0258812359E-01
    2.7600100000E-01    7.2399900000E-01    4.0271808460E-01
    2.7700100000E-01    7.2299900000E-01    4.0284822443E-01
    2.7800100000E-01    7.2199900000E-01    4.0297854352E-01
    2.7900100000E-01    7.2099900000E-01    4.0310904228E-01
    2.8000100000E-01    7.1999900000E-01    4.0323972117E-01
    2.8100100000E-01    7.1899900000E-01    4.0337058059E-01
    2.8200100000E-01    7.1799900000E-01    4.0350162100E-01
    2.8300100000E-01    7.1699900000E-01    4.0363284284E-01
    2.8400100000E-01    7.1599900000E-01    4.0376424652E-01
    2.8500100000E-01    7.1499900000E-01    4.0389583251E-01
    2.8600100000E-01    7.1399900000E-01    4.0402760123E-01
    2.8700100000E-01    7.1299900000E-01    4.0415955314E-01
    2.8800100000E-01    7.1199900000E-01    4.0429168867E-01
    2.8900100000E-01    7.1099900000E-01    4.0442400827E-01
    2.9000100000E-01    7.0999900000E-01    4.0455651239E-01
    2.9100100000E-01    7.0899900000E-01    4.0468920147E-01
    2.9200100000E-01    7.0799900000E-01    4.0482207598E-01
    2.9300100000E-01    7.0699900000E-01    4.0495513635E-01
    2.9400100000E-01    7.0599900000E-01    4.0508838304E-01
    2.9500100000E-01    7.0499900000E-01    4.0522181651E-01
    2.9600100000E-01    7.0399900000E-01    4.0535543722E-01
    2.9700100000E-01    7.0299900000E-01    4.0548924562E-01
    2.9800100000E-01    7.0199900000E-01    4.0562324217E-01
    2.9900100000E-01    7.0099900000E-01    4.0575742733E-01
    3.0000100000E-01    6.9999900000E-01    4.0589180157E-01
    3.0100100000E-01    6.9899900000E-01    4.0602636535E-01
    3.0200100000E-01    6.9799900000E-01    4.0616111914E-01
    3.0300100000E-01    6.9699900000E-01    4.0629606340E-01
    3.0400100000E-01    6.9599900000E-01    4.0643119860E-01
    3.0500100000E-01    6.9499900000E-01    4.0656652522E-01
    3.0600100000E-01    6.9399900000E-01    4.0670204373E-01
    3.0700100000E-01    6.9299900000E-01    4.0683775460E-01
    3.0800100000E-01    6.9199900000E-01    4.0697365831E-01
    3.0900100000E-01    6.9099900000E-01    4.0710975534E-01
    3.1000100000E-01    6.8999900000E-01    4.0724604616E-01
    3.1100100000E-01    6.8899900000E-01    4.0738253126E-01
    3.1200100000E-01    6.8799900000E-01    4.0751921112E-01
    3.1300100000E-01    6.8699900000E-01    4.0765608622E-01
    3.1400100000E-01    6.8599900000E-01    4.0779315705E-01
    3.1500100000E-01    6.8499900000E-01    4.0793042410E-01
    3.1600100000E-01    6.8399900000E-01    4.0806788786E-01
    3.1700100000E-01    6.8299900000E-01    4.0820554881E-01
    3.1800100000E-01    6.8199900000E-01    4.0834340746E-01
    3.1900100000E-01    6.8099900000E-01    4.0848146430E-01
    3.2000100000E-01    6.7999900000E-01    4.0861971982E-01
    3.2100100000E-01    6.7899900000E-01    4.0875817452E-01
    3.2200100000E-01    6.7799900000E-01    4.0889682891E-01
    3.2300100000E-01    6.7699900000E-01    4.0903568347E-01
    3.2400100000E-01    6.7599900000E-01    4.0917473873E-01
    3.2500100000E-01    6.7499900000E-01    4.0931399518E-01
    3.2600100000E-01    6.7399900000E-01    4.0945345333E-01
    3.2700100000E-01    6.7299900000E-01    4.0959311369E-01
    3.2800100000E-01    6.7199900000E-01    4.0973297678E-01
    3.2900100000E-01    6.7099900000E-01    4.0987304309E-01
    3.3000100000E-01    6.6999900000E-01    4.1001331316E-01
    3.3100100000E-01    6.6899900000E-01    4.1015378749E-01
    3.3200100000E-01    6.6799900000E-01    4.1029446660E-01
    3.3300100000E-01    6.6699900000E-01    4.1043535102E-01
    3.3400100000E-01    6.6599900000E-01    4.1057644126E-01
    3.3500100000E-01    6.6499900000E-01    4.1071773785E-01
    3.3600100000E-01    6.6399900000E-01    4.1085924132E-01
    3.3700100000E-01    6.6299900000E-01    4.1100095219E-01
    3.3800100000E-01    6.6199900000E-01    4.1114287100E-01
    3.3900100000E-01    6.6099900000E-01    4.1128499827E-01
    3.4000100000E-01    6.5999900000E-01    4.1142733453E-01
    3.4100100000E-01    6.5899900000E-01    4.1156988034E-01
    3.4200100000E-01    6.5799900000E-01    4.1171263621E-01
    3.4300100000E-01    6.5699900000E-01    4.1185560269E-01
    3.4400100000E-01    6.5599900000E-01    4.1199878033E-01
    3.4500100000E-01    6.5499900000E-01    4.1214216966E-01
    3.4600100000E-01    6.5399900000E-01    4.1228577123E-01
    3.4700100000E-01    6.5299900000E-01    4.1242958559E-01
    3.4800100000E-01    6.5199900000E-01    4.1257361328E-01
    3.4900100000E-01    6.5099900000E-01    4.1271785487E-01
    3.5000100000E-01    6.4999900000E-01    4.1286231089E-01
    3.5100100000E-01    6.4899900000E-01    4.1300698192E-01
    3.5200100000E-01    6.4799900000E-01    4.1315186849E-01
    3.5300100000E-01    6.4699900000E-01    4.1329697118E-01
    3.5400100000E-01    6.4599900000E-01    4.1344229055E-01
    3.5500100000E-01    6.4499900000E-01    4.1358782716E-01
    3.5600100000E-01    6.4399900000E-01    4.1373358157E-01
    3.5700100000E-01    6.4299900000E-01    4.1387955435E-01
    3.5800100000E-01    6.4199900000E-01    4.1402574608E-01
    3.5900100000E-01    6.4099900000E-01    4.1417215732E-01
    3.6000100000E-01    6.3999900000E-01    4.1431878864E-01
    3.6100100000E-01    6.3899900000E-01    4.1446564064E-01
    3.6200100000E-01    6.3799900000E-01    4.1461271387E-01
    3.6300100000E-01    6.3699900000E-01    4.1476000893E-01
    3.6400100000E-01    6.3599900000E-01    4.1490752639E-01
    3.6500100000E-01    6.3499900000E-01    4.1505526685E-01
    3.6600100000E-01    6.3399900000E-01    4.1520323088E-01
    3.6700100000E-01    6.3299900000E-01    4.1535141908E-01
    3.6800100000E-01    6.3199900000E-01    4.1549983204E-01
    3.6900100000E-01    6.3099900000E-01    4.1564847035E-01
    3.7000100000E-01    6.2999900000E-01    4.1579733461E-01
    3.7100100000E-01    6.2899900000E-01    4.1594642541E-01
    3.7200100000E-01    6.2799900000E-01    4.1609574336E-01
    3.7300100000E-01    6.2699900000E-01    4.1624528906E-01
    3.7400100000E-01    6.2599900000E-01    4.1639506311E-01
    3.7500100000E-01    6.2499900000E-01    4.1654506612E-01
    3.7600100000E-01    6.2399900000E-01    4.1669529871E-01
    3.7700100000E-01    6.2299900000E-01    4.1684576147E-01
    3.7800100000E-01    6.2199900000E-01    4.1699645503E-01
    3.7900100000E-01    6.2099900000E-01    4.1714738000E-01
    3.8000100000E-01    6.1999900000E-01    4.1729853701E-01
    3.8100100000E-01    6.1899900000E-01    4.1744992666E-01
    3.8200100000E-01    6.1799900000E-01    4.1760154959E-01
    3.8300100000E-01    6.1699900000E-01    4.1775340642E-01
    3.8400100000E-01    6.1599900000E-01    4.1790549778E-01
    3.8500100000E-01    6.1499900000E-01    4.1805782430E-01
    3.8600100000E-01    6.1399900000E-01    4.1821038661E-01
    3.8700100000E-01    6.1299900000E-01    4.1836318535E-01
    3.8800100000E-01    6.1199900000E-01    4.1851622115E-01
    3.8900100000E-01    6.1099900000E-01    4.1866949466E-01
    3.9000100000E-01    6.0999900000E-01    4.1882300652E-01
    3.9100100000E-01    6.0899900000E-01    4.1897675737E-01
    3.9200100000E-01    6.0799900000E-01    4.1913074786E-01
    3.9300100000E-01    6.0699900000E-01    4.1928497864E-01
    3.9400100000E-01    6.0599900000E-01    4.1943945037E-01
    3.9500100000E-01    6.0499900000E-01    4.1959416369E-01
    3.9600100000E-01    6.0399900000E-01    4.1974911927E-01
    3.9700100000E-01    6.0299900000E-01    4.1990431777E-01
    3.9800100000E-01    6.0199900000E-01    4.2005975984E-01
    3.9900100000E-01    6.0099900000E-01    4.2021544616E-01
    4.0000100000E-01    5.9999900000E-01    4.2037137739E-01
    4.0100100000E-01    5.9899900000E-01    4.2052755421E-01
    4.0200100000E-01    5.9799900000E-01    4.2068397728E-01
    4.0300100000E-01    5.9699900000E-01    4.2084064728E-01
    4.0400100000E-01    5.9599900000E-01    4.2099756488E-01
    4.0500100000E-01    5.9499900000E-01    4.2115473078E-01
    4.0600100000E-01    5.9399900000E-01    4.2131214566E-01
    4.0700100000E-01    5.9299900000E-01    4.2146981019E-01
    4.0800100000E-01    5.9199900000E-01    4.2162772507E-01
    4.0900100000E-01    5.9099900000E-01    4.2178589099E-01
    4.1000100000E-01    5.8999900000E-01    4.2194430865E-01
    4.1100100000E-01    5.8899900000E-01    4.2210297873E-01
    4.1200100000E-01    5.8799900000E-01    4.2226190195E-01
    4.1300100000E-01    5.8699900000E-01    4.2242107901E-01
    4.1400100000E-01    5.8599900000E-01    4.2258051060E-01
    4.1500100000E-01    5.8499900000E-01    4.2274019744E-01
    4.1600100000E-01    5.8399900000E-01    4.2290014023E-01
    4.1700100000E-01    5.8299900000E-01    4.2306033970E-01
    4.1800100000E-01    5.8199900000E-01    4.2322079656E-01
    4.1900100000E-01    5.8099900000E-01    4.2338151152E-01
    4.2000100000E-01    5.7999900000E-01    4.2354248531E-01
    4.2100100000E-01    5.7899900000E-01    4.2370371866E-01
    4.2200100000E-01    5.7799900000E-01    4.2386521229E-01
    4.2300100000E-01    5.7699900000E-01    4.2402696693E-01
    4.2400100000E-01    5.7599900000E-01    4.2418898332E-01
    4.2500100000E-01    5.7499900000E-01    4.2435126219E-01
    4.2600100000E-01    5.7399900000E-01    4.2451380429E-01
    4.2700100000E-01    5.7299900000E-01    4.2467661035E-01
    4.2800100000E-01    5.7199900000E-01    4.2483968112E-01
    4.2900100000E-01    5.7099900000E-01    4.2500301735E-01
    4.3000100000E-01    5.6999900000E-01    4.2516661979E-01
    4.3100100000E-01    5.6899900000E-01    4.2533048920E-01
    4.3200100000E-01    5.6799900000E-01    4.2549462633E-01
    4.3300100000E-01    5.6699900000E-01    4.2565903194E-01
    4.3400100000E-01    5.6599900000E-01    4.2582370680E-01
    4.3500100000E-01    5.6499900000E-01    4.2598865167E-01
    4.3600100000E-01    5.6399900000E-01    4.2615386732E-01
    4.3700100000E-01    5.6299900000E-01    4.2631935453E-01
    4.3800100000E-01    5.6199900000E-01    4.2648511407E-01
    4.3900100000E-01    5.6099900000E-01    4.2665114672E-01
    4.4000100000E-01    5.5999900000E-01    4.2681745327E-01
    4.4100100000E-01    5.5899900000E-01    4.2698403449E-01
    4.4200100000E-01    5.5799900000E-01    4.2715089118E-01
    4.4300100000E-01    5.5699900000E-01    4.2731802414E-01
    4.4400100000E-01    5.5599900000E-01    4.2748543414E-01
    4.4500100000E-01    5.5499900000E-01    4.2765312200E-01
    4.4600100000E-01    5.5399900000E-01    4.2782108851E-01
    4.4700100000E-01    5.5299900000E-01    4.2798933448E-01
    4.4800100000E-01    5.5199900000E-01    4.2815786071E-01
    4.4900100000E-01    5.5099900000E-01    4.2832666803E-01
    4.5000100000E-01    5.4999900000E-01    4.2849575724E-01
    4.5100100000E-01    5.4899900000E-01    4.2866512916E-01
    4.5200100000E-01    5.4799900000E-01    4.2883478461E-01
    4.5300100000E-01    5.4699900000E-01    4.2900472442E-01
    4.5400100000E-01    5.4599900000E-01    4.2917494942E-01
    4.5500100000E-01    5.4499900000E-01    4.2934546043E-01
    4.5600100000E-01    5.4399900000E-01    4.2951625830E-01
    4.5700100000E-01    5.4299900000E-01    4.2968734385E-01
    4.5800100000E-01    5.4199900000E-01    4.2985871794E-01
    4.5900100000E-01    5.4099900000E-01    4.3003038141E-01
    4.6000100000E-01    5.3999900000E-01    4.3020233511E-01
    4.6100100000E-01    5.3899900000E-01    4.3037457989E-01
    4.6200100000E-01    5.3799900000E-01    4.3054711660E-01
    4.6300100000E-01    5.3699900000E-01    4.3071994611E-01
    4.6400100000E-01    5.3599900000E-01    4.3089306928E-01
    4.6500100000E-01    5.3499900000E-01    4.3106648698E-01
    4.6600100000E-01    5.3399900000E-01    4.3124020007E-01
    4.6700100000E-01    5.3299900000E-01    4.3141420944E-01
    4.6800100000E-01    5.3199900000E-01    4.3158851595E-01
    4.6900100000E-01    5.3099900000E-01    4.3176312049E-01
    4.7000100000E-01    5.2999900000E-01    4.3193802395E-01
    4.7100100000E-01    5.2899900000E-01    4.3211322721E-01
    4.7200100000E-01    5.2799900000E-01    4.3228873117E-01
    4.7300100000E-01    5.2699900000E-01    4.3246453672E-01
    4.7400100000E-01    5.2599900000E-01    4.3264064477E-01
    4.7500100000E-01    5.2499900000E-01    4.3281705621E-01
    4.7600100000E-01    5.2399900000E-01    4.3299377196E-01
    4.7700100000E-01    5.2299900000E-01    4.3317079293E-01
    4.7800100000E-01    5.2199900000E-01    4.3334812002E-01
    4.7900100000E-01    5.2099900000E-01    4.3352575417E-01
    4.8000100000E-01    5.1999900000E-01    4.3370369630E-01
    4.8100100000E-01    5.1899900000E-01    4.3388194732E-01
    4.8200100000E-01    5.1799900000E-01    4.3406050819E-01
    4.8300100000E-01    5.1699900000E-01    4.3423937981E-01
    4.8400100000E-01    5.1599900000E-01    4.3441856315E-01
    4.8500100000E-01    5.1499900000E-01    4.3459805914E-01
    4.8600100000E-01    5.1399900000E-01    4.3477786873E-01
    4.8700100000E-01    5.1299900000E-01    4.3495799286E-01
    4.8800100000E-01    5.1199900000E-01    4.3513843251E-01
    4.8900100000E-01    5.1099900000E-01    4.3531918861E-01
    4.9000100000E-01    5.0999900000E-01    4.3550026214E-01
    4.9100100000E-01    5.0899900000E-01    4.3568165407E-01
    4.9200100000E-01    5.0799900000E-01    4.3586336537E-01
    4.9300100000E-01    5.0699900000E-01    4.3604539701E-01
    4.9400100000E-01    5.0599900000E-01    4.3622774998E-01
    4.9500100000E-01    5.0499900000E-01    4.3641042525E-01
    4.9600100000E-01    5.0399900000E-01    4.3659342383E-01
    4.9700100000E-01    5.0299900000E-01    4.3677674669E-01
    4.9800100000E-01    5.0199900000E-01    4.3696039484E-01
    4.9900100000E-01    5.0099900000E-01    4.3714436928E-01
    5.0000100000E-01    4.9999900000E-01    4.3732867102E-01
    5.0100100000E-01    4.9899900000E-01    4.3751330107E-01
    5.0200100000E-01    4.9799900000E-01    4.3769826044E-01
    5.0300100000E-01    4.9699900000E-01    4.3788355015E-01
    5.0400100000E-01    4.9599900000E-01    4.3806917122E-01
    5.0500100000E-01    4.9499900000E-01    4.3825512469E-01
    5.0600100000E-01    4.9399900000E-01    4.3844141158E-01
    5.0700100000E-01    4.9299900000E-01    4.3862803294E-01
    5.0800100000E-01    4.9199900000E-01    4.3881498981E-01
    5.0900100000E-01    4.9099900000E-01    4.3900228323E-01
    5.1000100000E-01    4.8999900000E-01    4.3918991425E-01
    5.1100100000E-01    4.8899900000E-01    4.3937788393E-01
    5.1200100000E-01    4.8799900000E-01    4.3956619333E-01
    5.1300100000E-01    4.8699900000E-01    4.3975484352E-01
    5.1400100000E-01    4.8599900000E-01    4.3994383557E-01
    5.1500100000E-01    4.8499900000E-01    4.4013317054E-01
    5.1600100000E-01    4.8399900000E-01    4.4032284953E-01
    5.1700100000E-01    4.8299900000E-01    4.4051287361E-01
    5.1800100000E-01    4.8199900000E-01    4.4070324387E-01
    5.1900100000E-01    4.8099900000E-01    4.4089396141E-01
    5.2000100000E-01    4.7999900000E-01    4.4108502732E-01
    5.2100100000E-01    4.7899900000E-01    4.4127644272E-01
    5.2200100000E-01    4.7799900000E-01    4.4146820870E-01
    5.2300100000E-01    4.7699900000E-01    4.4166032639E-01
    5.2400100000E-01    4.7599900000E-01    4.4185279690E-01
    5.2500100000E-01    4.7499900000E-01    4.4204562136E-01
    5.2600100000E-01    4.7399900000E-01    4.4223880089E-01
    5.2700100000E-01    4.7299900000E-01    4.4243233662E-01
    5.2800100000E-01    4.7199900000E-01    4.4262622971E-01
    5.2900100000E-01    4.7099900000E-01    4.4282048128E-01
    5.3000100000E-01    4.6999900000E-01    4.4301509250E-01
    5.3100100000E-01    4.6899900000E-01    4.4321006451E-01
    5.3200100000E-01    4.6799900000E-01    4.4340539847E-01
    5.3300100000E-01    4.6699900000E-01    4.4360109556E-01
    5.3400100000E-01    4.6599900000E-01    4.4379715694E-01
    5.3500100000E-01    4.6499900000E-01    4.4399358378E-01
    5.3600100000E-01    4.6399900000E-01    4.4419037727E-01
    5.3700100000E-01    4.6299900000E-01    4.4438753860E-01
    5.3800100000E-01    4.6199900000E-01    4.4458506895E-01
    5.3900100000E-01    4.6099900000E-01    4.4478296953E-01
    5.4000100000E-01    4.5999900000E-01    4.4498124153E-01
    5.4100100000E-01    4.5899900000E-01    4.4517988617E-01
    5.4200100000E-01    4.5799900000E-01    4.4537890465E-01
    5.4300100000E-01    4.5699900000E-01    4.4557829821E-01
    5.4400100000E-01    4.5599900000E-01    4.4577806806E-01
    5.4500100000E-01    4.5499900000E-01    4.4597821543E-01
    5.4600100000E-01    4.5399900000E-01    4.4617874156E-01
    5.4700100000E-01    4.5299900000E-01    4.4637964770E-01
    5.4800100000E-01    4.5199900000E-01    4.4658093509E-01
    5.4900100000E-01    4.5099900000E-01    4.4678260499E-01
    5.5000100000E-01    4.4999900000E-01    4.4698465865E-01
    5.5100100000E-01    4.4899900000E-01    4.4718709734E-01
    5.5200100000E-01    4.4799900000E-01    4.4738992233E-01
    5.5300100000E-01    4.4699900000E-01    4.4759313490E-01
    5.5400100000E-01    4.4599900000E-01    4.4779673634E-01
    5.5500100000E-01    4.4499900000E-01    4.4800072792E-01
    5.5600100000E-01    4.4399900000E-01    4.4820511096E-01
    5.5700100000E-01    4.4299900000E-01    4.4840988674E-01
    5.5800100000E-01    4.4199900000E-01    4.4861505658E-01
    5.5900100000E-01    4.4099900000E-01    4.4882062180E-01
    5.6000100000E-01    4.3999900000E-01    4.4902658370E-01
    5.6100100000E-01    4.3899900000E-01    4.4923294362E-01
    5.6200100000E-01    4.3799900000E-01    4.4943970289E-01
    5.6300100000E-01    4.3699900000E-01    4.4964686284E-01
    5.6400100000E-01    4.3599900000E-01    4.4985442483E-01
    5.6500100000E-01    4.3499900000E-01    4.5006239020E-01
    5.6600100000E-01    4.3399900000E-01    4.5027076032E-01
    5.6700100000E-01    4.3299900000E-01    4.5047953654E-01
    5.6800100000E-01    4.3199900000E-01    4.5068872024E-01
    5.6900100000E-01    4.3099900000E-01    4.5089831280E-01
    5.7000100000E-01    4.2999900000E-01    4.5110831559E-01
    5.7100100000E-01    4.2899900000E-01    4.5131873002E-01
    5.7200100000E-01    4.2799900000E-01    4.5152955747E-01
    5.7300100000E-01    4.2699900000E-01    4.5174079935E-01
    5.7400100000E-01    4.2599900000E-01    4.5195245707E-01
    5.7500100000E-01    4.2499900000E-01    4.5216453206E-01
    5.7600100000E-01    4.2399900000E-01    4.5237702572E-01
    5.7700100000E-01    4.2299900000E-01    4.5258993950E-01
    5.7800100000E-01    4.2199900000E-01    4.5280327484E-01
    5.7900100000E-01    4.2099900000E-01    4.5301703317E-01
    5.8000100000E-01    4.1999900000E-01    4.5323121595E-01
    5.8100100000E-01    4.1899900000E-01    4.5344582464E-01
    5.8200100000E-01    4.1799900000E-01    4.5366086070E-01
    5.8300100000E-01    4.1699900000E-01    4.5387632562E-01
    5.8400100000E-01    4.1599900000E-01    4.5409222086E-01
    5.8500100000E-01    4.1499900000E-01    4.5430854792E-01
    5.8600100000E-01    4.1399900000E-01    4.5452530829E-01
    5.8700100000E-01    4.1299900000E-01    4.5474250348E-01
    5.8800100000E-01    4.1199900000E-01    4.5496013499E-01
    5.8900100000E-01    4.1099900000E-01    4.5517820434E-01
    5.9000100000E-01    4.0999900000E-01    4.5539671305E-01
    5.9100100000E-01    4.0899900000E-01    4.5561566266E-01
    5.9200100000E-01    4.0799900000E-01    4.5583505471E-01
    5.9300100000E-01    4.0699900000E-01    4.5605489075E-01
    5.9400100000E-01    4.0599900000E-01    4.5627517232E-01
    5.9500100000E-01    4.0499900000E-01    4.5649590099E-01
    5.9600100000E-01    4.0399900000E-01    4.5671707834E-01
    5.9700100000E-01    4.0299900000E-01    4.5693870593E-01
    5.9800100000E-01    4.0199900000E-01    4.5716078537E-01
    5.9900100000E-01    4.0099900000E-01    4.5738331823E-01
    6.0000100000E-01    3.9999900000E-01    4.5760630612E-01
    6.0100100000E-01    3.9899900000E-01    4.5782975065E-01
    6.0200100000E-01    3.9799900000E-01    4.5805365344E-01
    6.0300100000E-01    3.9699900000E-01    4.5827801611E-01
    6.0400100000E-01    3.9599900000E-01    4.5850284030E-01
    6.0500100000E-01    3.9499900000E-01    4.5872812766E-01
    6.0600100000E-01    3.9399900000E-01    4.5895387982E-01
    6.0700100000E-01    3.9299900000E-01    4.5918009845E-01
    6.0800100000E-01    3.9199900000E-01    4.5940678522E-01
    6.0900100000E-01    3.9099900000E-01    4.5963394181E-01
    6.1000100000E-01    3.8999900000E-01    4.5986156988E-01
    6.1100100000E-01    3.8899900000E-01    4.6008967115E-01
    6.1200100000E-01    3.8799900000E-01    4.6031824731E-01
    6.1300100000E-01    3.8699900000E-01    4.6054730006E-01
    6.1400100000E-01    3.8599900000E-01    4.6077683113E-01
    6.1500100000E-01    3.8499900000E-01    4.6100684225E-01
    6.1600100000E-01    3.8399900000E-01    4.6123733515E-01
    6.1700100000E-01    3.8299900000E-01    4.6146831158E-01
    6.1800100000E-01    3.8199900000E-01    4.6169977328E-01
    6.1900100000E-01    3.8099900000E-01    4.6193172203E-01
    6.2000100000E-01    3.7999900000E-01    4.6216415958E-01
    6.2100100000E-01    3.7899900000E-01    4.6239708774E-01
    6.2200100000E-01    3.7799900000E-01    4.6263050828E-01
    6.2300100000E-01    3.7699900000E-01    4.6286442300E-01
    6.2400100000E-01    3.7599900000E-01    4.6309883372E-01
    6.2500100000E-01    3.7499900000E-01    4.6333374224E-01
    6.2600100000E-01    3.7399900000E-01    4.6356915041E-01
    6.2700100000E-01    3.7299900000E-01    4.6380506004E-01
    6.2800100000E-01    3.7199900000E-01    4.6404147300E-01
    6.2900100000E-01    3.7099900000E-01    4.6427839114E-01
    6.3000100000E-01    3.6999900000E-01    4.6451581631E-01
    6.3100100000E-01    3.6899900000E-01    4.6475375041E-01
    6.3200100000E-01    3.6799900000E-01    4.6499219530E-01
    6.3300100000E-01    3.6699900000E-01    4.6523115289E-01
    6.3400100000E-01    3.6599900000E-01    4.6547062509E-01
    6.3500100000E-01    3.6499900000E-01    4.6571061380E-01
    6.3600100000E-01    3.6399900000E-01    4.6595112095E-01
    6.3700100000E-01    3.6299900000E-01    4.6619214848E-01
    6.3800100000E-01    3.6199900000E-01    4.6643369834E-01
    6.3900100000E-01    3.6099900000E-01    4.6667577246E-01
    6.4000100000E-01    3.5999900000E-01    4.6691837283E-01
    6.4100100000E-01    3.5899900000E-01    4.6716150142E-01
    6.4200100000E-01    3.5799900000E-01    4.6740516022E-01
    6.4300100000E-01    3.5699900000E-01    4.6764935122E-01
    6.4400100000E-01    3.5599900000E-01    4.6789407643E-01
    6.4500100000E-01    3.5499900000E-01    4.6813933787E-01
    6.4600100000E-01    3.5399900000E-01    4.6838513756E-01
    6.4700100000E-01    3.5299900000E-01    4.6863147756E-01
    6.4800100000E-01    3.5199900000E-01    4.6887835990E-01
    6.4900100000E-01    3.5099900000E-01    4.6912578666E-01
    6.5000100000E-01    3.4999900000E-01    4.6937375990E-01
    6.5100100000E-01    3.4899900000E-01    4.6962228171E-01
    6.5200100000E-01    3.4799900000E-01    4.6987135418E-01
    6.5300100000E-01    3.4699900000E-01    4.7012097942E-01
    6.5400100000E-01    3.4599900000E-01    4.7037115955E-01
    6.5500100000E-01    3.4499900000E-01    4.7062189670E-01
    6.5600100000E-01    3.4399900000E-01    4.7087319301E-01
    6.5700100000E-01    3.4299900000E-01    4.7112505063E-01
    6.5800100000E-01    3.4199900000E-01    4.7137747173E-01
    6.5900100000E-01    3.4099900000E-01    4.7163045848E-01
    6.6000100000E-01    3.3999900000E-01    4.7188401307E-01
    6.6100100000E-01    3.3899900000E-01    4.7213813769E-01
    6.6200100000E-01    3.3799900000E-01    4.7239283457E-01
    6.6300100000E-01    3.3699900000E-01    4.7264810593E-01
    6.6400100000E-01    3.3599900000E-01    4.7290395400E-01
    6.6500100000E-01    3.3499900000E-01    4.7316038103E-01
    6.6600100000E-01    3.3399900000E-01    4.7341738928E-01
    6.6700100000E-01    3.3299900000E-01    4.7367498102E-01
    6.6800100000E-01    3.3199900000E-01    4.7393315855E-01
    6.6900100000E-01    3.3099900000E-01    4.7419192415E-01
    6.7000100000E-01    3.2999900000E-01    4.7445128014E-01
    6.7100100000E-01    3.2899900000E-01    4.7471122885E-01
    6.7200100000E-01    3.2799900000E-01    4.7497177261E-01
    6.7300100000E-01    3.2699900000E-01    4.7523291377E-01
    6.7400100000E-01    3.2599900000E-01    4.7549465469E-01
    6.7500100000E-01    3.2499900000E-01    4.7575699775E-01
    6.7600100000E-01    3.2399900000E-01    4.7601994535E-01
    6.7700100000E-01    3.2299900000E-01    4.7628349987E-01
    6.7800100000E-01    3.2199900000E-01    4.7654766374E-01
    6.7900100000E-01    3.2099900000E-01    4.7681243939E-01
    6.8000100000E-01    3.1999900000E-01    4.7707782926E-01
    6.8100100000E-01    3.1899900000E-01    4.7734383581E-01
    6.8200100000E-01    3.1799900000E-01    4.7761046151E-01
    6.8300100000E-01    3.1699900000E-01    4.7787770885E-01
    6.8400100000E-01    3.1599900000E-01    4.7814558032E-01
    6.8500100000E-01    3.1499900000E-01    4.7841407844E-01
    6.8600100000E-01    3.1399900000E-01    4.7868320573E-01
    6.8700100000E-01    3.1299900000E-01    4.7895296473E-01
    6.8800100000E-01    3.1199900000E-01    4.7922335801E-01
    6.8900100000E-01    3.1099900000E-01    4.7949438814E-01
    6.9000100000E-01    3.0999900000E-01    4.7976605769E-01
    6.9100100000E-01    3.0899900000E-01    4.8003836928E-01
    6.9200100000E-01    3.0799900000E-01    4.8031132551E-01
    6.9300100000E-01    3.0699900000E-01    4.8058492901E-01
    6.9400100000E-01    3.0599900000E-01    4.8085918244E-01
    6.9500100000E-01    3.0499900000E-01    4.8113408845E-01
    6.9600100000E-01    3.0399900000E-01    4.8140964971E-01
    6.9700100000E-01    3.0299900000E-01    4.8168586893E-01
    6.9800100000E-01    3.0199900000E-01    4.8196274880E-01
    6.9900100000E-01    3.0099900000E-01    4.8224029206E-01
    7.0000100000E-01    2.9999900000E-01    4.8251850143E-01
    7.0100100000E-01    2.9899900000E-01    4.8279737967E-01
    7.0200100000E-01    2.9799900000E-01    4.8307692956E-01
    7.0300100000E-01    2.9699900000E-01    4.8335715387E-01
    7.0400100000E-01    2.9599900000E-01    4.8363805542E-01
    7.0500100000E-01    2.9499900000E-01    4.8391963703E-01
    7.0600100000E-01    2.9399900000E-01    4.8420190152E-01
    7.0700100000E-01    2.9299900000E-01    4.8448485175E-01
    7.0800100000E-01    2.9199900000E-01    4.8476849059E-01
    7.0900100000E-01    2.9099900000E-01    4.8505282093E-01
    7.1000100000E-01    2.8999900000E-01    4.8533784567E-01
    7.1100100000E-01    2.8899900000E-01    4.8562356774E-01
    7.1200100000E-01    2.8799900000E-01    4.8590999006E-01
    7.1300100000E-01    2.8699900000E-01    4.8619711560E-01
    7.1400100000E-01    2.8599900000E-01    4.8648494732E-01
    7.1500100000E-01    2.8499900000E-01    4.8677348822E-01
    7.1600100000E-01    2.8399900000E-01    4.8706274131E-01
    7.1700100000E-01    2.8299900000E-01    4.8735270961E-01
    7.1800100000E-01    2.8199900000E-01    4.8764339617E-01
    7.1900100000E-01    2.8099900000E-01    4.8793480405E-01
    7.2000100000E-01    2.7999900000E-01    4.8822693633E-01
    7.2100100000E-01    2.7899900000E-01    4.8851979612E-01
    7.2200100000E-01    2.7799900000E-01    4.8881338652E-01
    7.2300100000E-01    2.7699900000E-01    4.8910771068E-01
    7.2400100000E-01    2.7599900000E-01    4.8940277175E-01
    7.2500100000E-01    2.7499900000E-01    4.8969857291E-01
    7.2600100000E-01    2.7399900000E-01    4.8999511736E-01
    7.2700100000E-01    2.7299900000E-01    4.9029240830E-01
    7.2800100000E-01    2.7199900000E-01    4.9059044897E-01
    7.2900100000E-01    2.7099900000E-01    4.9088924263E-01
    7.3000100000E-01    2.6999900000E-01    4.9118879254E-01
    7.3100100000E-01    2.6899900000E-01    4.9148910201E-01
    7.3200100000E-01    2.6799900000E-01    4.9179017434E-01
    7.3300100000E-01    2.6699900000E-01    4.9209201286E-01
    7.3400100000E-01    2.6599900000E-01    4.9239462094E-01
    7.3500100000E-01    2.6499900000E-01    4.9269800195E-01
    7.3600100000E-01    2.6399900000E-01    4.9300215928E-01
    7.3700100000E-01    2.6299900000E-01    4.9330709634E-01
    7.3800100000E-01    2.6199900000E-01    4.9361281659E-01
    7.3900100000E-01    2.6099900000E-01    4.9391932347E-01
    7.4000100000E-01    2.5999900000E-01    4.9422662047E-01
    7.4100100000E-01    2.5899900000E-01    4.9453471109E-01
    7.4200100000E-01    2.5799900000E-01    4.9484359886E-01
    7.4300100000E-01    2.5699900000E-01    4.9515328731E-01
    7.4400100000E-01    2.5599900000E-01    4.9546378003E-01
    7.4500100000E-01    2.5499900000E-01    4.9577508059E-01
    7.4600100000E-01    2.5399900000E-01    4.9608719262E-01
    7.4700100000E-01    2.5299900000E-01    4.9640011975E-01
    7.4800100000E-01    2.5199900000E-01    4.9671386564E-01
    7.4900100000E-01    2.5099900000E-01    4.9702843397E-01
    7.5000100000E-01    2.4999900000E-01    4.9734382844E-01
    7.5100100000E-01    2.4899900000E-01    4.9766005280E-01
    7.5200100000E-01    2.4799900000E-01    4.9797711078E-01
    7.5300100000E-01    2.4699900000E-01    4.9829500617E-01
    7.5400100000E-01    2.4599900000E-01    4.9861374277E-01
    7.5500100000E-01    2.4499900000E-01    4.9893332439E-01
    7.5600100000E-01    2.4399900000E-01    4.9925375490E-01
    7.5700100000E-01    2.4299900000E-01    4.9957503817E-01
    7.5800100000E-01    2.4199900000E-01    4.9989717808E-01
    7.5900100000E-01    2.4099900000E-01    5.0022017858E-01
    7.6000100000E-01    2.3999900000E-01    5.0054404361E-01
    7.6100100000E-01    2.3899900000E-01    5.0086877713E-01
    7.6200100000E-01    2.3799900000E-01    5.0119438317E-01
    7.6300100000E-01    2.3699900000E-01    5.0152086573E-01
    7.6400100000E-01    2.3599900000E-01    5.0184822887E-01
    7.6500100000E-01    2.3499900000E-01    5.0217647668E-01
    7.6600100000E-01    2.3399900000E-01    5.0250561325E-01
    7.6700100000E-01    2.3299900000E-01    5.0283564273E-01
    7.6800100000E-01    2.3199900000E-01    5.0316656926E-01
    7.6900100000E-01    2.3099900000E-01    5.0349839704E-01
    7.7000100000E-01    2.2999900000E-01    5.0383113028E-01
    7.7100100000E-01    2.2899900000E-01    5.0416477322E-01
    7.7200100000E-01    2.2799900000E-01    5.0449933014E-01
    7.7300100000E-01    2.2699900000E-01    5.0483480532E-01
    7.7400100000E-01    2.2599900000E-01    5.0517120310E-01
    7.7500100000E-01    2.2499900000E-01    5.0550852783E-01
    7.7600100000E-01    2.2399900000E-01    5.0584678390E-01
    7.7700100000E-01    2.2299900000E-01    5.0618597572E-01
    7.7800100000E-01    2.2199900000E-01    5.0652610773E-01
    7.7900100000E-01    2.2099900000E-01    5.0686718440E-01
    7.8000100000E-01    2.1999900000E-01    5.0720921023E-01
    7.8100100000E-01    2.1899900000E-01    5.0755218977E-01
    7.8200100000E-01    2.1799900000E-01    5.0789612757E-01
    7.8300100000E-01    2.1699900000E-01    5.0824102822E-01
    7.8400100000E-01    2.1599900000E-01    5.0858689635E-01
    7.8500100000E-01    2.1499900000E-01    5.0893373661E-01
    7.8600100000E-01    2.1399900000E-01    5.0928155370E-01
    7.8700100000E-01    2.1299900000E-01    5.0963035232E-01
    7.8800100000E-01    2.1199900000E-01    5.0998013724E-01
    7.8900100000E-01    2.1099900000E-01    5.1033091323E-01
    7.9000100000E-01    2.0999900000E-01    5.1068268511E-01
    7.9100100000E-01    2.0899900000E-01    5.1103545773E-01
    7.9200100000E-01    2.0799900000E-01    5.1138923598E-01
    7.9300100000E-01    2.0699900000E-01    5.1174402475E-01
    7.9400100000E-01    2.0599900000E-01    5.1209982902E-01
    7.9500100000E-01    2.0499900000E-01    5.1245665375E-01
    7.9600100000E-01    2.0399900000E-01    5.1281450397E-01
    7.9700100000E-01    2.0299900000E-01    5.1317338472E-01
    7.9800100000E-01    2.0199900000E-01    5.1353330111E-01
    7.9900100000E-01    2.0099900000E-01    5.1389425824E-01
    8.0000100000E-01    1.9999900000E-01    5.1425626127E-01
    8.0100100000E-01    1.9899900000E-01    5.1461931541E-01
    8.0200100000E-01    1.9799900000E-01    5.1498342588E-01
    8.0300100000E-01    1.9699900000E-01    5.1534859794E-01
    8.0400100000E-01    1.9599900000E-01    5.1571483691E-01
    8.0500100000E-01    1.9499900000E-01    5.1608214812E-01
    8.0600100000E-01    1.9399900000E-01    5.1645053695E-01
    8.0700100000E-01    1.9299900000E-01    5.1682000881E-01
    8.0800100000E-01    1.9199900000E-01    5.1719056917E-01
    8.0900100000E-01    1.9099900000E-01    5.1756222351E-01
    8.1000100000E-01    1.8999900000E-01    5.1793497737E-01
    8.1100100000E-01    1.8899900000E-01    5.1830883632E-01
    8.1200100000E-01    1.8799900000E-01    5.1868380597E-01
    8.1300100000E-01    1.8699900000E-01    5.1905989197E-01
    8.1400100000E-01    1.8599900000E-01    5.1943710001E-01
    8.1500100000E-01    1.8499900000E-01    5.1981543582E-01
    8.1600100000E-01    1.8399900000E-01    5.2019490518E-01
    8.1700100000E-01    1.8299900000E-01    5.2057551391E-01
    8.1800100000E-01    1.8199900000E-01    5.2095726786E-01
    8.1900100000E-01    1.8099900000E-01    5.2134017292E-01
    8.2000100000E-01    1.7999900000E-01    5.2172423505E-01
    8.2100100000E-01    1.7899900000E-01    5.2210946022E-01
    8.2200100000E-01    1.7799900000E-01    5.2249585446E-01
    8.2300100000E-01    1.7699900000E-01    5.2288342386E-01
    8.2400100000E-01    1.7599900000E-01    5.2327217451E-01
    8.2500100000E-01    1.7499900000E-01    5.2366211258E-01
    8.2600100000E-01    1.7399900000E-01    5.2405324429E-01
    8.2700100000E-01    1.7299900000E-01    5.2444557588E-01
    8.2800100000E-01    1.7199900000E-01    5.2483911364E-01
    8.2900100000E-01    1.7099900000E-01    5.2523386393E-01
    8.3000100000E-01    1.6999900000E-01    5.2562983314E-01
    8.3100100000E-01    1.6899900000E-01    5.2602702769E-01
    8.3200100000E-01    1.6799900000E-01    5.2642545409E-01
    8.3300100000E-01    1.6699900000E-01    5.2682511886E-01
    8.3400100000E-01    1.6599900000E-01    5.2722602858E-01
    8.3500100000E-01    1.6499900000E-01    5.2762818989E-01
    8.3600100000E-01    1.6399900000E-01    5.2803160947E-01
    8.3700100000E-01    1.6299900000E-01    5.2843629405E-01
    8.3800100000E-01    1.6199900000E-01    5.2884225041E-01
    8.3900100000E-01    1.6099900000E-01    5.2924948539E-01
    8.4000100000E-01    1.5999900000E-01    5.2965800587E-01
    8.4100100000E-01    1.5899900000E-01    5.3006781879E-01
    8.4200100000E-01    1.5799900000E-01    5.3047893113E-01
    8.4300100000E-01    1.5699900000E-01    5.3089134994E-01
    8.4400100000E-01    1.5599900000E-01    5.3130508232E-01
    8.4500100000E-01    1.5499900000E-01    5.3172013541E-01
    8.4600100000E-01    1.5399900000E-01    5.3213651641E-01
    8.4700100000E-01    1.5299900000E-01    5.3255423260E-01
    8.4800100000E-01    1.5199900000E-01    5.3297329128E-01
    8.4900100000E-01    1.5099900000E-01    5.3339369982E-01
    8.5000100000E-01    1.4999900000E-01    5.3381546566E-01
    8.5100100000E-01    1.4899900000E-01    5.3423859628E-01
    8.5200100000E-01    1.4799900000E-01    5.3466309921E-01
    8.5300100000E-01    1.4699900000E-01    5.3508898208E-01
    8.5400100000E-01    1.4599900000E-01    5.3551625252E-01
    8.5500100000E-01    1.4499900000E-01    5.3594491828E-01
    8.5600100000E-01    1.4399900000E-01    5.3637498712E-01
    8.5700100000E-01    1.4299900000E-01    5.3680646688E-01
    8.5800100000E-01    1.4199900000E-01    5.3723936548E-01
    8.5900100000E-01    1.4099900000E-01    5.3767369088E-01
    8.6000100000E-01    1.3999900000E-01    5.3810945110E-01
    8.6100100000E-01    1.3899900000E-01    5.3854665424E-01
    8.6200100000E-01    1.3799900000E-01    5.3898530845E-01
    8.6300100000E-01    1.3699900000E-01    5.3942542195E-01
    8.6400100000E-01    1.3599900000E-01    5.3986700302E-01
    8.6500100000E-01    1.3499900000E-01    5.4031006003E-01
    8.6600100000E-01    1.3399900000E-01    5.4075460138E-01
    8.6700100000E-01    1.3299900000E-01    5.4120063556E-01
    8.6800100000E-01    1.3199900000E-01    5.4164817113E-01
    8.6900100000E-01    1.3099900000E-01    5.4209721670E-01
    8.7000100000E-01    1.2999900000E-01    5.4254778097E-01
    8.7100100000E-01    1.2899900000E-01    5.4299987269E-01
    8.7200100000E-01    1.2799900000E-01    5.4345350071E-01
    8.7300100000E-01    1.2699900000E-01    5.4390867392E-01
    8.7400100000E-01    1.2599900000E-01    5.4436540130E-01
    8.7500100000E-01    1.2499900000E-01    5.4482369190E-01
    8.7600100000E-01    1.2399900000E-01    5.4528355484E-01
    8.7700100000E-01    1.2299900000E-01    5.4574499932E-01
    8.7800100000E-01    1.2199900000E-01    5.4620803461E-01
    8.7900100000E-01    1.2099900000E-01    5.4667267006E-01
    8.8000100000E-01    1.1999900000E-01    5.4713891511E-01
    8.8100100000E-01    1.1899900000E-01    5.4760677924E-01
    8.8200100000E-01    1.1799900000E-01    5.4807627205E-01
    8.8300100000E-01    1.1699900000E-01    5.4854740319E-01
    8.8400100000E-01    1.1599900000E-01    5.4902018241E-01
    8.8500100000E-01    1.1499900000E-01    5.4949461954E-01
    8.8600100000E-01    1.1399900000E-01    5.4997072447E-01
    8.8700100000E-01    1.1299900000E-01    5.5044850719E-01
    8.8800100000E-01    1.1199900000E-01    5.5092797778E-01
    8.8900100000E-01    1.1099900000E-01    5.5140914640E-01
    8.9000100000E-01    1.0999900000E-01    5.5189202329E-01
    8.9100100000E-01    1.0899900000E-01    5.5237661877E-01
    8.9200100000E-01    1.0799900000E-01    5.5286294326E-01
    8.9300100000E-01    1.0699900000E-01    5.5335100727E-01
    8.9400100000E-01    1.0599900000E-01    5.5384082139E-01
    8.9500100000E-01    1.0499900000E-01    5.5433239631E-01
    8.9600100000E-01    1.0399900000E-01    5.5482574279E-01
    8.9700100000E-01    1.0299900000E-01    5.5532087172E-01
    8.9800100000E-01    1.0199900000E-01    5.5581779405E-01
    8.9900100000E-01    1.0099900000E-01    5.5631652084E-01
    9.0000100000E-01    9.9999000000E-02    5.5681706324E-01
    9.0100100000E-01    9.8999000000E-02    5.5731943249E-01
    9.0200100000E-01    9.7999000000E-02    5.5782363994E-01
    9.0300100000E-01    9.6999000000E-02    5.5832969704E-01
    9.0400100000E-01    9.5999000000E-02    5.5883761534E-01
    9.0500100000E-01    9.4999000000E-02    5.5934740646E-01
    9.0600100000E-01    9.3999000000E-02    5.5985908217E-01
    9.0700100000E-01    9.2999000000E-02    5.6037265431E-01
    9.0800100000E-01    9.1999000000E-02    5.6088813483E-01
    9.0900100000E-01    9.0999000000E-02    5.6140553580E-01
    9.1000100000E-01    8.9999000000E-02    5.6192486938E-01
    9.1100100000E-01    8.8999000000E-02    5.6244614784E-01
    9.1200100000E-01    8.7999000000E-02    5.6296938357E-01
    9.1300100000E-01    8.6999000000E-02    5.6349458906E-01
    9.1400100000E-01    8.5999000000E-02    5.6402177692E-01
    9.1500100000E-01    8.4999000000E-02    5.6455095986E-01
    9.1600100000E-01    8.3999000000E-02    5.6508215072E-01
    9.1700100000E-01    8.2999000000E-02    5.6561536244E-01
    9.1800100000E-01    8.1999000000E-02    5.6615060809E-01
    9.1900100000E-01    8.0999000000E-02    5.6668790085E-01
    9.2000100000E-01    7.9999000000E-02    5.6722725402E-01
    9.2100100000E-01    7.8999000000E-02    5.6776868102E-01
    9.2200100000E-01    7.7999000000E-02    5.6831219541E-01
    9.2300100000E-01    7.6999000000E-02    5.6885781084E-01
    9.2400100000E-01    7.5999000000E-02    5.6940554112E-01
    9.2500100000E-01    7.4999000000E-02    5.6995540016E-01
    9.2600100000E-01    7.3999000000E-02    5.7050740201E-01
    9.2700100000E-01    7.2999000000E-02    5.7106156085E-01
    9.2800100000E-01    7.1999000000E-02    5.7161789099E-01
    9.2900100000E-01    7.0999000000E-02    5.7217640688E-01
    9.3000100000E-01    6.9999000000E-02    5.7273712308E-01
    9.3100100000E-01    6.8999000000E-02    5.7330005432E-01
    9.3200100000E-01    6.7999000000E-02    5.7386521544E-01
    9.3300100000E-01    6.6999000000E-02    5.7443262143E-01
    9.3400100000E-01    6.5999000000E-02    5.7500228742E-01
    9.3500100000E-01    6.4999000000E-02    5.7557422869E-01
    9.3600100000E-01    6.3999000000E-02    5.7614846065E-01
    9.3700100000E-01    6.2999000000E-02    5.7672499887E-01
    9.3800100000E-01    6.1999000000E-02    5.7730385906E-01
    9.3900100000E-01    6.0999000000E-02    5.7788505707E-01
    9.4000100000E-01    5.9999000000E-02    5.7846860892E-01
    9.4100100000E-01    5.8999000000E-02    5.7905453077E-01
    9.4200100000E-01    5.7999000000E-02    5.7964283895E-01
    9.4300100000E-01    5.6999000000E-02    5.8023354993E-01
    9.4400100000E-01    5.5999000000E-02    5.8082668035E-01
    9.4500100000E-01    5.4999000000E-02    5.8142224701E-01
    9.4600100000E-01    5.3999000000E-02    5.8202026686E-01
    9.4700100000E-01    5.2999000000E-02    5.8262075704E-01
    9.4800100000E-01    5.1999000000E-02    5.8322373482E-01
    9.4900100000E-01    5.0999000000E-02    5.8382921769E-01
    9.5000100000E-01    4.9999000000E-02    5.8443722326E-01
    9.5100100000E-01    4.8999000000E-02    5.8504776935E-01
    9.5200100000E-01    4.7999000000E-02    5.8566087393E-01
    9.5300100000E-01    4.6999000000E-02    5.8627655517E-01
    9.5400100000E-01    4.5999000000E-02    5.8689483140E-01
    9.5500100000E-01    4.4999000000E-02    5.8751572115E-01
    9.5600100000E-01    4.3999000000E-02    5.8813924312E-01
    9.5700100000E-01    4.2999000000E-02    5.8876541621E-01
    9.5800100000E-01    4.1999000000E-02    5.8939425950E-01
    9.5900100000E-01    4.0999000000E-02    5.9002579226E-01
    9.6000100000E-01    3.9999000000E-02    5.9066003396E-01
    9.6100100000E-01    3.8999000000E-02    5.9129700428E-01
    9.6200100000E-01    3.7999000000E-02    5.9193672306E-01
    9.6300100000E-01    3.6999000000E-02    5.9257921039E-01
    9.6400100000E-01    3.5999000000E-02    5.9322448652E-01
    9.6500100000E-01    3.4999000000E-02    5.9387257195E-01
    9.6600100000E-01    3.3999000000E-02    5.9452348735E-01
    9.6700100000E-01    3.2999000000E-02    5.9517725364E-01
    9.6800100000E-01    3.1999000000E-02    5.9583389192E-01
    9.6900100000E-01    3.0999000000E-02    5.9649342353E-01
    9.7000100000E-01    2.9999000000E-02    5.9715587003E-01
    9.7100100000E-01    2.8999000000E-02    5.9782125320E-01
    9.7200100000E-01    2.7999000000E-02    5.9848959505E-01
    9.7300100000E-01    2.6999000000E-02    5.9916091780E-01
    9.7400100000E-01    2.5999000000E-02    5.9983524394E-01
    9.7500100000E-01    2.4999000000E-02    6.0051259618E-01
    9.7600100000E-01    2.3999000000E-02    6.0119299745E-01
    9.7700100000E-01    2.2999000000E-02    6.0187647095E-01
    9.7800100000E-01    2.1999000000E-02    6.0256304011E-01
    9.7900100000E-01    2.0999000000E-02    6.0325272862E-01
    9.8000100000E-01    1.9999000000E-02    6.0394556041E-01
    9.8100100000E-01    1.8999000000E-02    6.0464155969E-01
    9.8200100000E-01    1.7999000000E-02    6.0534075090E-01
    9.8300100000E-01    1.6999000000E-02    6.0604315876E-01
    9.8400100000E-01    1.5999000000E-02    6.0674880826E-01
    9.8500100000E-01    1.4999000000E-02    6.0745772464E-01
    9.8600100000E-01    1.3999000000E-02    6.0816993345E-01
    9.8700100000E-01    1.2999000000E-02    6.0888546048E-01
    9.8800100000E-01    1.1999000000E-02    6.0960433183E-01
    9.8900100000E-01    1.0999000000E-02    6.1032657387E-01
    9.9000100000E-01    9.9990000000E-03    6.1105221326E-01
    9.9100100000E-01    8.9990000000E-03    6.1178127697E-01
    9.9200100000E-01    7.9990000000E-03    6.1251379226E-01
    9.9300100000E-01    6.9990000000E-03    6.1324978668E-01
    9.9400100000E-01    5.9990000000E-03    6.1398928810E-01
    9.9500100000E-01    4.9990000000E-03    6.1473232470E-01
    9.9600100000E-01    3.9990000000E-03    6.1547892498E-01
    9.9700100000E-01    2.9990000000E-03    6.1622911774E-01
    9.9800100000E-01    1.9990000000E-03    6.1698293213E-01
    9.9900100000E-01    9.9900000000E-04    6.1774039762E-01
    1.0000010000E+00   -1.0000000008E-06    6.1850154400E-01
