    1.0000000000E-06    1.0000000000E+00    4.9494068972E-01
    1.0010000000E-03    9.9999899800E-01    4.9494077456E-01
    2.0010000000E-03    9.9999599600E-01    4.9494102910E-01
    3.0010000000E-03    9.9999099400E-01    4.9494145334E-01
    4.0010000000E-03    9.9998399200E-01    4.9494204728E-01
    5.0010000000E-03    9.9997499000E-01    4.9494281091E-01
    6.0010000000E-03    9.9996398800E-01    4.9494374425E-01
    7.0010000000E-03    9.9995098600E-01    4.9494484730E-01
    8.0010000000E-03    9.9993598400E-01    4.9494612007E-01
    9.0010000000E-03    9.9991898200E-01    4.9494756256E-01
    1.0001000000E-02    9.9989998000E-01    4.9494917478E-01
    1.1001000000E-02    9.9987897800E-01    4.9495095674E-01
    1.2001000000E-02    9.9985597600E-01    4.9495290844E-01
    1.3001000000E-02    9.9983097400E-01    4.9495502990E-01
    1.4001000000E-02    9.9980397200E-01    4.9495732113E-01
    1.5001000000E-02    9.9977497000E-01    4.9495978215E-01
    1.6001000000E-02    9.9974396800E-01    4.9496241295E-01
    1.7001000000E-02    9.9971096600E-01    4.9496521356E-01
    1.8001000000E-02    9.9967596400E-01    4.9496818399E-01
    1.9001000000E-02    9.9963896200E-01    4.9497132427E-01
    2.0001000000E-02    9.9959996000E-01    4.9497463439E-01
    2.1001000000E-02    9.9955895800E-01    4.9497811438E-01
    2.2001000000E-02    9.9951595600E-01    4.9498176427E-01
    2.3001000000E-02    9.9947095400E-01    4.9498558406E-01
    2.4001000000E-02    9.9942395200E-01    4.9498957377E-01
    2.5001000000E-02    9.9937495000E-01    4.9499373344E-01
    2.6001000000E-02    9.9932394800E-01    4.9499806308E-01
    2.7001000000E-02    9.9927094600E-01    4.9500256271E-01
    2.8001000000E-02    9.9921594400E-01    4.9500723235E-01
    2.9001000000E-02    9.9915894200E-01    4.9501207204E-01
    3.0001000000E-02    9.9909994000E-01    4.9501708179E-01
    3.1001000000E-02    9.9903893800E-01    4.9502226163E-01
    3.2001000000E-02    9.9897593600E-01    4.9502761159E-01
    3.3001000000E-02    9.9891093400E-01    4.9503313170E-01
    3.4001000000E-02    9.9884393200E-01    4.9503882198E-01
    3.5001000000E-02    9.9877493000E-01    4.9504468247E-01
    3.6001000000E-02    9.9870392800E-01    4.9505071319E-01
    3.7001000000E-02    9.9863092600E-01    4.9505691418E-01
    3.8001000000E-02    9.9855592400E-01    4.9506328547E-01
    3.9001000000E-02    9.9847892200E-01    4.9506982709E-01
    4.0001000000E-02    9.9839992000E-01    4.9507653908E-01
    4.1001000000E-02    9.9831891800E-01    4.9508342146E-01
    4.2001000000E-02    9.9823591600E-01    4.9509047429E-01
    4.3001000000E-02    9.9815091400E-01    4.9509769759E-01
    4.4001000000E-02    9.9806391200E-01    4.9510509140E-01
    4.5001000000E-02    9.9797491000E-01    4.9511265576E-01
    4.6001000000E-02    9.9788390800E-01    4.9512039071E-01
    4.7001000000E-02    9.9779090600E-01    4.9512829630E-01
    4.8001000000E-02    9.9769590400E-01    4.9513637255E-01
    4.9001000000E-02    9.9759890200E-01    4.9514461952E-01
    5.0001000000E-02    9.9749990000E-01    4.9515303724E-01
    5.1001000000E-02    9.9739889800E-01    4.9516162576E-01
    5.2001000000E-02    9.9729589600E-01    4.9517038513E-01
    5.3001000000E-02    9.9719089400E-01    4.9517931539E-01
    5.4001000000E-02    9.9708389200E-01    4.9518841659E-01
    5.5001000000E-02    9.9697489000E-01    4.9519768878E-01
    5.6001000000E-02    9.9686388800E-01    4.9520713199E-01
    5.7001000000E-02    9.9675088600E-01    4.9521674629E-01
    5.8001000000E-02    9.9663588400E-01    4.9522653173E-01
    5.9001000000E-02    9.9651888200E-01    4.9523648835E-01
    6.0001000000E-02    9.9639988000E-01    4.9524661620E-01
    6.1001000000E-02    9.9627887800E-01    4.9525691535E-01
    6.2001000000E-02    9.9615587600E-01    4.9526738584E-01
    6.3001000000E-02    9.9603087400E-01    4.9527802772E-01
    6.4001000000E-02    9.9590387200E-01    4.9528884106E-01
    6.5001000000E-02    9.9577487000E-01    4.9529982591E-01
    6.6001000000E-02    9.9564386800E-01    4.9531098233E-01
    6.7001000000E-02    9.9551086600E-01    4.9532231038E-01
    6.8001000000E-02    9.9537586400E-01    4.9533381011E-01
    6.9001000000E-02    9.9523886200E-01    4.9534548159E-01
    7.0001000000E-02    9.9509986000E-01    4.9535732488E-01
    7.1001000000E-02    9.9495885800E-01    4.9536934003E-01
    7.2001000000E-02    9.9481585600E-01    4.9538152712E-01
    7.3001000000E-02    9.9467085400E-01    4.9539388621E-01
    7.4001000000E-02    9.9452385200E-01    4.9540641735E-01
    7.5001000000E-02    9.9437485000E-01    4.9541912062E-01
    7.6001000000E-02    9.9422384800E-01    4.9543199609E-01
    7.7001000000E-02    9.9407084600E-01    4.9544504382E-01
    7.8001000000E-02    9.9391584400E-01    4.9545826388E-01
    7.9001000000E-02    9.9375884200E-01    4.9547165633E-01
    8.0001000000E-02    9.9359984000E-01    4.9548522126E-01
    8.1001000000E-02    9.9343883800E-01    4.9549895873E-01
    8.2001000000E-02    9.9327583600E-01    4.9551286881E-01
    8.3001000000E-02    9.9311083400E-01    4.9552695157E-01
    8.4001000000E-02    9.9294383200E-01    4.9554120710E-01
    8.5001000000E-02    9.9277483000E-01    4.9555563546E-01
    8.6001000000E-02    9.9260382800E-01    4.9557023673E-01
    8.7001000000E-02    9.9243082600E-01    4.9558501100E-01
    8.8001000000E-02    9.9225582400E-01    4.9559995832E-01
    8.9001000000E-02    9.9207882200E-01    4.9561507879E-01
    9.0001000000E-02    9.9189982000E-01    4.9563037249E-01
    9.1001000000E-02    9.9171881800E-01    4.9564583949E-01
    9.2001000000E-02    9.9153581600E-01    4.9566147988E-01
    9.3001000000E-02    9.9135081400E-01    4.9567729374E-01
    9.4001000000E-02    9.9116381200E-01    4.9569328115E-01
    9.5001000000E-02    9.9097481000E-01    4.9570944219E-01
    9.6001000000E-02    9.9078380800E-01    4.9572577696E-01
    9.7001000000E-02    9.9059080600E-01    4.9574228554E-01
    9.8001000000E-02    9.9039580400E-01    4.9575896801E-01
    9.9001000000E-02    9.9019880200E-01    4.9577582446E-01
    1.0000100000E-01    9.8999980000E-01    4.9579285499E-01
    1.0100100000E-01    9.8979879800E-01    4.9581005968E-01
    1.0200100000E-01    9.8959579600E-01    4.9582743863E-01
    1.0300100000E-01    9.8939079400E-01    4.9584499192E-01
    1.0400100000E-01    9.8918379200E-01    4.9586271965E-01
    1.0500100000E-01    9.8897479000E-01    4.9588062191E-01
    1.0600100000E-01    9.8876378800E-01    4.9589869880E-01
    1.0700100000E-01    9.8855078600E-01    4.9591695041E-01
    1.0800100000E-01    9.8833578400E-01    4.9593537684E-01
    1.0900100000E-01    9.8811878200E-01    4.9595397819E-01
    1.1000100000E-01    9.8789978000E-01    4.9597275456E-01
    1.1100100000E-01    9.8767877800E-01    4.9599170604E-01
    1.1200100000E-01    9.8745577600E-01    4.9601083273E-01
    1.1300100000E-01    9.8723077400E-01    4.9603013475E-01
    1.1400100000E-01    9.8700377200E-01    4.9604961219E-01
    1.1500100000E-01    9.8677477000E-01    4.9606926515E-01
    1.1600100000E-01    9.8654376800E-01    4.9608909374E-01
    1.1700100000E-01    9.8631076600E-01    4.9610909806E-01
    1.1800100000E-01    9.8607576400E-01    4.9612927822E-01
    1.1900100000E-01    9.8583876200E-01    4.9614963433E-01
    1.2000100000E-01    9.8559976000E-01    4.9617016650E-01
    1.2100100000E-01    9.8535875800E-01    4.9619087483E-01
    1.2200100000E-01    9.8511575600E-01    4.9621175944E-01
    1.2300100000E-01    9.8487075400E-01    4.9623282044E-01
    1.2400100000E-01    9.8462375200E-01    4.9625405793E-01
    1.2500100000E-01    9.8437475000E-01    4.9627547204E-01
    1.2600100000E-01    9.8412374800E-01    4.9629706288E-01
    1.2700100000E-01    9.8387074600E-01    4.9631883055E-01
    1.2800100000E-01    9.8361574400E-01    4.9634077519E-01
    1.2900100000E-01    9.8335874200E-01    4.9636289690E-01
    1.3000100000E-01    9.8309974000E-01    4.9638519581E-01
    1.3100100000E-01    9.8283873800E-01    4.9640767203E-01
    1.3200100000E-01    9.8257573600E-01    4.9643032569E-01
    1.3300100000E-01    9.8231073400E-01    4.9645315689E-01
    1.3400100000E-01    9.8204373200E-01    4.9647616578E-01
    1.3500100000E-01    9.8177473000E-01    4.9649935247E-01
    1.3600100000E-01    9.8150372800E-01    4.9652271708E-01
    1.3700100000E-01    9.8123072600E-01    4.9654625974E-01
    1.3800100000E-01    9.8095572400E-01    4.9656998058E-01
    1.3900100000E-01    9.8067872200E-01    4.9659387973E-01
    1.4000100000E-01    9.8039972000E-01    4.9661795730E-01
    1.4100100000E-01    9.8011871800E-01    4.9664221344E-01
    1.4200100000E-01    9.7983571600E-01    4.9666664827E-01
    1.4300100000E-01    9.7955071400E-01    4.9669126192E-01
    1.4400100000E-01    9.7926371200E-01    4.9671605453E-01
    1.4500100000E-01    9.7897471000E-01    4.9674102623E-01
    1.4600100000E-01    9.7868370800E-01    4.9676617715E-01
    1.4700100000E-01    9.7839070600E-01    4.9679150743E-01
    1.4800100000E-01    9.7809570400E-01    4.9681701721E-01
    1.4900100000E-01    9.7779870200E-01    4.9684270662E-01
    1.5000100000E-01    9.7749970000E-01    4.9686857581E-01
    1.5100100000E-01    9.7719869800E-01    4.9689462490E-01
    1.5200100000E-01    9.7689569600E-01    4.9692085405E-01
    1.5300100000E-01    9.7659069400E-01    4.9694726340E-01
    1.5400100000E-01    9.7628369200E-01    4.9697385308E-01
    1.5500100000E-01    9.7597469000E-01    4.9700062324E-01
    1.5600100000E-01    9.7566368800E-01    4.9702757403E-01
    1.5700100000E-01    9.7535068600E-01    4.9705470559E-01
    1.5800100000E-01    9.7503568400E-01    4.9708201807E-01
    1.5900100000E-01    9.7471868200E-01    4.9710951161E-01
    1.6000100000E-01    9.7439968000E-01    4.9713718638E-01
    1.6100100000E-01    9.7407867800E-01    4.9716504250E-01
    1.6200100000E-01    9.7375567600E-01    4.9719308015E-01
    1.6300100000E-01    9.7343067400E-01    4.9722129947E-01
    1.6400100000E-01    9.7310367200E-01    4.9724970061E-01
    1.6500100000E-01    9.7277467000E-01    4.9727828373E-01
    1.6600100000E-01    9.7244366800E-01    4.9730704899E-01
    1.6700100000E-01    9.7211066600E-01    4.9733599653E-01
    1.6800100000E-01    9.7177566400E-01    4.9736512652E-01
    1.6900100000E-01    9.7143866200E-01    4.9739443912E-01
    1.7000100000E-01    9.7109966000E-01    4.9742393449E-01
    1.7100100000E-01    9.7075865800E-01    4.9745361278E-01
    1.7200100000E-01    9.7041565600E-01    4.9748347416E-01
    1.7300100000E-01    9.7007065400E-01    4.9751351880E-01
    1.7400100000E-01    9.6972365200E-01    4.9754374686E-01
    1.7500100000E-01    9.6937465000E-01    4.9757415849E-01
    1.7600100000E-01    9.6902364800E-01    4.9760475388E-01
    1.7700100000E-01    9.6867064600E-01    4.9763553319E-01
    1.7800100000E-01    9.6831564400E-01    4.9766649658E-01
    1.7900100000E-01    9.6795864200E-01    4.9769764422E-01
    1.8000100000E-01    9.6759964000E-01    4.9772897629E-01
    1.8100100000E-01    9.6723863800E-01    4.9776049296E-01
    1.8200100000E-01    9.6687563600E-01    4.9779219440E-01
    1.8300100000E-01    9.6651063400E-01    4.9782408079E-01
    1.8400100000E-01    9.6614363200E-01    4.9785615230E-01
    1.8500100000E-01    9.6577463000E-01    4.9788840911E-01
    1.8600100000E-01    9.6540362800E-01    4.9792085139E-01
    1.8700100000E-01    9.6503062600E-01    4.9795347933E-01
    1.8800100000E-01    9.6465562400E-01    4.9798629310E-01
    1.8900100000E-01    9.6427862200E-01    4.9801929288E-01
    1.9000100000E-01    9.6389962000E-01    4.9805247887E-01
    1.9100100000E-01    9.6351861800E-01    4.9808585123E-01
    1.9200100000E-01    9.6313561600E-01    4.9811941016E-01
    1.9300100000E-01    9.6275061400E-01    4.9815315584E-01
    1.9400100000E-01    9.6236361200E-01    4.9818708846E-01
    1.9500100000E-01    9.6197461000E-01    4.9822120821E-01
    1.9600100000E-01    9.6158360800E-01    4.9825551527E-01
    1.9700100000E-01    9.6119060600E-01    4.9829000983E-01
    1.9800100000E-01    9.6079560400E-01    4.9832469210E-01
    1.9900100000E-01    9.6039860200E-01    4.9835956225E-01
    2.0000100000E-01    9.5999960000E-01    4.9839462048E-01
    2.0100100000E-01    9.5959859800E-01    4.9842986700E-01
    2.0200100000E-01    9.5919559600E-01    4.9846530199E-01
    2.0300100000E-01    9.5879059400E-01    4.9850092565E-01
    2.0400100000E-01    9.5838359200E-01    4.9853673818E-01
    2.0500100000E-01    9.5797459000E-01    4.9857273978E-01
    2.0600100000E-01    9.5756358800E-01    4.9860893065E-01
    2.0700100000E-01    9.5715058600E-01    4.9864531100E-01
    2.0800100000E-01    9.5673558400E-01    4.9868188102E-01
    2.0900100000E-01    9.5631858200E-01    4.9871864093E-01
    2.1000100000E-01    9.5589958000E-01    4.9875559092E-01
    2.1100100000E-01    9.5547857800E-01    4.9879273120E-01
    2.1200100000E-01    9.5505557600E-01    4.9883006199E-01
    2.1300100000E-01    9.5463057400E-01    4.9886758349E-01
    2.1400100000E-01    9.5420357200E-01    4.9890529591E-01
    2.1500100000E-01    9.5377457000E-01    4.9894319946E-01
    2.1600100000E-01    9.5334356800E-01    4.9898129437E-01
    2.1700100000E-01    9.5291056600E-01    4.9901958083E-01
    2.1800100000E-01    9.5247556400E-01    4.9905805907E-01
    2.1900100000E-01    9.5203856200E-01    4.9909672931E-01
    2.2000100000E-01    9.5159956000E-01    4.9913559175E-01
    2.2100100000E-01    9.5115855800E-01    4.9917464663E-01
    2.2200100000E-01    9.5071555600E-01    4.9921389416E-01
    2.2300100000E-01    9.5027055400E-01    4.9925333456E-01
    2.2400100000E-01    9.4982355200E-01    4.9929296806E-01
    2.2500100000E-01    9.4937455000E-01    4.9933279488E-01
    2.2600100000E-01    9.4892354800E-01    4.9937281525E-01
    2.2700100000E-01    9.4847054600E-01    4.9941302939E-01
    2.2800100000E-01    9.4801554400E-01    4.9945343753E-01
    2.2900100000E-01    9.4755854200E-01    4.9949403990E-01
    2.3000100000E-01    9.4709954000E-01    4.9953483674E-01
    2.3100100000E-01    9.4663853800E-01    4.9957582826E-01
    2.3200100000E-01    9.4617553600E-01    4.9961701472E-01
    2.3300100000E-01    9.4571053400E-01    4.9965839633E-01
    2.3400100000E-01    9.4524353200E-01    4.9969997334E-01
    2.3500100000E-01    9.4477453000E-01    4.9974174599E-01
    2.3600100000E-01    9.4430352800E-01    4.9978371451E-01
    2.3700100000E-01    9.4383052600E-01    4.9982587914E-01
    2.3800100000E-01    9.4335552400E-01    4.9986824013E-01
    2.3900100000E-01    9.4287852200E-01    4.9991079771E-01
    2.4000100000E-01    9.4239952000E-01    4.9995355213E-01
    2.4100100000E-01    9.4191851800E-01    4.9999650364E-01
    2.4200100000E-01    9.4143551600E-01    5.0003965248E-01
    2.4300100000E-01    9.4095051400E-01    5.0008299890E-01
    2.4400100000E-01    9.4046351200E-01    5.0012654314E-01
    2.4500100000E-01    9.3997451000E-01    5.0017028547E-01
    2.4600100000E-01    9.3948350800E-01    5.0021422612E-01
    2.4700100000E-01    9.3899050600E-01    5.0025836536E-01
    2.4800100000E-01    9.3849550400E-01    5.0030270344E-01
    2.4900100000E-01    9.3799850200E-01    5.0034724061E-01
    2.5000100000E-01    9.3749950000E-01    5.0039197713E-01
    2.5100100000E-01    9.3699849800E-01    5.0043691327E-01
    2.5200100000E-01    9.3649549600E-01    5.0048204927E-01
    2.5300100000E-01    9.3599049400E-01    5.0052738540E-01
    2.5400100000E-01    9.3548349200E-01    5.0057292193E-01
    2.5500100000E-01    9.3497449000E-01    5.0061865911E-01
    2.5600100000E-01    9.3446348800E-01    5.0066459722E-01
    2.5700100000E-01    9.3395048600E-01    5.0071073652E-01
    2.5800100000E-01    9.3343548400E-01    5.0075707728E-01
    2.5900100000E-01    9.3291848200E-01    5.0080361977E-01
    2.6000100000E-01    9.3239948000E-01    5.0085036425E-01
    2.6100100000E-01    9.3187847800E-01    5.0089731101E-01
    2.6200100000E-01    9.3135547600E-01    5.0094446032E-01
    2.6300100000E-01    9.3083047400E-01    5.0099181245E-01
    2.6400100000E-01    9.3030347200E-01    5.0103936767E-01
    2.6500100000E-01    9.2977447000E-01    5.0108712628E-01
    2.6600100000E-01    9.2924346800E-01    5.0113508854E-01
    2.6700100000E-01    9.2871046600E-01    5.0118325474E-01
    2.6800100000E-01    9.2817546400E-01    5.0123162516E-01
    2.6900100000E-01    9.2763846200E-01    5.0128020008E-01
    2.7000100000E-01    9.2709946000E-01    5.0132897980E-01
    2.7100100000E-01    9.2655845800E-01    5.0137796459E-01
    2.7200100000E-01    9.2601545600E-01    5.0142715475E-01
    2.7300100000E-01    9.2547045400E-01    5.0147655056E-01
    2.7400100000E-01    9.2492345200E-01    5.0152615233E-01
    2.7500100000E-01    9.2437445000E-01    5.0157596033E-01
    2.7600100000E-01    9.2382344800E-01    5.0162597487E-01
    2.7700100000E-01    9.2327044600E-01    5.0167619624E-01
    2.7800100000E-01    9.2271544400E-01    5.0172662474E-01
    2.7900100000E-01    9.2215844200E-01    5.0177726067E-01
    2.8000100000E-01    9.2159944000E-01    5.0182810433E-01
    2.8100100000E-01    9.2103843800E-01    5.0187915601E-01
    2.8200100000E-01    9.2047543600E-01    5.0193041603E-01
    2.8300100000E-01    9.1991043400E-01    5.0198188469E-01
    2.8400100000E-01    9.1934343200E-01    5.0203356230E-01
    2.8500100000E-01    9.1877443000E-01    5.0208544916E-01
    2.8600100000E-01    9.1820342800E-01    5.0213754559E-01
    2.8700100000E-01    9.1763042600E-01    5.0218985189E-01
    2.8800100000E-01    9.1705542400E-01    5.0224236838E-01
    2.8900100000E-01    9.1647842200E-01    5.0229509537E-01
    2.9000100000E-01    9.1589942000E-01    5.0234803318E-01
    2.9100100000E-01    9.1531841800E-01    5.0240118213E-01
    2.9200100000E-01    9.1473541600E-01    5.0245454253E-01
    2.9300100000E-01    9.1415041400E-01    5.0250811471E-01
    2.9400100000E-01    9.1356341200E-01    5.0256189899E-01
    2.9500100000E-01    9.1297441000E-01    5.0261589569E-01
    2.9600100000E-01    9.1238340800E-01    5.0267010514E-01
    2.9700100000E-01    9.1179040600E-01    5.0272452767E-01
    2.9800100000E-01    9.1119540400E-01    5.0277916360E-01
    2.9900100000E-01    9.1059840200E-01    5.0283401327E-01
    3.0000100000E-01    9.0999940000E-01    5.0288907700E-01
    3.0100100000E-01    9.0939839800E-01    5.0294435514E-01
    3.0200100000E-01    9.0879539600E-01    5.0299984802E-01
    3.0300100000E-01    9.0819039400E-01    5.0305555596E-01
    3.0400100000E-01    9.0758339200E-01    5.0311147933E-01
    3.0500100000E-01    9.0697439000E-01    5.0316761844E-01
    3.0600100000E-01    9.0636338800E-01    5.0322397365E-01
    3.0700100000E-01    9.0575038600E-01    5.0328054530E-01
    3.0800100000E-01    9.0513538400E-01    5.0333733374E-01
    3.0900100000E-01    9.0451838200E-01    5.0339433930E-01
    3.1000100000E-01    9.0389938000E-01    5.0345156235E-01
    3.1100100000E-01    9.0327837800E-01    5.0350900323E-01
    3.1200100000E-01    9.0265537600E-01    5.0356666229E-01
    3.1300100000E-01    9.0203037400E-01    5.0362453989E-01
    3.1400100000E-01    9.0140337200E-01    5.0368263639E-01
    3.1500100000E-01    9.0077437000E-01    5.0374095214E-01
    3.1600100000E-01    9.0014336800E-01    5.0379948749E-01
    3.1700100000E-01    8.9951036600E-01    5.0385824282E-01
    3.1800100000E-01    8.9887536400E-01    5.0391721848E-01
    3.1900100000E-01    8.9823836200E-01    5.0397641485E-01
    3.2000100000E-01    8.9759936000E-01    5.0403583227E-01
    3.2100100000E-01    8.9695835800E-01    5.0409547113E-01
    3.2200100000E-01    8.9631535600E-01    5.0415533180E-01
    3.2300100000E-01    8.9567035400E-01    5.0421541464E-01
    3.2400100000E-01    8.9502335200E-01    5.0427572002E-01
    3.2500100000E-01    8.9437435000E-01    5.0433624834E-01
    3.2600100000E-01    8.9372334800E-01    5.0439699995E-01
    3.2700100000E-01    8.9307034600E-01    5.0445797524E-01
    3.2800100000E-01    8.9241534400E-01    5.0451917459E-01
    3.2900100000E-01    8.9175834200E-01    5.0458059839E-01
    3.3000100000E-01    8.9109934000E-01    5.0464224701E-01
    3.3100100000E-01    8.9043833800E-01    5.0470412085E-01
    3.3200100000E-01    8.8977533600E-01    5.0476622028E-01
    3.3300100000E-01    8.8911033400E-01    5.0482854572E-01
    3.3400100000E-01    8.8844333200E-01    5.0489109753E-01
    3.3500100000E-01    8.8777433000E-01    5.0495387612E-01
    3.3600100000E-01    8.8710332800E-01    5.0501688189E-01
    3.3700100000E-01    8.8643032600E-01    5.0508011522E-01
    3.3800100000E-01    8.8575532400E-01    5.0514357653E-01
    3.3900100000E-01    8.8507832200E-01    5.0520726621E-01
    3.4000100000E-01    8.8439932000E-01    5.0527118467E-01
    3.4100100000E-01    8.8371831800E-01    5.0533533230E-01
    3.4200100000E-01    8.8303531600E-01    5.0539970952E-01
    3.4300100000E-01    8.8235031400E-01    5.0546431674E-01
    3.4400100000E-01    8.8166331200E-01    5.0552915437E-01
    3.4500100000E-01    8.8097431000E-01    5.0559422282E-01
    3.4600100000E-01    8.8028330800E-01    5.0565952250E-01
    3.4700100000E-01    8.7959030600E-01    5.0572505384E-01
    3.4800100000E-01    8.7889530400E-01    5.0579081725E-01
    3.4900100000E-01    8.7819830200E-01    5.0585681316E-01
    3.5000100000E-01    8.7749930000E-01    5.0592304197E-01
    3.5100100000E-01    8.7679829800E-01    5.0598950414E-01
    3.5200100000E-01    8.7609529600E-01    5.0605620007E-01
    3.5300100000E-01    8.7539029400E-01    5.0612313019E-01
    3.5400100000E-01    8.7468329200E-01    5.0619029495E-01
    3.5500100000E-01    8.7397429000E-01    5.0625769477E-01
    3.5600100000E-01    8.7326328800E-01    5.0632533008E-01
    3.5700100000E-01    8.7255028600E-01    5.0639320133E-01
    3.5800100000E-01    8.7183528400E-01    5.0646130896E-01
    3.5900100000E-01    8.7111828200E-01    5.0652965340E-01
    3.6000100000E-01    8.7039928000E-01    5.0659823509E-01
    3.6100100000E-01    8.6967827800E-01    5.0666705450E-01
    3.6200100000E-01    8.6895527600E-01    5.0673611205E-01
    3.6300100000E-01    8.6823027400E-01    5.0680540821E-01
    3.6400100000E-01    8.6750327200E-01    5.0687494343E-01
    3.6500100000E-01    8.6677427000E-01    5.0694471815E-01
    3.6600100000E-01    8.6604326800E-01    5.0701473284E-01
    3.6700100000E-01    8.6531026600E-01    5.0708498795E-01
    3.6800100000E-01    8.6457526400E-01    5.0715548395E-01
    3.6900100000E-01    8.6383826200E-01    5.0722622130E-01
    3.7000100000E-01    8.6309926000E-01    5.0729720046E-01
    3.7100100000E-01    8.6235825800E-01    5.0736842189E-01
    3.7200100000E-01    8.6161525600E-01    5.0743988608E-01
    3.7300100000E-01    8.6087025400E-01    5.0751159349E-01
    3.7400100000E-01    8.6012325200E-01    5.0758354460E-01
    3.7500100000E-01    8.5937425000E-01    5.0765573988E-01
    3.7600100000E-01    8.5862324800E-01    5.0772817981E-01
    3.7700100000E-01    8.5787024600E-01    5.0780086487E-01
    3.7800100000E-01    8.5711524400E-01    5.0787379554E-01
    3.7900100000E-01    8.5635824200E-01    5.0794697231E-01
    3.8000100000E-01    8.5559924000E-01    5.0802039567E-01
    3.8100100000E-01    8.5483823800E-01    5.0809406611E-01
    3.8200100000E-01    8.5407523600E-01    5.0816798412E-01
    3.8300100000E-01    8.5331023400E-01    5.0824215019E-01
    3.8400100000E-01    8.5254323200E-01    5.0831656482E-01
    3.8500100000E-01    8.5177423000E-01    5.0839122851E-01
    3.8600100000E-01    8.5100322800E-01    5.0846614176E-01
    3.8700100000E-01    8.5023022600E-01    5.0854130508E-01
    3.8800100000E-01    8.4945522400E-01    5.0861671898E-01
    3.8900100000E-01    8.4867822200E-01    5.0869238395E-01
    3.9000100000E-01    8.4789922000E-01    5.0876830051E-01
    3.9100100000E-01    8.4711821800E-01    5.0884446918E-01
    3.9200100000E-01    8.4633521600E-01    5.0892089047E-01
    3.9300100000E-01    8.4555021400E-01    5.0899756491E-01
    3.9400100000E-01    8.4476321200E-01    5.0907449300E-01
    3.9500100000E-01    8.4397421000E-01    5.0915167528E-01
    3.9600100000E-01    8.4318320800E-01    5.0922911226E-01
    3.9700100000E-01    8.4239020600E-01    5.0930680449E-01
    3.9800100000E-01    8.4159520400E-01    5.0938475249E-01
    3.9900100000E-01    8.4079820200E-01    5.0946295679E-01
    4.0000100000E-01    8.3999920000E-01    5.0954141792E-01
    4.0100100000E-01    8.3919819800E-01    5.0962013644E-01
    4.0200100000E-01    8.3839519600E-01    5.0969911287E-01
    4.0300100000E-01    8.3759019400E-01    5.0977834777E-01
    4.0400100000E-01    8.3678319200E-01    5.0985784167E-01
    4.0500100000E-01    8.3597419000E-01    5.0993759513E-01
    4.0600100000E-01    8.3516318800E-01    5.1001760869E-01
    4.0700100000E-01    8.3435018600E-01    5.1009788292E-01
    4.0800100000E-01    8.3353518400E-01    5.1017841836E-01
    4.0900100000E-01    8.3271818200E-01    5.1025921559E-01
    4.1000100000E-01    8.3189918000E-01    5.1034027515E-01
    4.1100100000E-01    8.3107817800E-01    5.1042159761E-01
    4.1200100000E-01    8.3025517600E-01    5.1050318355E-01
    4.1300100000E-01    8.2943017400E-01    5.1058503352E-01
    4.1400100000E-01    8.2860317200E-01    5.1066714811E-01
    4.1500100000E-01    8.2777417000E-01    5.1074952788E-01
    4.1600100000E-01    8.2694316800E-01    5.1083217342E-01
    4.1700100000E-01    8.2611016600E-01    5.1091508531E-01
    4.1800100000E-01    8.2527516400E-01    5.1099826412E-01
    4.1900100000E-01    8.2443816200E-01    5.1108171045E-01
    4.2000100000E-01    8.2359916000E-01    5.1116542489E-01
    4.2100100000E-01    8.2275815800E-01    5.1124940802E-01
    4.2200100000E-01    8.2191515600E-01    5.1133366045E-01
    4.2300100000E-01    8.2107015400E-01    5.1141818276E-01
    4.2400100000E-01    8.2022315200E-01    5.1150297556E-01
    4.2500100000E-01    8.1937415000E-01    5.1158803945E-01
    4.2600100000E-01    8.1852314800E-01    5.1167337504E-01
    4.2700100000E-01    8.1767014600E-01    5.1175898293E-01
    4.2800100000E-01    8.1681514400E-01    5.1184486375E-01
    4.2900100000E-01    8.1595814200E-01    5.1193101809E-01
    4.3000100000E-01    8.1509914000E-01    5.1201744659E-01
    4.3100100000E-01    8.1423813800E-01    5.1210414985E-01
    4.3200100000E-01    8.1337513600E-01    5.1219112851E-01
    4.3300100000E-01    8.1251013400E-01    5.1227838319E-01
    4.3400100000E-01    8.1164313200E-01    5.1236591452E-01
    4.3500100000E-01    8.1077413000E-01    5.1245372313E-01
    4.3600100000E-01    8.0990312800E-01    5.1254180965E-01
    4.3700100000E-01    8.0903012600E-01    5.1263017473E-01
    4.3800100000E-01    8.0815512400E-01    5.1271881901E-01
    4.3900100000E-01    8.0727812200E-01    5.1280774313E-01
    4.4000100000E-01    8.0639912000E-01    5.1289694774E-01
    4.4100100000E-01    8.0551811800E-01    5.1298643349E-01
    4.4200100000E-01    8.0463511600E-01    5.1307620103E-01
    4.4300100000E-01    8.0375011400E-01    5.1316625102E-01
    4.4400100000E-01    8.0286311200E-01    5.1325658412E-01
    4.4500100000E-01    8.0197411000E-01    5.1334720099E-01
    4.4600100000E-01    8.0108310800E-01    5.1343810230E-01
    4.4700100000E-01    8.0019010600E-01    5.1352928872E-01
    4.4800100000E-01    7.9929510400E-01    5.1362076092E-01
    4.4900100000E-01    7.9839810200E-01    5.1371251958E-01
    4.5000100000E-01    7.9749910000E-01    5.1380456537E-01
    4.5100100000E-01    7.9659809800E-01    5.1389689898E-01
    4.5200100000E-01    7.9569509600E-01    5.1398952110E-01
    4.5300100000E-01    7.9479009400E-01    5.1408243241E-01
    4.5400100000E-01    7.9388309200E-01    5.1417563360E-01
    4.5500100000E-01    7.9297409000E-01    5.1426912538E-01
    4.5600100000E-01    7.9206308800E-01    5.1436290844E-01
    4.5700100000E-01    7.9115008600E-01    5.1445698347E-01
    4.5800100000E-01    7.9023508400E-01    5.1455135120E-01
    4.5900100000E-01    7.8931808200E-01    5.1464601232E-01
    4.6000100000E-01    7.8839908000E-01    5.1474096755E-01
    4.6100100000E-01    7.8747807800E-01    5.1483621761E-01
    4.6200100000E-01    7.8655507600E-01    5.1493176321E-01
    4.6300100000E-01    7.8563007400E-01    5.1502760507E-01
    4.6400100000E-01    7.8470307200E-01    5.1512374393E-01
    4.6500100000E-01    7.8377407000E-01    5.1522018051E-01
    4.6600100000E-01    7.8284306800E-01    5.1531691555E-01
    4.6700100000E-01    7.8191006600E-01    5.1541394978E-01
    4.6800100000E-01    7.8097506400E-01    5.1551128395E-01
    4.6900100000E-01    7.8003806200E-01    5.1560891879E-01
    4.7000100000E-01    7.7909906000E-01    5.1570685505E-01
    4.7100100000E-01    7.7815805800E-01    5.1580509349E-01
    4.7200100000E-01    7.7721505600E-01    5.1590363487E-01
    4.7300100000E-01    7.7627005400E-01    5.1600247993E-01
    4.7400100000E-01    7.7532305200E-01    5.1610162944E-01
    4.7500100000E-01    7.7437405000E-01    5.1620108417E-01
    4.7600100000E-01    7.7342304800E-01    5.1630084488E-01
    4.7700100000E-01    7.7247004600E-01    5.1640091235E-01
    4.7800100000E-01    7.7151504400E-01    5.1650128736E-01
    4.7900100000E-01    7.7055804200E-01    5.1660197069E-01
    4.8000100000E-01    7.6959904000E-01    5.1670296312E-01
    4.8100100000E-01    7.6863803800E-01    5.1680426544E-01
    4.8200100000E-01    7.6767503600E-01    5.1690587844E-01
    4.8300100000E-01    7.6671003400E-01    5.1700780292E-01
    4.8400100000E-01    7.6574303200E-01    5.1711003968E-01
    4.8500100000E-01    7.6477403000E-01    5.1721258952E-01
    4.8600100000E-01    7.6380302800E-01    5.1731545325E-01
    4.8700100000E-01    7.6283002600E-01    5.1741863168E-01
    4.8800100000E-01    7.6185502400E-01    5.1752212563E-01
    4.8900100000E-01    7.6087802200E-01    5.1762593592E-01
    4.9000100000E-01    7.5989902000E-01    5.1773006337E-01
    4.9100100000E-01    7.5891801800E-01    5.1783450880E-01
    4.9200100000E-01    7.5793501600E-01    5.1793927306E-01
    4.9300100000E-01    7.5695001400E-01    5.1804435697E-01
    4.9400100000E-01    7.5596301200E-01    5.1814976138E-01
    4.9500100000E-01    7.5497401000E-01    5.1825548713E-01
    4.9600100000E-01    7.5398300800E-01    5.1836153507E-01
    4.9700100000E-01    7.5299000600E-01    5.1846790604E-01
    4.9800100000E-01    7.5199500400E-01    5.1857460092E-01
    4.9900100000E-01    7.5099800200E-01    5.1868162055E-01
    5.0000100000E-01    7.4999900000E-01    5.1878896581E-01
    5.0100100000E-01    7.4899799800E-01    5.1889663756E-01
    5.0200100000E-01    7.4799499600E-01    5.1900463667E-01
    5.0300100000E-01    7.4698999400E-01    5.1911296403E-01
    5.0400100000E-01    7.4598299200E-01    5.1922162051E-01
    5.0500100000E-01    7.4497399000E-01    5.1933060701E-01
    5.0600100000E-01    7.4396298800E-01    5.1943992441E-01
    5.0700100000E-01    7.4294998600E-01    5.1954957361E-01
    5.0800100000E-01    7.4193498400E-01    5.1965955551E-01
    5.0900100000E-01    7.4091798200E-01    5.1976987102E-01
    5.1000100000E-01    7.3989898000E-01    5.1988052103E-01
    5.1100100000E-01    7.3887797800E-01    5.1999150648E-01
    5.1200100000E-01    7.3785497600E-01    5.2010282826E-01
    5.1300100000E-01    7.3682997400E-01    5.2021448731E-01
    5.1400100000E-01    7.3580297200E-01    5.2032648456E-01
    5.1500100000E-01    7.3477397000E-01    5.2043882093E-01
    5.1600100000E-01    7.3374296800E-01    5.2055149736E-01
    5.1700100000E-01    7.3270996600E-01    5.2066451479E-01
    5.1800100000E-01    7.3167496400E-01    5.2077787417E-01
    5.1900100000E-01    7.3063796200E-01    5.2089157645E-01
    5.2000100000E-01    7.2959896000E-01    5.2100562258E-01
    5.2100100000E-01    7.2855795800E-01    5.2112001352E-01
    5.2200100000E-01    7.2751495600E-01    5.2123475025E-01
    5.2300100000E-01    7.2646995400E-01    5.2134983372E-01
    5.2400100000E-01    7.2542295200E-01    5.2146526491E-01
    5.2500100000E-01    7.2437395000E-01    5.2158104480E-01
    5.2600100000E-01    7.2332294800E-01    5.2169717438E-01
    5.2700100000E-01    7.2226994600E-01    5.2181365464E-01
    5.2800100000E-01    7.2121494400E-01    5.2193048657E-01
    5.2900100000E-01    7.2015794200E-01    5.2204767116E-01
    5.3000100000E-01    7.1909894000E-01    5.2216520943E-01
    5.3100100000E-01    7.1803793800E-01    5.2228310238E-01
    5.3200100000E-01    7.1697493600E-01    5.2240135102E-01
    5.3300100000E-01    7.1590993400E-01    5.2251995639E-01
    5.3400100000E-01    7.1484293200E-01    5.2263891949E-01
    5.3500100000E-01    7.1377393000E-01    5.2275824137E-01
    5.3600100000E-01    7.1270292800E-01    5.2287792305E-01
    5.3700100000E-01    7.1162992600E-01    5.2299796558E-01
    5.3800100000E-01    7.1055492400E-01    5.2311837001E-01
    5.3900100000E-01    7.0947792200E-01    5.2323913737E-01
    5.4000100000E-01    7.0839892000E-01    5.2336026874E-01
    5.4100100000E-01    7.0731791800E-01    5.2348176517E-01
    5.4200100000E-01    7.0623491600E-01    5.2360362773E-01
    5.4300100000E-01    7.0514991400E-01    5.2372585750E-01
    5.4400100000E-01    7.0406291200E-01    5.2384845554E-01
    5.4500100000E-01    7.0297391000E-01    5.2397142295E-01
    5.4600100000E-01    7.0188290800E-01    5.2409476081E-01
    5.4700100000E-01    7.0078990600E-01    5.2421847023E-01
    5.4800100000E-01    6.9969490400E-01    5.2434255229E-01
    5.4900100000E-01    6.9859790200E-01    5.2446700810E-01
    5.5000100000E-01    6.9749890000E-01    5.2459183879E-01
    5.5100100000E-01    6.9639789800E-01    5.2471704546E-01
    5.5200100000E-01    6.9529489600E-01    5.2484262924E-01
    5.5300100000E-01    6.9418989400E-01    5.2496859125E-01
    5.5400100000E-01    6.9308289200E-01    5.2509493264E-01
    5.5500100000E-01    6.9197389000E-01    5.2522165454E-01
    5.5600100000E-01    6.9086288800E-01    5.2534875810E-01
    5.5700100000E-01    6.8974988600E-01    5.2547624448E-01
    5.5800100000E-01    6.8863488400E-01    5.2560411482E-01
    5.5900100000E-01    6.8751788200E-01    5.2573237030E-01
    5.6000100000E-01    6.8639888000E-01    5.2586101209E-01
    5.6100100000E-01    6.8527787800E-01    5.2599004137E-01
    5.6200100000E-01    6.8415487600E-01    5.2611945931E-01
    5.6300100000E-01    6.8302987400E-01    5.2624926710E-01
    5.6400100000E-01    6.8190287200E-01    5.2637946595E-01
    5.6500100000E-01    6.8077387000E-01    5.2651005705E-01
    5.6600100000E-01    6.7964286800E-01    5.2664104161E-01
    5.6700100000E-01    6.7850986600E-01    5.2677242085E-01
    5.6800100000E-01    6.7737486400E-01    5.2690419599E-01
    5.6900100000E-01    6.7623786200E-01    5.2703636824E-01
    5.7000100000E-01    6.7509886000E-01    5.2716893885E-01
    5.7100100000E-01    6.7395785800E-01    5.2730190906E-01
    5.7200100000E-01    6.7281485600E-01    5.2743528011E-01
    5.7300100000E-01    6.7166985400E-01    5.2756905326E-01
    5.7400100000E-01    6.7052285200E-01    5.2770322976E-01
    5.7500100000E-01    6.6937385000E-01    5.2783781088E-01
    5.7600100000E-01    6.6822284800E-01    5.2797279790E-01
    5.7700100000E-01    6.6706984600E-01    5.2810819210E-01
    5.7800100000E-01    6.6591484400E-01    5.2824399475E-01
    5.7900100000E-01    6.6475784200E-01    5.2838020716E-01
    5.8000100000E-01    6.6359884000E-01    5.2851683062E-01
    5.8100100000E-01    6.6243783800E-01    5.2865386644E-01
    5.8200100000E-01    6.6127483600E-01    5.2879131594E-01
    5.8300100000E-01    6.6010983400E-01    5.2892918044E-01
    5.8400100000E-01    6.5894283200E-01    5.2906746126E-01
    5.8500100000E-01    6.5777383000E-01    5.2920615974E-01
    5.8600100000E-01    6.5660282800E-01    5.2934527722E-01
    5.8700100000E-01    6.5542982600E-01    5.2948481505E-01
    5.8800100000E-01    6.5425482400E-01    5.2962477460E-01
    5.8900100000E-01    6.5307782200E-01    5.2976515721E-01
    5.9000100000E-01    6.5189882000E-01    5.2990596427E-01
    5.9100100000E-01    6.5071781800E-01    5.3004719716E-01
    5.9200100000E-01    6.4953481600E-01    5.3018885725E-01
    5.9300100000E-01    6.4834981400E-01    5.3033094595E-01
    5.9400100000E-01    6.4716281200E-01    5.3047346465E-01
    5.9500100000E-01    6.4597381000E-01    5.3061641476E-01
    5.9600100000E-01    6.4478280800E-01    5.3075979770E-01
    5.9700100000E-01    6.4358980600E-01    5.3090361490E-01
    5.9800100000E-01    6.4239480400E-01    5.3104786778E-01
    5.9900100000E-01    6.4119780200E-01    5.3119255778E-01
    6.0000100000E-01    6.3999880000E-01    5.3133768636E-01
    6.0100100000E-01    6.3879779800E-01    5.3148325496E-01
    6.0200100000E-01    6.3759479600E-01    5.3162926506E-01
    6.0300100000E-01    6.3638979400E-01    5.3177571812E-01
    6.0400100000E-01    6.3518279200E-01    5.3192261562E-01
    6.0500100000E-01    6.3397379000E-01    5.3206995904E-01
    6.0600100000E-01    6.3276278800E-01    5.3221774989E-01
    6.0700100000E-01    6.3154978600E-01    5.3236598967E-01
    6.0800100000E-01    6.3033478400E-01    5.3251467989E-01
    6.0900100000E-01    6.2911778200E-01    5.3266382207E-01
    6.1000100000E-01    6.2789878000E-01    5.3281341774E-01
    6.1100100000E-01    6.2667777800E-01    5.3296346843E-01
    6.1200100000E-01    6.2545477600E-01    5.3311397569E-01
    6.1300100000E-01    6.2422977400E-01    5.3326494108E-01
    6.1400100000E-01    6.2300277200E-01    5.3341636616E-01
    6.1500100000E-01    6.2177377000E-01    5.3356825249E-01
    6.1600100000E-01    6.2054276800E-01    5.3372060167E-01
    6.1700100000E-01    6.1930976600E-01    5.3387341527E-01
    6.1800100000E-01    6.1807476400E-01    5.3402669490E-01
    6.1900100000E-01    6.1683776200E-01    5.3418044216E-01
    6.2000100000E-01    6.1559876000E-01    5.3433465867E-01
    6.2100100000E-01    6.1435775800E-01    5.3448934605E-01
    6.2200100000E-01    6.1311475600E-01    5.3464450594E-01
    6.2300100000E-01    6.1186975400E-01    5.3480013998E-01
    6.2400100000E-01    6.1062275200E-01    5.3495624981E-01
    6.2500100000E-01    6.0937375000E-01    5.3511283711E-01
    6.2600100000E-01    6.0812274800E-01    5.3526990354E-01
    6.2700100000E-01    6.0686974600E-01    5.3542745079E-01
    6.2800100000E-01    6.0561474400E-01    5.3558548053E-01
    6.2900100000E-01    6.0435774200E-01    5.3574399448E-01
    6.3000100000E-01    6.0309874000E-01    5.3590299434E-01
    6.3100100000E-01    6.0183773800E-01    5.3606248182E-01
    6.3200100000E-01    6.0057473600E-01    5.3622245866E-01
    6.3300100000E-01    5.9930973400E-01    5.3638292660E-01
    6.3400100000E-01    5.9804273200E-01    5.3654388737E-01
    6.3500100000E-01    5.9677373000E-01    5.3670534275E-01
    6.3600100000E-01    5.9550272800E-01    5.3686729449E-01
    6.3700100000E-01    5.9422972600E-01    5.3702974437E-01
    6.3800100000E-01    5.9295472400E-01    5.3719269419E-01
    6.3900100000E-01    5.9167772200E-01    5.3735614574E-01
    6.4000100000E-01    5.9039872000E-01    5.3752010082E-01
    6.4100100000E-01    5.8911771800E-01    5.3768456126E-01
    6.4200100000E-01    5.8783471600E-01    5.3784952889E-01
    6.4300100000E-01    5.8654971400E-01    5.3801500555E-01
    6.4400100000E-01    5.8526271200E-01    5.3818099308E-01
    6.4500100000E-01    5.8397371000E-01    5.3834749335E-01
    6.4600100000E-01    5.8268270800E-01    5.3851450822E-01
    6.4700100000E-01    5.8138970600E-01    5.3868203959E-01
    6.4800100000E-01    5.8009470400E-01    5.3885008935E-01
    6.4900100000E-01    5.7879770200E-01    5.3901865939E-01
    6.5000100000E-01    5.7749870000E-01    5.3918775164E-01
    6.5100100000E-01    5.7619769800E-01    5.3935736802E-01
    6.5200100000E-01    5.7489469600E-01    5.3952751047E-01
    6.5300100000E-01    5.7358969400E-01    5.3969818094E-01
    6.5400100000E-01    5.7228269200E-01    5.3986938139E-01
    6.5500100000E-01    5.7097369000E-01    5.4004111379E-01
    6.5600100000E-01    5.6966268800E-01    5.4021338012E-01
    6.5700100000E-01    5.6834968600E-01    5.4038618238E-01
    6.5800100000E-01    5.6703468400E-01    5.4055952258E-01
    6.5900100000E-01    5.6571768200E-01    5.4073340274E-01
    6.6000100000E-01    5.6439868000E-01    5.4090782488E-01
    6.6100100000E-01    5.6307767800E-01    5.4108279105E-01
    6.6200100000E-01    5.6175467600E-01    5.4125830331E-01
    6.6300100000E-01    5.6042967400E-01    5.4143436371E-01
    6.6400100000E-01    5.5910267200E-01    5.4161097435E-01
    6.6500100000E-01    5.5777367000E-01    5.4178813730E-01
    6.6600100000E-01    5.5644266800E-01    5.4196585468E-01
    6.6700100000E-01    5.5510966600E-01    5.4214412860E-01
    6.6800100000E-01    5.5377466400E-01    5.4232296119E-01
    6.6900100000E-01    5.5243766200E-01    5.4250235460E-01
    6.7000100000E-01    5.5109866000E-01    5.4268231097E-01
    6.7100100000E-01    5.4975765800E-01    5.4286283247E-01
    6.7200100000E-01    5.4841465600E-01    5.4304392128E-01
    6.7300100000E-01    5.4706965400E-01    5.4322557961E-01
    6.7400100000E-01    5.4572265200E-01    5.4340780965E-01
    6.7500100000E-01    5.4437365000E-01    5.4359061362E-01
    6.7600100000E-01    5.4302264800E-01    5.4377399376E-01
    6.7700100000E-01    5.4166964600E-01    5.4395795232E-01
    6.7800100000E-01    5.4031464400E-01    5.4414249155E-01
    6.7900100000E-01    5.3895764200E-01    5.4432761373E-01
    6.8000100000E-01    5.3759864000E-01    5.4451332115E-01
    6.8100100000E-01    5.3623763800E-01    5.4469961611E-01
    6.8200100000E-01    5.3487463600E-01    5.4488650092E-01
    6.8300100000E-01    5.3350963400E-01    5.4507397792E-01
    6.8400100000E-01    5.3214263200E-01    5.4526204945E-01
    6.8500100000E-01    5.3077363000E-01    5.4545071787E-01
    6.8600100000E-01    5.2940262800E-01    5.4563998555E-01
    6.8700100000E-01    5.2802962600E-01    5.4582985488E-01
    6.8800100000E-01    5.2665462400E-01    5.4602032826E-01
    6.8900100000E-01    5.2527762200E-01    5.4621140810E-01
    6.9000100000E-01    5.2389862000E-01    5.4640309685E-01
    6.9100100000E-01    5.2251761800E-01    5.4659539695E-01
    6.9200100000E-01    5.2113461600E-01    5.4678831086E-01
    6.9300100000E-01    5.1974961400E-01    5.4698184106E-01
    6.9400100000E-01    5.1836261200E-01    5.4717599003E-01
    6.9500100000E-01    5.1697361000E-01    5.4737076030E-01
    6.9600100000E-01    5.1558260800E-01    5.4756615438E-01
    6.9700100000E-01    5.1418960600E-01    5.4776217481E-01
    6.9800100000E-01    5.1279460400E-01    5.4795882415E-01
    6.9900100000E-01    5.1139760200E-01    5.4815610497E-01
    7.0000100000E-01    5.0999860000E-01    5.4835401986E-01
    7.0100100000E-01    5.0859759800E-01    5.4855257142E-01
    7.0200100000E-01    5.0719459600E-01    5.4875176227E-01
    7.0300100000E-01    5.0578959400E-01    5.4895159505E-01
    7.0400100000E-01    5.0438259200E-01    5.4915207241E-01
    7.0500100000E-01    5.0297359000E-01    5.4935319703E-01
    7.0600100000E-01    5.0156258800E-01    5.4955497158E-01
    7.0700100000E-01    5.0014958600E-01    5.4975739878E-01
    7.0800100000E-01    4.9873458400E-01    5.4996048134E-01
    7.0900100000E-01    4.9731758200E-01    5.5016422201E-01
    7.1000100000E-01    4.9589858000E-01    5.5036862353E-01
    7.1100100000E-01    4.9447757800E-01    5.5057368869E-01
    7.1200100000E-01    4.9305457600E-01    5.5077942027E-01
    7.1300100000E-01    4.9162957400E-01    5.5098582109E-01
    7.1400100000E-01    4.9020257200E-01    5.5119289397E-01
    7.1500100000E-01    4.8877357000E-01    5.5140064176E-01
    7.1600100000E-01    4.8734256800E-01    5.5160906731E-01
    7.1700100000E-01    4.8590956600E-01    5.5181817352E-01
    7.1800100000E-01    4.8447456400E-01    5.5202796328E-01
    7.1900100000E-01    4.8303756200E-01    5.5223843952E-01
    7.2000100000E-01    4.8159856000E-01    5.5244960517E-01
    7.2100100000E-01    4.8015755800E-01    5.5266146318E-01
    7.2200100000E-01    4.7871455600E-01    5.5287401655E-01
    7.2300100000E-01    4.7726955400E-01    5.5308726825E-01
    7.2400100000E-01    4.7582255200E-01    5.5330122131E-01
    7.2500100000E-01    4.7437355000E-01    5.5351587877E-01
    7.2600100000E-01    4.7292254800E-01    5.5373124367E-01
    7.2700100000E-01    4.7146954600E-01    5.5394731910E-01
    7.2800100000E-01    4.7001454400E-01    5.5416410815E-01
    7.2900100000E-01    4.6855754200E-01    5.5438161393E-01
    7.3000100000E-01    4.6709854000E-01    5.5459983959E-01
    7.3100100000E-01    4.6563753800E-01    5.5481878827E-01
    7.3200100000E-01    4.6417453600E-01    5.5503846316E-01
    7.3300100000E-01    4.6270953400E-01    5.5525886746E-01
    7.3400100000E-01    4.6124253200E-01    5.5548000438E-01
    7.3500100000E-01    4.5977353000E-01    5.5570187717E-01
    7.3600100000E-01    4.5830252800E-01    5.5592448910E-01
    7.3700100000E-01    4.5682952600E-01    5.5614784344E-01
    7.3800100000E-01    4.5535452400E-01    5.5637194350E-01
    7.3900100000E-01    4.5387752200E-01    5.5659679262E-01
    7.4000100000E-01    4.5239852000E-01    5.5682239415E-01
    7.4100100000E-01    4.5091751800E-01    5.5704875145E-01
    7.4200100000E-01    4.4943451600E-01    5.5727586792E-01
    7.4300100000E-01    4.4794951400E-01    5.5750374700E-01
    7.4400100000E-01    4.4646251200E-01    5.5773239211E-01
    7.4500100000E-01    4.4497351000E-01    5.5796180672E-01
    7.4600100000E-01    4.4348250800E-01    5.5819199433E-01
    7.4700100000E-01    4.4198950600E-01    5.5842295845E-01
    7.4800100000E-01    4.4049450400E-01    5.5865470261E-01
    7.4900100000E-01    4.3899750200E-01    5.5888723038E-01
    7.5000100000E-01    4.3749850000E-01    5.5912054534E-01
    7.5100100000E-01    4.3599749800E-01    5.5935465110E-01
    7.5200100000E-01    4.3449449600E-01    5.5958955130E-01
    7.5300100000E-01    4.3298949400E-01    5.5982524960E-01
    7.5400100000E-01    4.3148249200E-01    5.6006174968E-01
    7.5500100000E-01    4.2997349000E-01    5.6029905526E-01
    7.5600100000E-01    4.2846248800E-01    5.6053717006E-01
    7.5700100000E-01    4.2694948600E-01    5.6077609785E-01
    7.5800100000E-01    4.2543448400E-01    5.6101584243E-01
    7.5900100000E-01    4.2391748200E-01    5.6125640759E-01
    7.6000100000E-01    4.2239848000E-01    5.6149779720E-01
    7.6100100000E-01    4.2087747800E-01    5.6174001511E-01
    7.6200100000E-01    4.1935447600E-01    5.6198306521E-01
    7.6300100000E-01    4.1782947400E-01    5.6222695144E-01
    7.6400100000E-01    4.1630247200E-01    5.6247167773E-01
    7.6500100000E-01    4.1477347000E-01    5.6271724807E-01
    7.6600100000E-01    4.1324246800E-01    5.6296366647E-01
    7.6700100000E-01    4.1170946600E-01    5.6321093695E-01
    7.6800100000E-01    4.1017446400E-01    5.6345906358E-01
    7.6900100000E-01    4.0863746200E-01    5.6370805045E-01
    7.7000100000E-01    4.0709846000E-01    5.6395790168E-01
    7.7100100000E-01    4.0555745800E-01    5.6420862141E-01
    7.7200100000E-01    4.0401445600E-01    5.6446021384E-01
    7.7300100000E-01    4.0246945400E-01    5.6471268315E-01
    7.7400100000E-01    4.0092245200E-01    5.6496603361E-01
    7.7500100000E-01    3.9937345000E-01    5.6522026946E-01
    7.7600100000E-01    3.9782244800E-01    5.6547539502E-01
    7.7700100000E-01    3.9626944600E-01    5.6573141462E-01
    7.7800100000E-01    3.9471444400E-01    5.6598833260E-01
    7.7900100000E-01    3.9315744200E-01    5.6624615338E-01
    7.8000100000E-01    3.9159844000E-01    5.6650488137E-01
    7.8100100000E-01    3.9003743800E-01    5.6676452103E-01
    7.8200100000E-01    3.8847443600E-01    5.6702507685E-01
    7.8300100000E-01    3.8690943400E-01    5.6728655335E-01
    7.8400100000E-01    3.8534243200E-01    5.6754895509E-01
    7.8500100000E-01    3.8377343000E-01    5.6781228666E-01
    7.8600100000E-01    3.8220242800E-01    5.6807655267E-01
    7.8700100000E-01    3.8062942600E-01    5.6834175778E-01
    7.8800100000E-01    3.7905442400E-01    5.6860790669E-01
    7.8900100000E-01    3.7747742200E-01    5.6887500411E-01
    7.9000100000E-01    3.7589842000E-01    5.6914305481E-01
    7.9100100000E-01    3.7431741800E-01    5.6941206359E-01
    7.9200100000E-01    3.7273441600E-01    5.6968203526E-01
    7.9300100000E-01    3.7114941400E-01    5.6995297471E-01
    7.9400100000E-01    3.6956241200E-01    5.7022488682E-01
    7.9500100000E-01    3.6797341000E-01    5.7049777654E-01
    7.9600100000E-01    3.6638240800E-01    5.7077164884E-01
    7.9700100000E-01    3.6478940600E-01    5.7104650874E-01
    7.9800100000E-01    3.6319440400E-01    5.7132236129E-01
    7.9900100000E-01    3.6159740200E-01    5.7159921158E-01
    8.0000100000E-01    3.5999840000E-01    5.7187706472E-01
    8.0100100000E-01    3.5839739800E-01    5.7215592590E-01
    8.0200100000E-01    3.5679439600E-01    5.7243580030E-01
    8.0300100000E-01    3.5518939400E-01    5.7271669319E-01
    8.0400100000E-01    3.5358239200E-01    5.7299860983E-01
    8.0500100000E-01    3.5197339000E-01    5.7328155555E-01
    8.0600100000E-01    3.5036238800E-01    5.7356553572E-01
    8.0700100000E-01    3.4874938600E-01    5.7385055575E-01
    8.0800100000E-01    3.4713438400E-01    5.7413662107E-01
    8.0900100000E-01    3.4551738200E-01    5.7442373719E-01
    8.1000100000E-01    3.4389838000E-01    5.7471190962E-01
    8.1100100000E-01    3.4227737800E-01    5.7500114394E-01
    8.1200100000E-01    3.4065437600E-01    5.7529144578E-01
    8.1300100000E-01    3.3902937400E-01    5.7558282078E-01
    8.1400100000E-01    3.3740237200E-01    5.7587527466E-01
    8.1500100000E-01    3.3577337000E-01    5.7616881316E-01
    8.1600100000E-01    3.3414236800E-01    5.7646344207E-01
    8.1700100000E-01    3.3250936600E-01    5.7675916723E-01
    8.1800100000E-01    3.3087436400E-01    5.7705599453E-01
    8.1900100000E-01    3.2923736200E-01    5.7735392989E-01
    8.2000100000E-01    3.2759836000E-01    5.7765297930E-01
    8.2100100000E-01    3.2595735800E-01    5.7795314877E-01
    8.2200100000E-01    3.2431435600E-01    5.7825444438E-01
    8.2300100000E-01    3.2266935400E-01    5.7855687224E-01
    8.2400100000E-01    3.2102235200E-01    5.7886043853E-01
    8.2500100000E-01    3.1937335000E-01    5.7916514945E-01
    8.2600100000E-01    3.1772234800E-01    5.7947101128E-01
    8.2700100000E-01    3.1606934600E-01    5.7977803033E-01
    8.2800100000E-01    3.1441434400E-01    5.8008621297E-01
    8.2900100000E-01    3.1275734200E-01    5.8039556561E-01
    8.3000100000E-01    3.1109834000E-01    5.8070609473E-01
    8.3100100000E-01    3.0943733800E-01    5.8101780684E-01
    8.3200100000E-01    3.0777433600E-01    5.8133070852E-01
    8.3300100000E-01    3.0610933400E-01    5.8164480639E-01
    8.3400100000E-01    3.0444233200E-01    5.8196010714E-01
    8.3500100000E-01    3.0277333000E-01    5.8227661750E-01
    8.3600100000E-01    3.0110232800E-01    5.8259434426E-01
    8.3700100000E-01    2.9942932600E-01    5.8291329426E-01
    8.3800100000E-01    2.9775432400E-01    5.8323347441E-01
    8.3900100000E-01    2.9607732200E-01    5.8355489166E-01
    8.4000100000E-01    2.9439832000E-01    5.8387755303E-01
    8.4100100000E-01    2.9271731800E-01    5.8420146558E-01
    8.4200100000E-01    2.9103431600E-01    5.8452663645E-01
    8.4300100000E-01    2.8934931400E-01    5.8485307283E-01
    8.4400100000E-01    2.8766231200E-01    5.8518078196E-01
    8.4500100000E-01    2.8597331000E-01    5.8550977117E-01
    8.4600100000E-01    2.8428230800E-01    5.8584004780E-01
    8.4700100000E-01    2.8258930600E-01    5.8617161931E-01
    8.4800100000E-01    2.8089430400E-01    5.8650449318E-01
    8.4900100000E-01    2.7919730200E-01    5.8683867696E-01
    8.5000100000E-01    2.7749830000E-01    5.8717417828E-01
    8.5100100000E-01    2.7579729800E-01    5.8751100482E-01
    8.5200100000E-01    2.7409429600E-01    5.8784916433E-01
    8.5300100000E-01    2.7238929400E-01    5.8818866463E-01
    8.5400100000E-01    2.7068229200E-01    5.8852951359E-01
    8.5500100000E-01    2.6897329000E-01    5.8887171916E-01
    8.5600100000E-01    2.6726228800E-01    5.8921528937E-01
    8.5700100000E-01    2.6554928600E-01    5.8956023228E-01
    8.5800100000E-01    2.6383428400E-01    5.8990655606E-01
    8.5900100000E-01    2.6211728200E-01    5.9025426893E-01
    8.6000100000E-01    2.6039828000E-01    5.9060337918E-01
    8.6100100000E-01    2.5867727800E-01    5.9095389518E-01
    8.6200100000E-01    2.5695427600E-01    5.9130582536E-01
    8.6300100000E-01    2.5522927400E-01    5.9165917824E-01
    8.6400100000E-01    2.5350227200E-01    5.9201396240E-01
    8.6500100000E-01    2.5177327000E-01    5.9237018650E-01
    8.6600100000E-01    2.5004226800E-01    5.9272785928E-01
    8.6700100000E-01    2.4830926600E-01    5.9308698954E-01
    8.6800100000E-01    2.4657426400E-01    5.9344758618E-01
    8.6900100000E-01    2.4483726200E-01    5.9380965815E-01
    8.7000100000E-01    2.4309826000E-01    5.9417321452E-01
    8.7100100000E-01    2.4135725800E-01    5.9453826440E-01
    8.7200100000E-01    2.3961425600E-01    5.9490481699E-01
    8.7300100000E-01    2.3786925400E-01    5.9527288160E-01
    8.7400100000E-01    2.3612225200E-01    5.9564246758E-01
    8.7500100000E-01    2.3437325000E-01    5.9601358440E-01
    8.7600100000E-01    2.3262224800E-01    5.9638624158E-01
    8.7700100000E-01    2.3086924600E-01    5.9676044877E-01
    8.7800100000E-01    2.2911424400E-01    5.9713621566E-01
    8.7900100000E-01    2.2735724200E-01    5.9751355205E-01
    8.8000100000E-01    2.2559824000E-01    5.9789246784E-01
    8.8100100000E-01    2.2383723800E-01    5.9827297300E-01
    8.8200100000E-01    2.2207423600E-01    5.9865507760E-01
    8.8300100000E-01    2.2030923400E-01    5.9903879179E-01
    8.8400100000E-01    2.1854223200E-01    5.9942412582E-01
    8.8500100000E-01    2.1677323000E-01    5.9981109005E-01
    8.8600100000E-01    2.1500222800E-01    6.0019969491E-01
    8.8700100000E-01    2.1322922600E-01    6.0058995094E-01
    8.8800100000E-01    2.1145422400E-01    6.0098186877E-01
    8.8900100000E-01    2.0967722200E-01    6.0137545914E-01
    8.9000100000E-01    2.0789822000E-01    6.0177073286E-01
    8.9100100000E-01    2.0611721800E-01    6.0216770089E-01
    8.9200100000E-01    2.0433421600E-01    6.0256637424E-01
    8.9300100000E-01    2.0254921400E-01    6.0296676405E-01
    8.9400100000E-01    2.0076221200E-01    6.0336888157E-01
    8.9500100000E-01    1.9897321000E-01    6.0377273814E-01
    8.9600100000E-01    1.9718220800E-01    6.0417834522E-01
    8.9700100000E-01    1.9538920600E-01    6.0458571436E-01
    8.9800100000E-01    1.9359420400E-01    6.0499485724E-01
    8.9900100000E-01    1.9179720200E-01    6.0540578564E-01
    9.0000100000E-01    1.8999820000E-01    6.0581851144E-01
    9.0100100000E-01    1.8819719800E-01    6.0623304666E-01
    9.0200100000E-01    1.8639419600E-01    6.0664940342E-01
    9.0300100000E-01    1.8458919400E-01    6.0706759395E-01
    9.0400100000E-01    1.8278219200E-01    6.0748763061E-01
    9.0500100000E-01    1.8097319000E-01    6.0790952588E-01
    9.0600100000E-01    1.7916218800E-01    6.0833329234E-01
    9.0700100000E-01    1.7734918600E-01    6.0875894272E-01
    9.0800100000E-01    1.7553418400E-01    6.0918648986E-01
    9.0900100000E-01    1.7371718200E-01    6.0961594672E-01
    9.1000100000E-01    1.7189818000E-01    6.1004732639E-01
    9.1100100000E-01    1.7007717800E-01    6.1048064209E-01
    9.1200100000E-01    1.6825417600E-01    6.1091590718E-01
    9.1300100000E-01    1.6642917400E-01    6.1135313513E-01
    9.1400100000E-01    1.6460217200E-01    6.1179233956E-01
    9.1500100000E-01    1.6277317000E-01    6.1223353422E-01
    9.1600100000E-01    1.6094216800E-01    6.1267673300E-01
    9.1700100000E-01    1.5910916600E-01    6.1312194992E-01
    9.1800100000E-01    1.5727416400E-01    6.1356919914E-01
    9.1900100000E-01    1.5543716200E-01    6.1401849497E-01
    9.2000100000E-01    1.5359816000E-01    6.1446985186E-01
    9.2100100000E-01    1.5175715800E-01    6.1492328441E-01
    9.2200100000E-01    1.4991415600E-01    6.1537880735E-01
    9.2300100000E-01    1.4806915400E-01    6.1583643559E-01
    9.2400100000E-01    1.4622215200E-01    6.1629618416E-01
    9.2500100000E-01    1.4437315000E-01    6.1675806825E-01
    9.2600100000E-01    1.4252214800E-01    6.1722210323E-01
    9.2700100000E-01    1.4066914600E-01    6.1768830461E-01
    9.2800100000E-01    1.3881414400E-01    6.1815668804E-01
    9.2900100000E-01    1.3695714200E-01    6.1862726935E-01
    9.3000100000E-01    1.3509814000E-01    6.1910006455E-01
    9.3100100000E-01    1.3323713800E-01    6.1957508979E-01
    9.3200100000E-01    1.3137413600E-01    6.2005236140E-01
    9.3300100000E-01    1.2950913400E-01    6.2053189587E-01
    9.3400100000E-01    1.2764213200E-01    6.2101370987E-01
    9.3500100000E-01    1.2577313000E-01    6.2149782024E-01
    9.3600100000E-01    1.2390212800E-01    6.2198424402E-01
    9.3700100000E-01    1.2202912600E-01    6.2247299839E-01
    9.3800100000E-01    1.2015412400E-01    6.2296410073E-01
    9.3900100000E-01    1.1827712200E-01    6.2345756863E-01
    9.4000100000E-01    1.1639812000E-01    6.2395341982E-01
    9.4100100000E-01    1.1451711800E-01    6.2445167226E-01
    9.4200100000E-01    1.1263411600E-01    6.2495234406E-01
    9.4300100000E-01    1.1074911400E-01    6.2545545358E-01
    9.4400100000E-01    1.0886211200E-01    6.2596101932E-01
    9.4500100000E-01    1.0697311000E-01    6.2646906002E-01
    9.4600100000E-01    1.0508210800E-01    6.2697959461E-01
    9.4700100000E-01    1.0318910600E-01    6.2749264222E-01
    9.4800100000E-01    1.0129410400E-01    6.2800822219E-01
    9.4900100000E-01    9.9397101999E-02    6.2852635408E-01
    9.5000100000E-01    9.7498099999E-02    6.2904705765E-01
    9.5100100000E-01    9.5597097999E-02    6.2957035290E-01
    9.5200100000E-01    9.3694095999E-02    6.3009626003E-01
    9.5300100000E-01    9.1789093999E-02    6.3062479946E-01
    9.5400100000E-01    8.9882091999E-02    6.3115599186E-01
    9.5500100000E-01    8.7973089999E-02    6.3168985810E-01
    9.5600100000E-01    8.6062087999E-02    6.3222641932E-01
    9.5700100000E-01    8.4149085999E-02    6.3276569687E-01
    9.5800100000E-01    8.2234083999E-02    6.3330771233E-01
    9.5900100000E-01    8.0317081999E-02    6.3385248755E-01
    9.6000100000E-01    7.8398079999E-02    6.3440004462E-01
    9.6100100000E-01    7.6477077999E-02    6.3495040588E-01
    9.6200100000E-01    7.4554075999E-02    6.3550359390E-01
    9.6300100000E-01    7.2629073999E-02    6.3605963154E-01
    9.6400100000E-01    7.0702071999E-02    6.3661854192E-01
    9.6500100000E-01    6.8773069999E-02    6.3718034839E-01
    9.6600100000E-01    6.6842067999E-02    6.3774507462E-01
    9.6700100000E-01    6.4909065999E-02    6.3831274451E-01
    9.6800100000E-01    6.2974063999E-02    6.3888338226E-01
    9.6900100000E-01    6.1037061999E-02    6.3945701234E-01
    9.7000100000E-01    5.9098059999E-02    6.4003365952E-01
    9.7100100000E-01    5.7157057999E-02    6.4061334885E-01
    9.7200100000E-01    5.5214055999E-02    6.4119610567E-01
    9.7300100000E-01    5.3269053999E-02    6.4178195563E-01
    9.7400100000E-01    5.1322051999E-02    6.4237092468E-01
    9.7500100000E-01    4.9373049999E-02    6.4296303906E-01
    9.7600100000E-01    4.7422047999E-02    6.4355832535E-01
    9.7700100000E-01    4.5469045999E-02    6.4415681043E-01
    9.7800100000E-01    4.3514043999E-02    6.4475852151E-01
    9.7900100000E-01    4.1557041999E-02    6.4536348612E-01
    9.8000100000E-01    3.9598039999E-02    6.4597173213E-01
    9.8100100000E-01    3.7637037999E-02    6.4658328773E-01
    9.8200100000E-01    3.5674035999E-02    6.4719818148E-01
    9.8300100000E-01    3.3709033999E-02    6.4781644227E-01
    9.8400100000E-01    3.1742031999E-02    6.4843809933E-01
    9.8500100000E-01    2.9773029999E-02    6.4906318229E-01
    9.8600100000E-01    2.7802027999E-02    6.4969172109E-01
    9.8700100000E-01    2.5829025999E-02    6.5032374609E-01
    9.8800100000E-01    2.3854023999E-02    6.5095928799E-01
    9.8900100000E-01    2.1877021999E-02    6.5159837790E-01
    9.9000100000E-01    1.9898019999E-02    6.5224104729E-01
    9.9100100000E-01    1.7917017999E-02    6.5288732805E-01
    9.9200100000E-01    1.5934015999E-02    6.5353725245E-01
    9.9300100000E-01    1.3949013999E-02    6.5419085318E-01
    9.9400100000E-01    1.1962011999E-02    6.5484816333E-01
    9.9500100000E-01    9.9730099990E-03    6.5550921643E-01
    9.9600100000E-01    7.9820079990E-03    6.5617404641E-01
    9.9700100000E-01    5.9890059990E-03    6.5684268767E-01
    9.9800100000E-01    3.9940039990E-03    6.5751517502E-01
    9.9900100000E-01    1.9970019990E-03    6.5819154372E-01
    1.0000010000E+00   -2.0000010017E-06    6.5887182951E-01
