    0.0000000000E+00    1.0000000000E+00    1.5000000000E+00    3.9968086368E-01
    5.0000000000E-02    9.7102638304E-01    1.4275659576E+00    3.9183558594E-01
    1.0000000000E-01    9.4325988001E-01    1.3581497000E+00    3.8409786556E-01
    1.5000000000E-01    9.1667248048E-01    1.2916812012E+00    3.7646791897E-01
    2.0000000000E-01    8.9123050860E-01    1.2280762715E+00    3.6894499115E-01
    2.5000000000E-01    8.6689083260E-01    1.1672270815E+00    3.6152582495E-01
    3.0000000000E-01    8.4361509895E-01    1.1090377474E+00    3.5420865765E-01
    3.5000000000E-01    8.2136571822E-01    1.0534142956E+00    3.4699201287E-01
    4.0000000000E-01    8.0009943387E-01    1.0002485847E+00    3.3987244981E-01
    4.5000000000E-01    7.7978104984E-01    9.4945262459E-01    3.3284898517E-01
    5.0000000000E-01    7.6037661609E-01    9.0094154023E-01    3.2592096160E-01
    5.5000000000E-01    7.4184161737E-01    8.5460404343E-01    3.1908361900E-01
    6.0000000000E-01    7.2414036691E-01    8.1035091728E-01    3.1233487250E-01
    6.5000000000E-01    7.0724454604E-01    7.6811136511E-01    3.0567516010E-01
    7.0000000000E-01    6.9111677386E-01    7.2779193464E-01    2.9910106603E-01
    7.5000000000E-01    6.7572725572E-01    6.8931813931E-01    2.9261173568E-01
    8.0000000000E-01    6.6104343225E-01    6.5260858061E-01    2.8620475396E-01
    8.5000000000E-01    6.4703927308E-01    6.1759818269E-01    2.7988009467E-01
    9.0000000000E-01    6.3368608845E-01    5.8421522112E-01    2.7363621198E-01
    9.5000000000E-01    6.2095362798E-01    5.5238406995E-01    2.6747030402E-01
    1.0000000000E+00    6.0881761920E-01    5.2204404799E-01    2.6138188838E-01
    1.0500000000E+00    5.9725828354E-01    4.9314570886E-01    2.5537244845E-01
    1.1000000000E+00    5.8624473529E-01    4.6561183822E-01    2.4943738955E-01
    1.1500000000E+00    5.7575759435E-01    4.3939398588E-01    2.4357753658E-01
    1.2000000000E+00    5.6577573887E-01    4.1443934717E-01    2.3779250352E-01
    1.2500000000E+00    5.5627476573E-01    3.9068691433E-01    2.3207955279E-01
    1.3000000000E+00    5.4723912930E-01    3.6809782326E-01    2.2644067415E-01
    1.3500000000E+00    5.3864753475E-01    3.4661883688E-01    2.2087412322E-01
    1.4000000000E+00    5.3048058932E-01    3.2620147329E-01    2.1537879762E-01
    1.4500000000E+00    5.2272049417E-01    3.0680123542E-01    2.0995416506E-01
    1.5000000000E+00    5.1535077659E-01    2.8837694149E-01    2.0460019423E-01
    1.5500000000E+00    5.0835460713E-01    2.7088651784E-01    1.9931621527E-01
    1.6000000000E+00    5.0171650064E-01    2.5429125161E-01    1.9410211085E-01
    1.6500000000E+00    4.9542083887E-01    2.3855209718E-01    1.8895725873E-01
    1.7000000000E+00    4.8945215072E-01    2.2363037681E-01    1.8388067514E-01
    1.7500000000E+00    4.8379742139E-01    2.0949355348E-01    1.7887294263E-01
    1.8000000000E+00    4.7844251308E-01    1.9610628270E-01    1.7393334152E-01
    1.8500000000E+00    4.7337366781E-01    1.8343416953E-01    1.6906098833E-01
    1.9000000000E+00    4.6857924682E-01    1.7144811704E-01    1.6425649889E-01
    1.9500000000E+00    4.6404689618E-01    1.6011724044E-01    1.5951946556E-01
    2.0000000000E+00    4.5976468452E-01    1.4941171129E-01    1.5484943906E-01
    2.0500000000E+00    4.5572178317E-01    1.3930445791E-01    1.5024667495E-01
    2.1000000000E+00    4.5190652197E-01    1.2976630492E-01    1.4571009314E-01
    2.1500000000E+00    4.4830901406E-01    1.2077253514E-01    1.4124010381E-01
    2.2000000000E+00    4.4491970245E-01    1.1229925612E-01    1.3683716063E-01
    2.2500000000E+00    4.4172766030E-01    1.0431915074E-01    1.3249959158E-01
    2.3000000000E+00    4.3872489033E-01    9.6812225825E-02    1.2822890579E-01
    2.3500000000E+00    4.3590175127E-01    8.9754378175E-02    1.2402412752E-01
    2.4000000000E+00    4.3324973577E-01    8.3124339416E-02    1.1988529466E-01
    2.4500000000E+00    4.3076032664E-01    7.6900816595E-02    1.1581196603E-01
    2.5000000000E+00    4.2842623648E-01    7.1065591211E-02    1.1180510717E-01
    2.5500000000E+00    4.2623937831E-01    6.5598445767E-02    1.0786403919E-01
    2.6000000000E+00    4.2419223642E-01    6.0480591039E-02    1.0398845307E-01
    2.6500000000E+00    4.2227819414E-01    5.5695485350E-02    1.0017912579E-01
    2.7000000000E+00    4.2049008946E-01    5.1225223655E-02    9.6435419566E-02
    2.7500000000E+00    4.1882155269E-01    4.7053881714E-02    9.2757640132E-02
    2.8000000000E+00    4.1726613667E-01    4.3165341664E-02    8.9145451933E-02
    2.8500000000E+00    4.1581813294E-01    3.9545332351E-02    8.5599546983E-02
    2.9000000000E+00    4.1447151496E-01    3.6178787392E-02    8.2119451801E-02
    2.9500000000E+00    4.1322083437E-01    3.3052085918E-02    7.8705439612E-02
    3.0000000000E+00    4.1206085613E-01    3.0152140322E-02    7.5357806463E-02
    3.0500000000E+00    4.1098631034E-01    2.7465775847E-02    7.2076208785E-02
    3.1000000000E+00    4.0999241218E-01    2.4981030456E-02    6.8861004717E-02
    3.1500000000E+00    4.0907449252E-01    2.2686231300E-02    6.5712348135E-02
    3.2000000000E+00    4.0822809669E-01    2.0570241726E-02    6.2630461616E-02
    3.2500000000E+00    4.0744885825E-01    1.8622145624E-02    5.9615241716E-02
    3.3000000000E+00    4.0673273683E-01    1.6831842068E-02    5.6667040664E-02
    3.3500000000E+00    4.0607580667E-01    1.5189516669E-02    5.3786016561E-02
    3.4000000000E+00    4.0547435596E-01    1.3685889911E-02    5.0972493409E-02
    3.4500000000E+00    4.0492475841E-01    1.2311896022E-02    4.8226476553E-02
    3.5000000000E+00    4.0442365771E-01    1.1059144284E-02    4.5548419264E-02
    3.5500000000E+00    4.0396779639E-01    9.9194909780E-03    4.2938554321E-02
    3.6000000000E+00    4.0355406315E-01    8.8851578792E-03    4.0397083875E-02
    3.6500000000E+00    4.0317952615E-01    7.9488153681E-03    3.7924378588E-02
    3.7000000000E+00    4.0284138617E-01    7.1034654135E-03    3.5520780943E-02
    3.7500000000E+00    4.0253698524E-01    6.3424630951E-03    3.3186671742E-02
    3.8000000000E+00    4.0226380212E-01    5.6595053056E-03    3.0922476710E-02
    3.8500000000E+00    4.0201943614E-01    5.0485903596E-03    2.8728587124E-02
    3.9000000000E+00    4.0180162344E-01    4.5040585878E-03    2.6605501043E-02
    3.9500000000E+00    4.0160821400E-01    4.0205350097E-03    2.4553694585E-02
    4.0000000000E+00    4.0143718315E-01    3.5929578740E-03    2.2573745610E-02
    4.0500000000E+00    4.0128661726E-01    3.2165431494E-03    2.0666260819E-02
    4.1000000000E+00    4.0115471303E-01    2.8867825812E-03    1.8831906495E-02
    4.1500000000E+00    4.0103977178E-01    2.5994294494E-03    1.7071394685E-02
    4.2000000000E+00    4.0094019895E-01    2.3504973649E-03    1.5385526825E-02
    4.2500000000E+00    4.0085449866E-01    2.1362466441E-03    1.3775187459E-02
    4.3000000000E+00    4.0078127022E-01    1.9531755464E-03    1.2241358361E-02
    4.3500000000E+00    4.0071920386E-01    1.7980096525E-03    1.0785121748E-02
    4.4000000000E+00    4.0066707950E-01    1.6676987412E-03    9.4077172027E-03
    4.4500000000E+00    4.0062376103E-01    1.5594025872E-03    8.1105311028E-03
    4.5000000000E+00    4.0058819467E-01    1.4704866810E-03    6.8951614490E-03
    4.5500000000E+00    4.0055940492E-01    1.3985123022E-03    5.7634542319E-03
    4.6000000000E+00    4.0053649143E-01    1.3412285747E-03    4.7175700960E-03
    4.6500000000E+00    4.0051862600E-01    1.2965650101E-03    3.7600850945E-03
    4.7000000000E+00    4.0050504951E-01    1.2626237838E-03    2.8941372474E-03
    4.7500000000E+00    4.0049506851E-01    1.2376712707E-03    2.1236414751E-03
    4.8000000000E+00    4.0048805209E-01    1.2201302339E-03    1.4536618695E-03
    4.8500000000E+00    4.0048342854E-01    1.2085713420E-03    8.9108374696E-04
    4.9000000000E+00    4.0048068138E-01    1.2017034540E-03    4.4600446432E-04
    4.9500000000E+00    4.0047934431E-01    1.1983607683E-03    1.3535078253E-04
