    1.0000000000E-06    1.0000000000E+00    6.4095088588E-01
    1.0010000000E-03    9.9999936730E-01    6.4095095540E-01
    2.0010000000E-03    9.9999747170E-01    6.4095116368E-01
    3.0010000000E-03    9.9999431323E-01    6.4095151073E-01
    4.0010000000E-03    9.9998989185E-01    6.4095199654E-01
    5.0010000000E-03    9.9998420758E-01    6.4095262112E-01
    6.0010000000E-03    9.9997726040E-01    6.4095338446E-01
    7.0010000000E-03    9.9996905030E-01    6.4095428658E-01
    8.0010000000E-03    9.9995957726E-01    6.4095532748E-01
    9.0010000000E-03    9.9994884128E-01    6.4095650716E-01
    1.0001000000E-02    9.9993684234E-01    6.4095782562E-01
    1.1001000000E-02    9.9992358042E-01    6.4095928287E-01
    1.2001000000E-02    9.9990905550E-01    6.4096087893E-01
    1.3001000000E-02    9.9989326755E-01    6.4096261378E-01
    1.4001000000E-02    9.9987621656E-01    6.4096448745E-01
    1.5001000000E-02    9.9985790250E-01    6.4096649993E-01
    1.6001000000E-02    9.9983832534E-01    6.4096865124E-01
    1.7001000000E-02    9.9981748504E-01    6.4097094139E-01
    1.8001000000E-02    9.9979538159E-01    6.4097337038E-01
    1.9001000000E-02    9.9977201494E-01    6.4097593823E-01
    2.0001000000E-02    9.9974738505E-01    6.4097864494E-01
    2.1001000000E-02    9.9972149191E-01    6.4098149053E-01
    2.2001000000E-02    9.9969433545E-01    6.4098447501E-01
    2.3001000000E-02    9.9966591565E-01    6.4098759839E-01
    2.4001000000E-02    9.9963623245E-01    6.4099086068E-01
    2.5001000000E-02    9.9960528582E-01    6.4099426190E-01
    2.6001000000E-02    9.9957307570E-01    6.4099780206E-01
    2.7001000000E-02    9.9953960206E-01    6.4100148118E-01
    2.8001000000E-02    9.9950486483E-01    6.4100529927E-01
    2.9001000000E-02    9.9946886396E-01    6.4100925635E-01
    3.0001000000E-02    9.9943159940E-01    6.4101335243E-01
    3.1001000000E-02    9.9939307110E-01    6.4101758753E-01
    3.2001000000E-02    9.9935327899E-01    6.4102196166E-01
    3.3001000000E-02    9.9931222301E-01    6.4102647486E-01
    3.4001000000E-02    9.9926990311E-01    6.4103112713E-01
    3.5001000000E-02    9.9922631921E-01    6.4103591849E-01
    3.6001000000E-02    9.9918147125E-01    6.4104084896E-01
    3.7001000000E-02    9.9913535917E-01    6.4104591857E-01
    3.8001000000E-02    9.9908798289E-01    6.4105112734E-01
    3.9001000000E-02    9.9903934234E-01    6.4105647528E-01
    4.0001000000E-02    9.9898943745E-01    6.4106196242E-01
    4.1001000000E-02    9.9893826813E-01    6.4106758878E-01
    4.2001000000E-02    9.9888583432E-01    6.4107335438E-01
    4.3001000000E-02    9.9883213594E-01    6.4107925925E-01
    4.4001000000E-02    9.9877717289E-01    6.4108530342E-01
    4.5001000000E-02    9.9872094510E-01    6.4109148690E-01
    4.6001000000E-02    9.9866345249E-01    6.4109780973E-01
    4.7001000000E-02    9.9860469496E-01    6.4110427193E-01
    4.8001000000E-02    9.9854467242E-01    6.4111087352E-01
    4.9001000000E-02    9.9848338479E-01    6.4111761454E-01
    5.0001000000E-02    9.9842083196E-01    6.4112449500E-01
    5.1001000000E-02    9.9835701385E-01    6.4113151495E-01
    5.2001000000E-02    9.9829193036E-01    6.4113867441E-01
    5.3001000000E-02    9.9822558139E-01    6.4114597340E-01
    5.4001000000E-02    9.9815796684E-01    6.4115341197E-01
    5.5001000000E-02    9.9808908659E-01    6.4116099013E-01
    5.6001000000E-02    9.9801894056E-01    6.4116870793E-01
    5.7001000000E-02    9.9794752863E-01    6.4117656539E-01
    5.8001000000E-02    9.9787485069E-01    6.4118456254E-01
    5.9001000000E-02    9.9780090663E-01    6.4119269943E-01
    6.0001000000E-02    9.9772569634E-01    6.4120097607E-01
    6.1001000000E-02    9.9764921970E-01    6.4120939252E-01
    6.2001000000E-02    9.9757147660E-01    6.4121794879E-01
    6.3001000000E-02    9.9749246692E-01    6.4122664493E-01
    6.4001000000E-02    9.9741219053E-01    6.4123548098E-01
    6.5001000000E-02    9.9733064732E-01    6.4124445697E-01
    6.6001000000E-02    9.9724783715E-01    6.4125357293E-01
    6.7001000000E-02    9.9716375991E-01    6.4126282891E-01
    6.8001000000E-02    9.9707841546E-01    6.4127222494E-01
    6.9001000000E-02    9.9699180367E-01    6.4128176107E-01
    7.0001000000E-02    9.9690392442E-01    6.4129143733E-01
    7.1001000000E-02    9.9681477755E-01    6.4130125376E-01
    7.2001000000E-02    9.9672436295E-01    6.4131121040E-01
    7.3001000000E-02    9.9663268047E-01    6.4132130730E-01
    7.4001000000E-02    9.9653972996E-01    6.4133154450E-01
    7.5001000000E-02    9.9644551129E-01    6.4134192203E-01
    7.6001000000E-02    9.9635002431E-01    6.4135243995E-01
    7.7001000000E-02    9.9625326888E-01    6.4136309830E-01
    7.8001000000E-02    9.9615524484E-01    6.4137389711E-01
    7.9001000000E-02    9.9605595204E-01    6.4138483645E-01
    8.0001000000E-02    9.9595539034E-01    6.4139591634E-01
    8.1001000000E-02    9.9585355957E-01    6.4140713684E-01
    8.2001000000E-02    9.9575045959E-01    6.4141849799E-01
    8.3001000000E-02    9.9564609023E-01    6.4142999985E-01
    8.4001000000E-02    9.9554045133E-01    6.4144164246E-01
    8.5001000000E-02    9.9543354272E-01    6.4145342586E-01
    8.6001000000E-02    9.9532536425E-01    6.4146535011E-01
    8.7001000000E-02    9.9521591574E-01    6.4147741526E-01
    8.8001000000E-02    9.9510519704E-01    6.4148962136E-01
    8.9001000000E-02    9.9499320796E-01    6.4150196845E-01
    9.0001000000E-02    9.9487994833E-01    6.4151445660E-01
    9.1001000000E-02    9.9476541798E-01    6.4152708584E-01
    9.2001000000E-02    9.9464961673E-01    6.4153985624E-01
    9.3001000000E-02    9.9453254440E-01    6.4155276785E-01
    9.4001000000E-02    9.9441420081E-01    6.4156582073E-01
    9.5001000000E-02    9.9429458578E-01    6.4157901492E-01
    9.6001000000E-02    9.9417369913E-01    6.4159235048E-01
    9.7001000000E-02    9.9405154065E-01    6.4160582747E-01
    9.8001000000E-02    9.9392811018E-01    6.4161944594E-01
    9.9001000000E-02    9.9380340750E-01    6.4163320595E-01
    1.0000100000E-01    9.9367743244E-01    6.4164710757E-01
    1.0100100000E-01    9.9355018479E-01    6.4166115084E-01
    1.0200100000E-01    9.9342166436E-01    6.4167533582E-01
    1.0300100000E-01    9.9329187095E-01    6.4168966259E-01
    1.0400100000E-01    9.9316080435E-01    6.4170413118E-01
    1.0500100000E-01    9.9302846436E-01    6.4171874168E-01
    1.0600100000E-01    9.9289485078E-01    6.4173349413E-01
    1.0700100000E-01    9.9275996339E-01    6.4174838860E-01
    1.0800100000E-01    9.9262380200E-01    6.4176342515E-01
    1.0900100000E-01    9.9248636637E-01    6.4177860385E-01
    1.1000100000E-01    9.9234765631E-01    6.4179392476E-01
    1.1100100000E-01    9.9220767159E-01    6.4180938794E-01
    1.1200100000E-01    9.9206641200E-01    6.4182499346E-01
    1.1300100000E-01    9.9192387731E-01    6.4184074138E-01
    1.1400100000E-01    9.9178006730E-01    6.4185663177E-01
    1.1500100000E-01    9.9163498175E-01    6.4187266470E-01
    1.1600100000E-01    9.9148862043E-01    6.4188884024E-01
    1.1700100000E-01    9.9134098311E-01    6.4190515845E-01
    1.1800100000E-01    9.9119206955E-01    6.4192161940E-01
    1.1900100000E-01    9.9104187954E-01    6.4193822316E-01
    1.2000100000E-01    9.9089041282E-01    6.4195496980E-01
    1.2100100000E-01    9.9073766916E-01    6.4197185939E-01
    1.2200100000E-01    9.9058364833E-01    6.4198889201E-01
    1.2300100000E-01    9.9042835007E-01    6.4200606772E-01
    1.2400100000E-01    9.9027177416E-01    6.4202338660E-01
    1.2500100000E-01    9.9011392033E-01    6.4204084872E-01
    1.2600100000E-01    9.8995478834E-01    6.4205845415E-01
    1.2700100000E-01    9.8979437794E-01    6.4207620298E-01
    1.2800100000E-01    9.8963268888E-01    6.4209409526E-01
    1.2900100000E-01    9.8946972090E-01    6.4211213109E-01
    1.3000100000E-01    9.8930547375E-01    6.4213031053E-01
    1.3100100000E-01    9.8913994716E-01    6.4214863367E-01
    1.3200100000E-01    9.8897314087E-01    6.4216710057E-01
    1.3300100000E-01    9.8880505463E-01    6.4218571133E-01
    1.3400100000E-01    9.8863568815E-01    6.4220446601E-01
    1.3500100000E-01    9.8846504119E-01    6.4222336470E-01
    1.3600100000E-01    9.8829311346E-01    6.4224240748E-01
    1.3700100000E-01    9.8811990469E-01    6.4226159442E-01
    1.3800100000E-01    9.8794541461E-01    6.4228092562E-01
    1.3900100000E-01    9.8776964294E-01    6.4230040115E-01
    1.4000100000E-01    9.8759258940E-01    6.4232002109E-01
    1.4100100000E-01    9.8741425371E-01    6.4233978553E-01
    1.4200100000E-01    9.8723463558E-01    6.4235969455E-01
    1.4300100000E-01    9.8705373474E-01    6.4237974824E-01
    1.4400100000E-01    9.8687155088E-01    6.4239994669E-01
    1.4500100000E-01    9.8668808373E-01    6.4242028997E-01
    1.4600100000E-01    9.8650333299E-01    6.4244077817E-01
    1.4700100000E-01    9.8631729836E-01    6.4246141139E-01
    1.4800100000E-01    9.8612997954E-01    6.4248218971E-01
    1.4900100000E-01    9.8594137624E-01    6.4250311322E-01
    1.5000100000E-01    9.8575148816E-01    6.4252418201E-01
    1.5100100000E-01    9.8556031498E-01    6.4254539617E-01
    1.5200100000E-01    9.8536785641E-01    6.4256675579E-01
    1.5300100000E-01    9.8517411214E-01    6.4258826096E-01
    1.5400100000E-01    9.8497908185E-01    6.4260991177E-01
    1.5500100000E-01    9.8478276522E-01    6.4263170831E-01
    1.5600100000E-01    9.8458516196E-01    6.4265365069E-01
    1.5700100000E-01    9.8438627173E-01    6.4267573899E-01
    1.5800100000E-01    9.8418609421E-01    6.4269797330E-01
    1.5900100000E-01    9.8398462909E-01    6.4272035373E-01
    1.6000100000E-01    9.8378187604E-01    6.4274288037E-01
    1.6100100000E-01    9.8357783473E-01    6.4276555331E-01
    1.6200100000E-01    9.8337250484E-01    6.4278837266E-01
    1.6300100000E-01    9.8316588602E-01    6.4281133851E-01
    1.6400100000E-01    9.8295797795E-01    6.4283445096E-01
    1.6500100000E-01    9.8274878029E-01    6.4285771010E-01
    1.6600100000E-01    9.8253829270E-01    6.4288111605E-01
    1.6700100000E-01    9.8232651483E-01    6.4290466890E-01
    1.6800100000E-01    9.8211344635E-01    6.4292836875E-01
    1.6900100000E-01    9.8189908691E-01    6.4295221570E-01
    1.7000100000E-01    9.8168343616E-01    6.4297620986E-01
    1.7100100000E-01    9.8146649375E-01    6.4300035133E-01
    1.7200100000E-01    9.8124825933E-01    6.4302464021E-01
    1.7300100000E-01    9.8102873253E-01    6.4304907662E-01
    1.7400100000E-01    9.8080791300E-01    6.4307366065E-01
    1.7500100000E-01    9.8058580039E-01    6.4309839241E-01
    1.7600100000E-01    9.8036239432E-01    6.4312327201E-01
    1.7700100000E-01    9.8013769444E-01    6.4314829956E-01
    1.7800100000E-01    9.7991170037E-01    6.4317347516E-01
    1.7900100000E-01    9.7968441174E-01    6.4319879892E-01
    1.8000100000E-01    9.7945582818E-01    6.4322427096E-01
    1.8100100000E-01    9.7922594932E-01    6.4324989139E-01
    1.8200100000E-01    9.7899477478E-01    6.4327566030E-01
    1.8300100000E-01    9.7876230417E-01    6.4330157783E-01
    1.8400100000E-01    9.7852853712E-01    6.4332764408E-01
    1.8500100000E-01    9.7829347324E-01    6.4335385916E-01
    1.8600100000E-01    9.7805711214E-01    6.4338022319E-01
    1.8700100000E-01    9.7781945343E-01    6.4340673628E-01
    1.8800100000E-01    9.7758049672E-01    6.4343339854E-01
    1.8900100000E-01    9.7734024161E-01    6.4346021011E-01
    1.9000100000E-01    9.7709868770E-01    6.4348717108E-01
    1.9100100000E-01    9.7685583461E-01    6.4351428158E-01
    1.9200100000E-01    9.7661168191E-01    6.4354154174E-01
    1.9300100000E-01    9.7636622921E-01    6.4356895165E-01
    1.9400100000E-01    9.7611947610E-01    6.4359651146E-01
    1.9500100000E-01    9.7587142217E-01    6.4362422127E-01
    1.9600100000E-01    9.7562206700E-01    6.4365208121E-01
    1.9700100000E-01    9.7537141018E-01    6.4368009139E-01
    1.9800100000E-01    9.7511945129E-01    6.4370825196E-01
    1.9900100000E-01    9.7486618991E-01    6.4373656302E-01
    2.0000100000E-01    9.7461162562E-01    6.4376502470E-01
    2.0100100000E-01    9.7435575799E-01    6.4379363712E-01
    2.0200100000E-01    9.7409858658E-01    6.4382240042E-01
    2.0300100000E-01    9.7384011098E-01    6.4385131472E-01
    2.0400100000E-01    9.7358033075E-01    6.4388038014E-01
    2.0500100000E-01    9.7331924544E-01    6.4390959682E-01
    2.0600100000E-01    9.7305685463E-01    6.4393896488E-01
    2.0700100000E-01    9.7279315786E-01    6.4396848445E-01
    2.0800100000E-01    9.7252815470E-01    6.4399815566E-01
    2.0900100000E-01    9.7226184469E-01    6.4402797864E-01
    2.1000100000E-01    9.7199422739E-01    6.4405795353E-01
    2.1100100000E-01    9.7172530234E-01    6.4408808046E-01
    2.1200100000E-01    9.7145506909E-01    6.4411835956E-01
    2.1300100000E-01    9.7118352718E-01    6.4414879097E-01
    2.1400100000E-01    9.7091067615E-01    6.4417937481E-01
    2.1500100000E-01    9.7063651554E-01    6.4421011123E-01
    2.1600100000E-01    9.7036104487E-01    6.4424100036E-01
    2.1700100000E-01    9.7008426369E-01    6.4427204234E-01
    2.1800100000E-01    9.6980617151E-01    6.4430323730E-01
    2.1900100000E-01    9.6952676787E-01    6.4433458539E-01
    2.2000100000E-01    9.6924605229E-01    6.4436608675E-01
    2.2100100000E-01    9.6896402428E-01    6.4439774151E-01
    2.2200100000E-01    9.6868068336E-01    6.4442954982E-01
    2.2300100000E-01    9.6839602906E-01    6.4446151181E-01
    2.2400100000E-01    9.6811006087E-01    6.4449362764E-01
    2.2500100000E-01    9.6782277832E-01    6.4452589744E-01
    2.2600100000E-01    9.6753418089E-01    6.4455832135E-01
    2.2700100000E-01    9.6724426811E-01    6.4459089953E-01
    2.2800100000E-01    9.6695303946E-01    6.4462363212E-01
    2.2900100000E-01    9.6666049445E-01    6.4465651927E-01
    2.3000100000E-01    9.6636663257E-01    6.4468956111E-01
    2.3100100000E-01    9.6607145331E-01    6.4472275781E-01
    2.3200100000E-01    9.6577495616E-01    6.4475610951E-01
    2.3300100000E-01    9.6547714060E-01    6.4478961636E-01
    2.3400100000E-01    9.6517800612E-01    6.4482327851E-01
    2.3500100000E-01    9.6487755221E-01    6.4485709611E-01
    2.3600100000E-01    9.6457577832E-01    6.4489106931E-01
    2.3700100000E-01    9.6427268395E-01    6.4492519827E-01
    2.3800100000E-01    9.6396826856E-01    6.4495948314E-01
    2.3900100000E-01    9.6366253162E-01    6.4499392408E-01
    2.4000100000E-01    9.6335547259E-01    6.4502852123E-01
    2.4100100000E-01    9.6304709094E-01    6.4506327477E-01
    2.4200100000E-01    9.6273738612E-01    6.4509818484E-01
    2.4300100000E-01    9.6242635760E-01    6.4513325160E-01
    2.4400100000E-01    9.6211400483E-01    6.4516847521E-01
    2.4500100000E-01    9.6180032725E-01    6.4520385584E-01
    2.4600100000E-01    9.6148532431E-01    6.4523939363E-01
    2.4700100000E-01    9.6116899546E-01    6.4527508876E-01
    2.4800100000E-01    9.6085134014E-01    6.4531094138E-01
    2.4900100000E-01    9.6053235779E-01    6.4534695166E-01
    2.5000100000E-01    9.6021204784E-01    6.4538311976E-01
    2.5100100000E-01    9.5989040972E-01    6.4541944585E-01
    2.5200100000E-01    9.5956744287E-01    6.4545593009E-01
    2.5300100000E-01    9.5924314670E-01    6.4549257265E-01
    2.5400100000E-01    9.5891752065E-01    6.4552937369E-01
    2.5500100000E-01    9.5859056412E-01    6.4556633339E-01
    2.5600100000E-01    9.5826227654E-01    6.4560345191E-01
    2.5700100000E-01    9.5793265733E-01    6.4564072943E-01
    2.5800100000E-01    9.5760170588E-01    6.4567816610E-01
    2.5900100000E-01    9.5726942161E-01    6.4571576212E-01
    2.6000100000E-01    9.5693580392E-01    6.4575351764E-01
    2.6100100000E-01    9.5660085221E-01    6.4579143284E-01
    2.6200100000E-01    9.5626456588E-01    6.4582950789E-01
    2.6300100000E-01    9.5592694432E-01    6.4586774298E-01
    2.6400100000E-01    9.5558798692E-01    6.4590613827E-01
    2.6500100000E-01    9.5524769308E-01    6.4594469395E-01
    2.6600100000E-01    9.5490606217E-01    6.4598341019E-01
    2.6700100000E-01    9.5456309357E-01    6.4602228717E-01
    2.6800100000E-01    9.5421878667E-01    6.4606132506E-01
    2.6900100000E-01    9.5387314083E-01    6.4610052406E-01
    2.7000100000E-01    9.5352615544E-01    6.4613988434E-01
    2.7100100000E-01    9.5317782985E-01    6.4617940608E-01
    2.7200100000E-01    9.5282816343E-01    6.4621908947E-01
    2.7300100000E-01    9.5247715554E-01    6.4625893469E-01
    2.7400100000E-01    9.5212480555E-01    6.4629894192E-01
    2.7500100000E-01    9.5177111279E-01    6.4633911136E-01
    2.7600100000E-01    9.5141607663E-01    6.4637944319E-01
    2.7700100000E-01    9.5105969641E-01    6.4641993759E-01
    2.7800100000E-01    9.5070197148E-01    6.4646059476E-01
    2.7900100000E-01    9.5034290118E-01    6.4650141488E-01
    2.8000100000E-01    9.4998248483E-01    6.4654239815E-01
    2.8100100000E-01    9.4962072179E-01    6.4658354476E-01
    2.8200100000E-01    9.4925761137E-01    6.4662485490E-01
    2.8300100000E-01    9.4889315291E-01    6.4666632876E-01
    2.8400100000E-01    9.4852734572E-01    6.4670796654E-01
    2.8500100000E-01    9.4816018914E-01    6.4674976843E-01
    2.8600100000E-01    9.4779168246E-01    6.4679173462E-01
    2.8700100000E-01    9.4742182501E-01    6.4683386533E-01
    2.8800100000E-01    9.4705061610E-01    6.4687616074E-01
    2.8900100000E-01    9.4667805502E-01    6.4691862105E-01
    2.9000100000E-01    9.4630414109E-01    6.4696124647E-01
    2.9100100000E-01    9.4592887360E-01    6.4700403719E-01
    2.9200100000E-01    9.4555225184E-01    6.4704699342E-01
    2.9300100000E-01    9.4517427511E-01    6.4709011536E-01
    2.9400100000E-01    9.4479494269E-01    6.4713340321E-01
    2.9500100000E-01    9.4441425387E-01    6.4717685719E-01
    2.9600100000E-01    9.4403220792E-01    6.4722047748E-01
    2.9700100000E-01    9.4364880413E-01    6.4726426431E-01
    2.9800100000E-01    9.4326404176E-01    6.4730821788E-01
    2.9900100000E-01    9.4287792009E-01    6.4735233840E-01
    3.0000100000E-01    9.4249043837E-01    6.4739662607E-01
    3.0100100000E-01    9.4210159588E-01    6.4744108112E-01
    3.0200100000E-01    9.4171139186E-01    6.4748570375E-01
    3.0300100000E-01    9.4131982558E-01    6.4753049417E-01
    3.0400100000E-01    9.4092689627E-01    6.4757545260E-01
    3.0500100000E-01    9.4053260320E-01    6.4762057926E-01
    3.0600100000E-01    9.4013694559E-01    6.4766587435E-01
    3.0700100000E-01    9.3973992269E-01    6.4771133810E-01
    3.0800100000E-01    9.3934153373E-01    6.4775697073E-01
    3.0900100000E-01    9.3894177795E-01    6.4780277245E-01
    3.1000100000E-01    9.3854065456E-01    6.4784874348E-01
    3.1100100000E-01    9.3813816280E-01    6.4789488405E-01
    3.1200100000E-01    9.3773430188E-01    6.4794119438E-01
    3.1300100000E-01    9.3732907101E-01    6.4798767468E-01
    3.1400100000E-01    9.3692246941E-01    6.4803432520E-01
    3.1500100000E-01    9.3651449629E-01    6.4808114614E-01
    3.1600100000E-01    9.3610515083E-01    6.4812813774E-01
    3.1700100000E-01    9.3569443226E-01    6.4817530023E-01
    3.1800100000E-01    9.3528233975E-01    6.4822263383E-01
    3.1900100000E-01    9.3486887250E-01    6.4827013877E-01
    3.2000100000E-01    9.3445402969E-01    6.4831781528E-01
    3.2100100000E-01    9.3403781052E-01    6.4836566360E-01
    3.2200100000E-01    9.3362021415E-01    6.4841368396E-01
    3.2300100000E-01    9.3320123976E-01    6.4846187659E-01
    3.2400100000E-01    9.3278088652E-01    6.4851024173E-01
    3.2500100000E-01    9.3235915360E-01    6.4855877961E-01
    3.2600100000E-01    9.3193604016E-01    6.4860749047E-01
    3.2700100000E-01    9.3151154535E-01    6.4865637455E-01
    3.2800100000E-01    9.3108566832E-01    6.4870543210E-01
    3.2900100000E-01    9.3065840824E-01    6.4875466333E-01
    3.3000100000E-01    9.3022976423E-01    6.4880406852E-01
    3.3100100000E-01    9.2979973545E-01    6.4885364788E-01
    3.3200100000E-01    9.2936832102E-01    6.4890340167E-01
    3.3300100000E-01    9.2893552008E-01    6.4895333014E-01
    3.3400100000E-01    9.2850133175E-01    6.4900343352E-01
    3.3500100000E-01    9.2806575517E-01    6.4905371207E-01
    3.3600100000E-01    9.2762878943E-01    6.4910416604E-01
    3.3700100000E-01    9.2719043367E-01    6.4915479567E-01
    3.3800100000E-01    9.2675068699E-01    6.4920560121E-01
    3.3900100000E-01    9.2630954849E-01    6.4925658293E-01
    3.4000100000E-01    9.2586701728E-01    6.4930774106E-01
    3.4100100000E-01    9.2542309245E-01    6.4935907587E-01
    3.4200100000E-01    9.2497777308E-01    6.4941058761E-01
    3.4300100000E-01    9.2453105828E-01    6.4946227653E-01
    3.4400100000E-01    9.2408294712E-01    6.4951414290E-01
    3.4500100000E-01    9.2363343867E-01    6.4956618698E-01
    3.4600100000E-01    9.2318253202E-01    6.4961840901E-01
    3.4700100000E-01    9.2273022623E-01    6.4967080928E-01
    3.4800100000E-01    9.2227652036E-01    6.4972338803E-01
    3.4900100000E-01    9.2182141347E-01    6.4977614553E-01
    3.5000100000E-01    9.2136490462E-01    6.4982908205E-01
    3.5100100000E-01    9.2090699285E-01    6.4988219785E-01
    3.5200100000E-01    9.2044767721E-01    6.4993549321E-01
    3.5300100000E-01    9.1998695675E-01    6.4998896838E-01
    3.5400100000E-01    9.1952483049E-01    6.5004262364E-01
    3.5500100000E-01    9.1906129746E-01    6.5009645926E-01
    3.5600100000E-01    9.1859635670E-01    6.5015047551E-01
    3.5700100000E-01    9.1813000721E-01    6.5020467267E-01
    3.5800100000E-01    9.1766224803E-01    6.5025905101E-01
    3.5900100000E-01    9.1719307815E-01    6.5031361081E-01
    3.6000100000E-01    9.1672249659E-01    6.5036835234E-01
    3.6100100000E-01    9.1625050234E-01    6.5042327588E-01
    3.6200100000E-01    9.1577709440E-01    6.5047838171E-01
    3.6300100000E-01    9.1530227176E-01    6.5053367012E-01
    3.6400100000E-01    9.1482603341E-01    6.5058914139E-01
    3.6500100000E-01    9.1434837832E-01    6.5064479579E-01
    3.6600100000E-01    9.1386930548E-01    6.5070063363E-01
    3.6700100000E-01    9.1338881385E-01    6.5075665517E-01
    3.6800100000E-01    9.1290690239E-01    6.5081286071E-01
    3.6900100000E-01    9.1242357008E-01    6.5086925054E-01
    3.7000100000E-01    9.1193881585E-01    6.5092582494E-01
    3.7100100000E-01    9.1145263867E-01    6.5098258422E-01
    3.7200100000E-01    9.1096503748E-01    6.5103952865E-01
    3.7300100000E-01    9.1047601121E-01    6.5109665855E-01
    3.7400100000E-01    9.0998555879E-01    6.5115397420E-01
    3.7500100000E-01    9.0949367917E-01    6.5121147589E-01
    3.7600100000E-01    9.0900037125E-01    6.5126916393E-01
    3.7700100000E-01    9.0850563396E-01    6.5132703862E-01
    3.7800100000E-01    9.0800946621E-01    6.5138510026E-01
    3.7900100000E-01    9.0751186690E-01    6.5144334914E-01
    3.8000100000E-01    9.0701283494E-01    6.5150178558E-01
    3.8100100000E-01    9.0651236923E-01    6.5156040988E-01
    3.8200100000E-01    9.0601046864E-01    6.5161922235E-01
    3.8300100000E-01    9.0550713207E-01    6.5167822328E-01
    3.8400100000E-01    9.0500235839E-01    6.5173741300E-01
    3.8500100000E-01    9.0449614649E-01    6.5179679181E-01
    3.8600100000E-01    9.0398849522E-01    6.5185636002E-01
    3.8700100000E-01    9.0347940344E-01    6.5191611796E-01
    3.8800100000E-01    9.0296887002E-01    6.5197606592E-01
    3.8900100000E-01    9.0245689380E-01    6.5203620424E-01
    3.9000100000E-01    9.0194347363E-01    6.5209653322E-01
    3.9100100000E-01    9.0142860834E-01    6.5215705318E-01
    3.9200100000E-01    9.0091229678E-01    6.5221776445E-01
    3.9300100000E-01    9.0039453776E-01    6.5227866735E-01
    3.9400100000E-01    8.9987533010E-01    6.5233976220E-01
    3.9500100000E-01    8.9935467263E-01    6.5240104933E-01
    3.9600100000E-01    8.9883256415E-01    6.5246252906E-01
    3.9700100000E-01    8.9830900346E-01    6.5252420172E-01
    3.9800100000E-01    8.9778398937E-01    6.5258606765E-01
    3.9900100000E-01    8.9725752065E-01    6.5264812716E-01
    4.0000100000E-01    8.9672959610E-01    6.5271038059E-01
    4.0100100000E-01    8.9620021449E-01    6.5277282828E-01
    4.0200100000E-01    8.9566937460E-01    6.5283547057E-01
    4.0300100000E-01    8.9513707520E-01    6.5289830778E-01
    4.0400100000E-01    8.9460331503E-01    6.5296134026E-01
    4.0500100000E-01    8.9406809287E-01    6.5302456835E-01
    4.0600100000E-01    8.9353140744E-01    6.5308799239E-01
    4.0700100000E-01    8.9299325750E-01    6.5315161271E-01
    4.0800100000E-01    8.9245364178E-01    6.5321542968E-01
    4.0900100000E-01    8.9191255901E-01    6.5327944362E-01
    4.1000100000E-01    8.9137000790E-01    6.5334365490E-01
    4.1100100000E-01    8.9082598718E-01    6.5340806385E-01
    4.1200100000E-01    8.9028049554E-01    6.5347267084E-01
    4.1300100000E-01    8.8973353171E-01    6.5353747621E-01
    4.1400100000E-01    8.8918509436E-01    6.5360248031E-01
    4.1500100000E-01    8.8863518219E-01    6.5366768350E-01
    4.1600100000E-01    8.8808379387E-01    6.5373308614E-01
    4.1700100000E-01    8.8753092810E-01    6.5379868859E-01
    4.1800100000E-01    8.8697658352E-01    6.5386449121E-01
    4.1900100000E-01    8.8642075881E-01    6.5393049436E-01
    4.2000100000E-01    8.8586345262E-01    6.5399669840E-01
    4.2100100000E-01    8.8530466360E-01    6.5406310370E-01
    4.2200100000E-01    8.8474439038E-01    6.5412971063E-01
    4.2300100000E-01    8.8418263161E-01    6.5419651955E-01
    4.2400100000E-01    8.8361938591E-01    6.5426353083E-01
    4.2500100000E-01    8.8305465189E-01    6.5433074485E-01
    4.2600100000E-01    8.8248842818E-01    6.5439816198E-01
    4.2700100000E-01    8.8192071337E-01    6.5446578260E-01
    4.2800100000E-01    8.8135150607E-01    6.5453360708E-01
    4.2900100000E-01    8.8078080487E-01    6.5460163580E-01
    4.3000100000E-01    8.8020860835E-01    6.5466986914E-01
    4.3100100000E-01    8.7963491508E-01    6.5473830749E-01
    4.3200100000E-01    8.7905972364E-01    6.5480695122E-01
    4.3300100000E-01    8.7848303259E-01    6.5487580073E-01
    4.3400100000E-01    8.7790484049E-01    6.5494485640E-01
    4.3500100000E-01    8.7732514587E-01    6.5501411862E-01
    4.3600100000E-01    8.7674394728E-01    6.5508358778E-01
    4.3700100000E-01    8.7616124326E-01    6.5515326427E-01
    4.3800100000E-01    8.7557703232E-01    6.5522314849E-01
    4.3900100000E-01    8.7499131298E-01    6.5529324084E-01
    4.4000100000E-01    8.7440408375E-01    6.5536354171E-01
    4.4100100000E-01    8.7381534314E-01    6.5543405150E-01
    4.4200100000E-01    8.7322508963E-01    6.5550477062E-01
    4.4300100000E-01    8.7263332172E-01    6.5557569946E-01
    4.4400100000E-01    8.7204003787E-01    6.5564683843E-01
    4.4500100000E-01    8.7144523656E-01    6.5571818795E-01
    4.4600100000E-01    8.7084891625E-01    6.5578974842E-01
    4.4700100000E-01    8.7025107539E-01    6.5586152024E-01
    4.4800100000E-01    8.6965171243E-01    6.5593350384E-01
    4.4900100000E-01    8.6905082581E-01    6.5600569963E-01
    4.5000100000E-01    8.6844841395E-01    6.5607810802E-01
    4.5100100000E-01    8.6784447528E-01    6.5615072943E-01
    4.5200100000E-01    8.6723900821E-01    6.5622356429E-01
    4.5300100000E-01    8.6663201114E-01    6.5629661301E-01
    4.5400100000E-01    8.6602348247E-01    6.5636987602E-01
    4.5500100000E-01    8.6541342059E-01    6.5644335375E-01
    4.5600100000E-01    8.6480182387E-01    6.5651704662E-01
    4.5700100000E-01    8.6418869069E-01    6.5659095507E-01
    4.5800100000E-01    8.6357401940E-01    6.5666507952E-01
    4.5900100000E-01    8.6295780836E-01    6.5673942041E-01
    4.6000100000E-01    8.6234005592E-01    6.5681397818E-01
    4.6100100000E-01    8.6172076040E-01    6.5688875326E-01
    4.6200100000E-01    8.6109992015E-01    6.5696374610E-01
    4.6300100000E-01    8.6047753346E-01    6.5703895713E-01
    4.6400100000E-01    8.5985359866E-01    6.5711438681E-01
    4.6500100000E-01    8.5922811404E-01    6.5719003557E-01
    4.6600100000E-01    8.5860107790E-01    6.5726590386E-01
    4.6700100000E-01    8.5797248850E-01    6.5734199214E-01
    4.6800100000E-01    8.5734234414E-01    6.5741830086E-01
    4.6900100000E-01    8.5671064307E-01    6.5749483047E-01
    4.7000100000E-01    8.5607738354E-01    6.5757158142E-01
    4.7100100000E-01    8.5544256380E-01    6.5764855419E-01
    4.7200100000E-01    8.5480618208E-01    6.5772574922E-01
    4.7300100000E-01    8.5416823662E-01    6.5780316698E-01
    4.7400100000E-01    8.5352872561E-01    6.5788080793E-01
    4.7500100000E-01    8.5288764729E-01    6.5795867255E-01
    4.7600100000E-01    8.5224499982E-01    6.5803676130E-01
    4.7700100000E-01    8.5160078142E-01    6.5811507465E-01
    4.7800100000E-01    8.5095499025E-01    6.5819361308E-01
    4.7900100000E-01    8.5030762448E-01    6.5827237706E-01
    4.8000100000E-01    8.4965868226E-01    6.5835136707E-01
    4.8100100000E-01    8.4900816175E-01    6.5843058359E-01
    4.8200100000E-01    8.4835606109E-01    6.5851002711E-01
    4.8300100000E-01    8.4770237839E-01    6.5858969810E-01
    4.8400100000E-01    8.4704711178E-01    6.5866959706E-01
    4.8500100000E-01    8.4639025937E-01    6.5874972447E-01
    4.8600100000E-01    8.4573181924E-01    6.5883008082E-01
    4.8700100000E-01    8.4507178950E-01    6.5891066662E-01
    4.8800100000E-01    8.4441016820E-01    6.5899148235E-01
    4.8900100000E-01    8.4374695342E-01    6.5907252851E-01
    4.9000100000E-01    8.4308214321E-01    6.5915380561E-01
    4.9100100000E-01    8.4241573562E-01    6.5923531414E-01
    4.9200100000E-01    8.4174772867E-01    6.5931705462E-01
    4.9300100000E-01    8.4107812040E-01    6.5939902755E-01
    4.9400100000E-01    8.4040690881E-01    6.5948123343E-01
    4.9500100000E-01    8.3973409190E-01    6.5956367279E-01
    4.9600100000E-01    8.3905966766E-01    6.5964634614E-01
    4.9700100000E-01    8.3838363407E-01    6.5972925400E-01
    4.9800100000E-01    8.3770598909E-01    6.5981239687E-01
    4.9900100000E-01    8.3702673069E-01    6.5989577530E-01
    5.0000100000E-01    8.3634585680E-01    6.5997938980E-01
    5.0100100000E-01    8.3566336536E-01    6.6006324089E-01
    5.0200100000E-01    8.3497925429E-01    6.6014732912E-01
    5.0300100000E-01    8.3429352150E-01    6.6023165501E-01
    5.0400100000E-01    8.3360616489E-01    6.6031621909E-01
    5.0500100000E-01    8.3291718234E-01    6.6040102190E-01
    5.0600100000E-01    8.3222657173E-01    6.6048606398E-01
    5.0700100000E-01    8.3153433093E-01    6.6057134588E-01
    5.0800100000E-01    8.3084045777E-01    6.6065686814E-01
    5.0900100000E-01    8.3014495010E-01    6.6074263131E-01
    5.1000100000E-01    8.2944780574E-01    6.6082863593E-01
    5.1100100000E-01    8.2874902252E-01    6.6091488256E-01
    5.1200100000E-01    8.2804859823E-01    6.6100137175E-01
    5.1300100000E-01    8.2734653065E-01    6.6108810406E-01
    5.1400100000E-01    8.2664281757E-01    6.6117508006E-01
    5.1500100000E-01    8.2593745676E-01    6.6126230030E-01
    5.1600100000E-01    8.2523044595E-01    6.6134976536E-01
    5.1700100000E-01    8.2452178289E-01    6.6143747579E-01
    5.1800100000E-01    8.2381146531E-01    6.6152543217E-01
    5.1900100000E-01    8.2309949092E-01    6.6161363508E-01
    5.2000100000E-01    8.2238585741E-01    6.6170208509E-01
    5.2100100000E-01    8.2167056247E-01    6.6179078278E-01
    5.2200100000E-01    8.2095360379E-01    6.6187972874E-01
    5.2300100000E-01    8.2023497900E-01    6.6196892354E-01
    5.2400100000E-01    8.1951468577E-01    6.6205836777E-01
    5.2500100000E-01    8.1879272173E-01    6.6214806204E-01
    5.2600100000E-01    8.1806908448E-01    6.6223800692E-01
    5.2700100000E-01    8.1734377165E-01    6.6232820302E-01
    5.2800100000E-01    8.1661678081E-01    6.6241865094E-01
    5.2900100000E-01    8.1588810955E-01    6.6250935127E-01
    5.3000100000E-01    8.1515775543E-01    6.6260030463E-01
    5.3100100000E-01    8.1442571599E-01    6.6269151161E-01
    5.3200100000E-01    8.1369198878E-01    6.6278297284E-01
    5.3300100000E-01    8.1295657132E-01    6.6287468892E-01
    5.3400100000E-01    8.1221946110E-01    6.6296666047E-01
    5.3500100000E-01    8.1148065562E-01    6.6305888812E-01
    5.3600100000E-01    8.1074015236E-01    6.6315137248E-01
    5.3700100000E-01    8.0999794877E-01    6.6324411418E-01
    5.3800100000E-01    8.0925404231E-01    6.6333711385E-01
    5.3900100000E-01    8.0850843041E-01    6.6343037211E-01
    5.4000100000E-01    8.0776111048E-01    6.6352388962E-01
    5.4100100000E-01    8.0701207992E-01    6.6361766700E-01
    5.4200100000E-01    8.0626133612E-01    6.6371170489E-01
    5.4300100000E-01    8.0550887645E-01    6.6380600394E-01
    5.4400100000E-01    8.0475469827E-01    6.6390056480E-01
    5.4500100000E-01    8.0399879891E-01    6.6399538811E-01
    5.4600100000E-01    8.0324117569E-01    6.6409047454E-01
    5.4700100000E-01    8.0248182592E-01    6.6418582474E-01
    5.4800100000E-01    8.0172074690E-01    6.6428143936E-01
    5.4900100000E-01    8.0095793590E-01    6.6437731907E-01
    5.5000100000E-01    8.0019339017E-01    6.6447346455E-01
    5.5100100000E-01    7.9942710696E-01    6.6456987645E-01
    5.5200100000E-01    7.9865908349E-01    6.6466655545E-01
    5.5300100000E-01    7.9788931697E-01    6.6476350224E-01
    5.5400100000E-01    7.9711780459E-01    6.6486071748E-01
    5.5500100000E-01    7.9634454353E-01    6.6495820186E-01
    5.5600100000E-01    7.9556953094E-01    6.6505595608E-01
    5.5700100000E-01    7.9479276396E-01    6.6515398081E-01
    5.5800100000E-01    7.9401423972E-01    6.6525227675E-01
    5.5900100000E-01    7.9323395531E-01    6.6535084461E-01
    5.6000100000E-01    7.9245190784E-01    6.6544968507E-01
    5.6100100000E-01    7.9166809436E-01    6.6554879885E-01
    5.6200100000E-01    7.9088251192E-01    6.6564818665E-01
    5.6300100000E-01    7.9009515757E-01    6.6574784918E-01
    5.6400100000E-01    7.8930602831E-01    6.6584778716E-01
    5.6500100000E-01    7.8851512114E-01    6.6594800131E-01
    5.6600100000E-01    7.8772243304E-01    6.6604849235E-01
    5.6700100000E-01    7.8692796096E-01    6.6614926099E-01
    5.6800100000E-01    7.8613170186E-01    6.6625030798E-01
    5.6900100000E-01    7.8533365264E-01    6.6635163405E-01
    5.7000100000E-01    7.8453381022E-01    6.6645323992E-01
    5.7100100000E-01    7.8373217146E-01    6.6655512635E-01
    5.7200100000E-01    7.8292873324E-01    6.6665729408E-01
    5.7300100000E-01    7.8212349240E-01    6.6675974384E-01
    5.7400100000E-01    7.8131644577E-01    6.6686247640E-01
    5.7500100000E-01    7.8050759014E-01    6.6696549251E-01
    5.7600100000E-01    7.7969692229E-01    6.6706879293E-01
    5.7700100000E-01    7.7888443900E-01    6.6717237843E-01
    5.7800100000E-01    7.7807013701E-01    6.6727624976E-01
    5.7900100000E-01    7.7725401303E-01    6.6738040770E-01
    5.8000100000E-01    7.7643606376E-01    6.6748485302E-01
    5.8100100000E-01    7.7561628590E-01    6.6758958651E-01
    5.8200100000E-01    7.7479467609E-01    6.6769460894E-01
    5.8300100000E-01    7.7397123097E-01    6.6779992111E-01
    5.8400100000E-01    7.7314594716E-01    6.6790552379E-01
    5.8500100000E-01    7.7231882125E-01    6.6801141780E-01
    5.8600100000E-01    7.7148984982E-01    6.6811760392E-01
    5.8700100000E-01    7.7065902941E-01    6.6822408296E-01
    5.8800100000E-01    7.6982635655E-01    6.6833085573E-01
    5.8900100000E-01    7.6899182775E-01    6.6843792303E-01
    5.9000100000E-01    7.6815543949E-01    6.6854528569E-01
    5.9100100000E-01    7.6731718823E-01    6.6865294452E-01
    5.9200100000E-01    7.6647707041E-01    6.6876090034E-01
    5.9300100000E-01    7.6563508243E-01    6.6886915400E-01
    5.9400100000E-01    7.6479122069E-01    6.6897770630E-01
    5.9500100000E-01    7.6394548156E-01    6.6908655811E-01
    5.9600100000E-01    7.6309786137E-01    6.6919571024E-01
    5.9700100000E-01    7.6224835645E-01    6.6930516356E-01
    5.9800100000E-01    7.6139696309E-01    6.6941491891E-01
    5.9900100000E-01    7.6054367755E-01    6.6952497715E-01
    6.0000100000E-01    7.5968849609E-01    6.6963533913E-01
    6.0100100000E-01    7.5883141492E-01    6.6974600571E-01
    6.0200100000E-01    7.5797243024E-01    6.6985697777E-01
    6.0300100000E-01    7.5711153821E-01    6.6996825618E-01
    6.0400100000E-01    7.5624873498E-01    6.7007984182E-01
    6.0500100000E-01    7.5538401667E-01    6.7019173556E-01
    6.0600100000E-01    7.5451737936E-01    6.7030393830E-01
    6.0700100000E-01    7.5364881913E-01    6.7041645092E-01
    6.0800100000E-01    7.5277833201E-01    6.7052927432E-01
    6.0900100000E-01    7.5190591401E-01    6.7064240940E-01
    6.1000100000E-01    7.5103156112E-01    6.7075585706E-01
    6.1100100000E-01    7.5015526929E-01    6.7086961823E-01
    6.1200100000E-01    7.4927703446E-01    6.7098369381E-01
    6.1300100000E-01    7.4839685253E-01    6.7109808471E-01
    6.1400100000E-01    7.4751471937E-01    6.7121279188E-01
    6.1500100000E-01    7.4663063083E-01    6.7132781623E-01
    6.1600100000E-01    7.4574458272E-01    6.7144315870E-01
    6.1700100000E-01    7.4485657084E-01    6.7155882023E-01
    6.1800100000E-01    7.4396659093E-01    6.7167480177E-01
    6.1900100000E-01    7.4307463874E-01    6.7179110427E-01
    6.2000100000E-01    7.4218070997E-01    6.7190772867E-01
    6.2100100000E-01    7.4128480028E-01    6.7202467595E-01
    6.2200100000E-01    7.4038690531E-01    6.7214194706E-01
    6.2300100000E-01    7.3948702067E-01    6.7225954299E-01
    6.2400100000E-01    7.3858514195E-01    6.7237746469E-01
    6.2500100000E-01    7.3768126469E-01    6.7249571316E-01
    6.2600100000E-01    7.3677538441E-01    6.7261428938E-01
    6.2700100000E-01    7.3586749659E-01    6.7273319435E-01
    6.2800100000E-01    7.3495759669E-01    6.7285242906E-01
    6.2900100000E-01    7.3404568013E-01    6.7297199451E-01
    6.3000100000E-01    7.3313174229E-01    6.7309189171E-01
    6.3100100000E-01    7.3221577854E-01    6.7321212168E-01
    6.3200100000E-01    7.3129778419E-01    6.7333268544E-01
    6.3300100000E-01    7.3037775453E-01    6.7345358401E-01
    6.3400100000E-01    7.2945568483E-01    6.7357481842E-01
    6.3500100000E-01    7.2853157029E-01    6.7369638970E-01
    6.3600100000E-01    7.2760540612E-01    6.7381829891E-01
    6.3700100000E-01    7.2667718745E-01    6.7394054709E-01
    6.3800100000E-01    7.2574690941E-01    6.7406313529E-01
    6.3900100000E-01    7.2481456707E-01    6.7418606458E-01
    6.4000100000E-01    7.2388015549E-01    6.7430933601E-01
    6.4100100000E-01    7.2294366968E-01    6.7443295066E-01
    6.4200100000E-01    7.2200510460E-01    6.7455690961E-01
    6.4300100000E-01    7.2106445519E-01    6.7468121394E-01
    6.4400100000E-01    7.2012171635E-01    6.7480586474E-01
    6.4500100000E-01    7.1917688294E-01    6.7493086311E-01
    6.4600100000E-01    7.1822994979E-01    6.7505621015E-01
    6.4700100000E-01    7.1728091167E-01    6.7518190696E-01
    6.4800100000E-01    7.1632976335E-01    6.7530795466E-01
    6.4900100000E-01    7.1537649951E-01    6.7543435438E-01
    6.5000100000E-01    7.1442111484E-01    6.7556110724E-01
    6.5100100000E-01    7.1346360395E-01    6.7568821437E-01
    6.5200100000E-01    7.1250396144E-01    6.7581567691E-01
    6.5300100000E-01    7.1154218185E-01    6.7594349601E-01
    6.5400100000E-01    7.1057825969E-01    6.7607167283E-01
    6.5500100000E-01    7.0961218941E-01    6.7620020851E-01
    6.5600100000E-01    7.0864396545E-01    6.7632910424E-01
    6.5700100000E-01    7.0767358218E-01    6.7645836117E-01
    6.5800100000E-01    7.0670103393E-01    6.7658798050E-01
    6.5900100000E-01    7.0572631500E-01    6.7671796341E-01
    6.6000100000E-01    7.0474941964E-01    6.7684831108E-01
    6.6100100000E-01    7.0377034206E-01    6.7697902473E-01
    6.6200100000E-01    7.0278907640E-01    6.7711010556E-01
    6.6300100000E-01    7.0180561680E-01    6.7724155478E-01
    6.6400100000E-01    7.0081995731E-01    6.7737337361E-01
    6.6500100000E-01    6.9983209197E-01    6.7750556329E-01
    6.6600100000E-01    6.9884201474E-01    6.7763812504E-01
    6.6700100000E-01    6.9784971956E-01    6.7777106011E-01
    6.6800100000E-01    6.9685520031E-01    6.7790436976E-01
    6.6900100000E-01    6.9585845082E-01    6.7803805524E-01
    6.7000100000E-01    6.9485946488E-01    6.7817211780E-01
    6.7100100000E-01    6.9385823622E-01    6.7830655874E-01
    6.7200100000E-01    6.9285475853E-01    6.7844137932E-01
    6.7300100000E-01    6.9184902545E-01    6.7857658083E-01
    6.7400100000E-01    6.9084103056E-01    6.7871216457E-01
    6.7500100000E-01    6.8983076739E-01    6.7884813184E-01
    6.7600100000E-01    6.8881822943E-01    6.7898448395E-01
    6.7700100000E-01    6.8780341011E-01    6.7912122221E-01
    6.7800100000E-01    6.8678630280E-01    6.7925834797E-01
    6.7900100000E-01    6.8576690083E-01    6.7939586254E-01
    6.8000100000E-01    6.8474519746E-01    6.7953376727E-01
    6.8100100000E-01    6.8372118591E-01    6.7967206352E-01
    6.8200100000E-01    6.8269485934E-01    6.7981075263E-01
    6.8300100000E-01    6.8166621085E-01    6.7994983598E-01
    6.8400100000E-01    6.8063523349E-01    6.8008931494E-01
    6.8500100000E-01    6.7960192024E-01    6.8022919089E-01
    6.8600100000E-01    6.7856626403E-01    6.8036946523E-01
    6.8700100000E-01    6.7752825775E-01    6.8051013935E-01
    6.8800100000E-01    6.7648789420E-01    6.8065121466E-01
    6.8900100000E-01    6.7544516613E-01    6.8079269259E-01
    6.9000100000E-01    6.7440006623E-01    6.8093457454E-01
    6.9100100000E-01    6.7335258715E-01    6.8107686197E-01
    6.9200100000E-01    6.7230272144E-01    6.8121955631E-01
    6.9300100000E-01    6.7125046161E-01    6.8136265901E-01
    6.9400100000E-01    6.7019580011E-01    6.8150617154E-01
    6.9500100000E-01    6.6913872931E-01    6.8165009536E-01
    6.9600100000E-01    6.6807924153E-01    6.8179443196E-01
    6.9700100000E-01    6.6701732902E-01    6.8193918282E-01
    6.9800100000E-01    6.6595298396E-01    6.8208434944E-01
    6.9900100000E-01    6.6488619846E-01    6.8222993332E-01
    7.0000100000E-01    6.6381696456E-01    6.8237593599E-01
    7.0100100000E-01    6.6274527426E-01    6.8252235897E-01
    7.0200100000E-01    6.6167111945E-01    6.8266920379E-01
    7.0300100000E-01    6.6059449198E-01    6.8281647199E-01
    7.0400100000E-01    6.5951538360E-01    6.8296416514E-01
    7.0500100000E-01    6.5843378602E-01    6.8311228480E-01
    7.0600100000E-01    6.5734969085E-01    6.8326083254E-01
    7.0700100000E-01    6.5626308964E-01    6.8340980995E-01
    7.0800100000E-01    6.5517397387E-01    6.8355921861E-01
    7.0900100000E-01    6.5408233492E-01    6.8370906014E-01
    7.1000100000E-01    6.5298816413E-01    6.8385933615E-01
    7.1100100000E-01    6.5189145273E-01    6.8401004826E-01
    7.1200100000E-01    6.5079219189E-01    6.8416119811E-01
    7.1300100000E-01    6.4969037269E-01    6.8431278735E-01
    7.1400100000E-01    6.4858598614E-01    6.8446481762E-01
    7.1500100000E-01    6.4747902316E-01    6.8461729061E-01
    7.1600100000E-01    6.4636947458E-01    6.8477020798E-01
    7.1700100000E-01    6.4525733118E-01    6.8492357143E-01
    7.1800100000E-01    6.4414258360E-01    6.8507738266E-01
    7.1900100000E-01    6.4302522246E-01    6.8523164337E-01
    7.2000100000E-01    6.4190523823E-01    6.8538635529E-01
    7.2100100000E-01    6.4078262134E-01    6.8554152015E-01
    7.2200100000E-01    6.3965736211E-01    6.8569713969E-01
    7.2300100000E-01    6.3852945078E-01    6.8585321568E-01
    7.2400100000E-01    6.3739887747E-01    6.8600974987E-01
    7.2500100000E-01    6.3626563225E-01    6.8616674406E-01
    7.2600100000E-01    6.3512970507E-01    6.8632420002E-01
    7.2700100000E-01    6.3399108579E-01    6.8648211957E-01
    7.2800100000E-01    6.3284976417E-01    6.8664050451E-01
    7.2900100000E-01    6.3170572989E-01    6.8679935668E-01
    7.3000100000E-01    6.3055897250E-01    6.8695867791E-01
    7.3100100000E-01    6.2940948149E-01    6.8711847005E-01
    7.3200100000E-01    6.2825724622E-01    6.8727873498E-01
    7.3300100000E-01    6.2710225596E-01    6.8743947455E-01
    7.3400100000E-01    6.2594449986E-01    6.8760069067E-01
    7.3500100000E-01    6.2478396699E-01    6.8776238524E-01
    7.3600100000E-01    6.2362064630E-01    6.8792456016E-01
    7.3700100000E-01    6.2245452662E-01    6.8808721737E-01
    7.3800100000E-01    6.2128559669E-01    6.8825035881E-01
    7.3900100000E-01    6.2011384513E-01    6.8841398644E-01
    7.4000100000E-01    6.1893926046E-01    6.8857810221E-01
    7.4100100000E-01    6.1776183106E-01    6.8874270811E-01
    7.4200100000E-01    6.1658154521E-01    6.8890780613E-01
    7.4300100000E-01    6.1539839108E-01    6.8907339829E-01
    7.4400100000E-01    6.1421235672E-01    6.8923948660E-01
    7.4500100000E-01    6.1302343003E-01    6.8940607310E-01
    7.4600100000E-01    6.1183159884E-01    6.8957315984E-01
    7.4700100000E-01    6.1063685080E-01    6.8974074888E-01
    7.4800100000E-01    6.0943917348E-01    6.8990884231E-01
    7.4900100000E-01    6.0823855429E-01    6.9007744222E-01
    7.5000100000E-01    6.0703498054E-01    6.9024655070E-01
    7.5100100000E-01    6.0582843938E-01    6.9041616990E-01
    7.5200100000E-01    6.0461891785E-01    6.9058630194E-01
    7.5300100000E-01    6.0340640284E-01    6.9075694897E-01
    7.5400100000E-01    6.0219088112E-01    6.9092811318E-01
    7.5500100000E-01    6.0097233931E-01    6.9109979673E-01
    7.5600100000E-01    5.9975076388E-01    6.9127200183E-01
    7.5700100000E-01    5.9852614117E-01    6.9144473069E-01
    7.5800100000E-01    5.9729845738E-01    6.9161798554E-01
    7.5900100000E-01    5.9606769855E-01    6.9179176863E-01
    7.6000100000E-01    5.9483385058E-01    6.9196608223E-01
    7.6100100000E-01    5.9359689921E-01    6.9214092861E-01
    7.6200100000E-01    5.9235683004E-01    6.9231631006E-01
    7.6300100000E-01    5.9111362851E-01    6.9249222890E-01
    7.6400100000E-01    5.8986727989E-01    6.9266868746E-01
    7.6500100000E-01    5.8861776930E-01    6.9284568808E-01
    7.6600100000E-01    5.8736508170E-01    6.9302323313E-01
    7.6700100000E-01    5.8610920187E-01    6.9320132498E-01
    7.6800100000E-01    5.8485011443E-01    6.9337996604E-01
    7.6900100000E-01    5.8358780385E-01    6.9355915872E-01
    7.7000100000E-01    5.8232225439E-01    6.9373890546E-01
    7.7100100000E-01    5.8105345016E-01    6.9391920870E-01
    7.7200100000E-01    5.7978137508E-01    6.9410007091E-01
    7.7300100000E-01    5.7850601289E-01    6.9428149459E-01
    7.7400100000E-01    5.7722734716E-01    6.9446348224E-01
    7.7500100000E-01    5.7594536126E-01    6.9464603638E-01
    7.7600100000E-01    5.7466003836E-01    6.9482915957E-01
    7.7700100000E-01    5.7337136145E-01    6.9501285435E-01
    7.7800100000E-01    5.7207931334E-01    6.9519712333E-01
    7.7900100000E-01    5.7078387661E-01    6.9538196909E-01
    7.8000100000E-01    5.6948503365E-01    6.9556739427E-01
    7.8100100000E-01    5.6818276665E-01    6.9575340150E-01
    7.8200100000E-01    5.6687705758E-01    6.9593999345E-01
    7.8300100000E-01    5.6556788822E-01    6.9612717279E-01
    7.8400100000E-01    5.6425524010E-01    6.9631494225E-01
    7.8500100000E-01    5.6293909457E-01    6.9650330453E-01
    7.8600100000E-01    5.6161943272E-01    6.9669226238E-01
    7.8700100000E-01    5.6029623543E-01    6.9688181858E-01
    7.8800100000E-01    5.5896948336E-01    6.9707197591E-01
    7.8900100000E-01    5.5763915692E-01    6.9726273718E-01
    7.9000100000E-01    5.5630523629E-01    6.9745410523E-01
    7.9100100000E-01    5.5496770140E-01    6.9764608290E-01
    7.9200100000E-01    5.5362653194E-01    6.9783867308E-01
    7.9300100000E-01    5.5228170736E-01    6.9803187866E-01
    7.9400100000E-01    5.5093320682E-01    6.9822570257E-01
    7.9500100000E-01    5.4958100926E-01    6.9842014776E-01
    7.9600100000E-01    5.4822509334E-01    6.9861521720E-01
    7.9700100000E-01    5.4686543745E-01    6.9881091387E-01
    7.9800100000E-01    5.4550201970E-01    6.9900724080E-01
    7.9900100000E-01    5.4413481795E-01    6.9920420103E-01
    8.0000100000E-01    5.4276380975E-01    6.9940179762E-01
    8.0100100000E-01    5.4138897237E-01    6.9960003367E-01
    8.0200100000E-01    5.4001028279E-01    6.9979891230E-01
    8.0300100000E-01    5.3862771769E-01    6.9999843664E-01
    8.0400100000E-01    5.3724125345E-01    7.0019860986E-01
    8.0500100000E-01    5.3585086614E-01    7.0039943516E-01
    8.0600100000E-01    5.3445653151E-01    7.0060091576E-01
    8.0700100000E-01    5.3305822500E-01    7.0080305491E-01
    8.0800100000E-01    5.3165592170E-01    7.0100585587E-01
    8.0900100000E-01    5.3024959641E-01    7.0120932196E-01
    8.1000100000E-01    5.2883922356E-01    7.0141345649E-01
    8.1100100000E-01    5.2742477723E-01    7.0161826283E-01
    8.1200100000E-01    5.2600623118E-01    7.0182374436E-01
    8.1300100000E-01    5.2458355879E-01    7.0202990449E-01
    8.1400100000E-01    5.2315673307E-01    7.0223674667E-01
    8.1500100000E-01    5.2172572668E-01    7.0244427437E-01
    8.1600100000E-01    5.2029051189E-01    7.0265249109E-01
    8.1700100000E-01    5.1885106058E-01    7.0286140035E-01
    8.1800100000E-01    5.1740734424E-01    7.0307100573E-01
    8.1900100000E-01    5.1595933397E-01    7.0328131082E-01
    8.2000100000E-01    5.1450700044E-01    7.0349231923E-01
    8.2100100000E-01    5.1305031393E-01    7.0370403463E-01
    8.2200100000E-01    5.1158924427E-01    7.0391646069E-01
    8.2300100000E-01    5.1012376086E-01    7.0412960115E-01
    8.2400100000E-01    5.0865383268E-01    7.0434345974E-01
    8.2500100000E-01    5.0717942824E-01    7.0455804026E-01
    8.2600100000E-01    5.0570051559E-01    7.0477334653E-01
    8.2700100000E-01    5.0421706231E-01    7.0498938239E-01
    8.2800100000E-01    5.0272903552E-01    7.0520615173E-01
    8.2900100000E-01    5.0123640182E-01    7.0542365847E-01
    8.3000100000E-01    4.9973912734E-01    7.0564190657E-01
    8.3100100000E-01    4.9823717767E-01    7.0586090003E-01
    8.3200100000E-01    4.9673051792E-01    7.0608064286E-01
    8.3300100000E-01    4.9521911263E-01    7.0630113913E-01
    8.3400100000E-01    4.9370292582E-01    7.0652239295E-01
    8.3500100000E-01    4.9218192095E-01    7.0674440846E-01
    8.3600100000E-01    4.9065606092E-01    7.0696718983E-01
    8.3700100000E-01    4.8912530803E-01    7.0719074127E-01
    8.3800100000E-01    4.8758962402E-01    7.0741506704E-01
    8.3900100000E-01    4.8604897000E-01    7.0764017144E-01
    8.4000100000E-01    4.8450330649E-01    7.0786605880E-01
    8.4100100000E-01    4.8295259335E-01    7.0809273350E-01
    8.4200100000E-01    4.8139678982E-01    7.0832019995E-01
    8.4300100000E-01    4.7983585446E-01    7.0854846260E-01
    8.4400100000E-01    4.7826974519E-01    7.0877752596E-01
    8.4500100000E-01    4.7669841919E-01    7.0900739458E-01
    8.4600100000E-01    4.7512183298E-01    7.0923807303E-01
    8.4700100000E-01    4.7353994234E-01    7.0946956595E-01
    8.4800100000E-01    4.7195270231E-01    7.0970187801E-01
    8.4900100000E-01    4.7036006719E-01    7.0993501393E-01
    8.5000100000E-01    4.6876199048E-01    7.1016897848E-01
    8.5100100000E-01    4.6715842493E-01    7.1040377648E-01
    8.5200100000E-01    4.6554932243E-01    7.1063941277E-01
    8.5300100000E-01    4.6393463409E-01    7.1087589227E-01
    8.5400100000E-01    4.6231431015E-01    7.1111321993E-01
    8.5500100000E-01    4.6068829996E-01    7.1135140077E-01
    8.5600100000E-01    4.5905655201E-01    7.1159043982E-01
    8.5700100000E-01    4.5741901387E-01    7.1183034221E-01
    8.5800100000E-01    4.5577563216E-01    7.1207111308E-01
    8.5900100000E-01    4.5412635256E-01    7.1231275765E-01
    8.6000100000E-01    4.5247111976E-01    7.1255528118E-01
    8.6100100000E-01    4.5080987745E-01    7.1279868898E-01
    8.6200100000E-01    4.4914256826E-01    7.1304298643E-01
    8.6300100000E-01    4.4746913380E-01    7.1328817895E-01
    8.6400100000E-01    4.4578951456E-01    7.1353427201E-01
    8.6500100000E-01    4.4410364994E-01    7.1378127117E-01
    8.6600100000E-01    4.4241147817E-01    7.1402918202E-01
    8.6700100000E-01    4.4071293633E-01    7.1427801021E-01
    8.6800100000E-01    4.3900796028E-01    7.1452776146E-01
    8.6900100000E-01    4.3729648464E-01    7.1477844153E-01
    8.7000100000E-01    4.3557844278E-01    7.1503005628E-01
    8.7100100000E-01    4.3385376672E-01    7.1528261160E-01
    8.7200100000E-01    4.3212238719E-01    7.1553611345E-01
    8.7300100000E-01    4.3038423351E-01    7.1579056785E-01
    8.7400100000E-01    4.2863923359E-01    7.1604598091E-01
    8.7500100000E-01    4.2688731387E-01    7.1630235878E-01
    8.7600100000E-01    4.2512839932E-01    7.1655970768E-01
    8.7700100000E-01    4.2336241334E-01    7.1681803392E-01
    8.7800100000E-01    4.2158927777E-01    7.1707734385E-01
    8.7900100000E-01    4.1980891279E-01    7.1733764392E-01
    8.8000100000E-01    4.1802123692E-01    7.1759894062E-01
    8.8100100000E-01    4.1622616695E-01    7.1786124055E-01
    8.8200100000E-01    4.1442361789E-01    7.1812455035E-01
    8.8300100000E-01    4.1261350291E-01    7.1838887676E-01
    8.8400100000E-01    4.1079573330E-01    7.1865422659E-01
    8.8500100000E-01    4.0897021839E-01    7.1892060672E-01
    8.8600100000E-01    4.0713686551E-01    7.1918802412E-01
    8.8700100000E-01    4.0529557994E-01    7.1945648583E-01
    8.8800100000E-01    4.0344626480E-01    7.1972599899E-01
    8.8900100000E-01    4.0158882102E-01    7.1999657081E-01
    8.9000100000E-01    3.9972314727E-01    7.2026820859E-01
    8.9100100000E-01    3.9784913986E-01    7.2054091972E-01
    8.9200100000E-01    3.9596669268E-01    7.2081471166E-01
    8.9300100000E-01    3.9407569714E-01    7.2108959198E-01
    8.9400100000E-01    3.9217604205E-01    7.2136556834E-01
    8.9500100000E-01    3.9026761356E-01    7.2164264849E-01
    8.9600100000E-01    3.8835029506E-01    7.2192084027E-01
    8.9700100000E-01    3.8642396711E-01    7.2220015162E-01
    8.9800100000E-01    3.8448850728E-01    7.2248059058E-01
    8.9900100000E-01    3.8254379012E-01    7.2276216529E-01
    9.0000100000E-01    3.8058968703E-01    7.2304488399E-01
    9.0100100000E-01    3.7862606610E-01    7.2332875503E-01
    9.0200100000E-01    3.7665279208E-01    7.2361378685E-01
    9.0300100000E-01    3.7466972619E-01    7.2389998803E-01
    9.0400100000E-01    3.7267672600E-01    7.2418736723E-01
    9.0500100000E-01    3.7067364535E-01    7.2447593322E-01
    9.0600100000E-01    3.6866033413E-01    7.2476569492E-01
    9.0700100000E-01    3.6663663819E-01    7.2505666134E-01
    9.0800100000E-01    3.6460239918E-01    7.2534884161E-01
    9.0900100000E-01    3.6255745436E-01    7.2564224498E-01
    9.1000100000E-01    3.6050163646E-01    7.2593688084E-01
    9.1100100000E-01    3.5843477348E-01    7.2623275869E-01
    9.1200100000E-01    3.5635668851E-01    7.2652988818E-01
    9.1300100000E-01    3.5426719955E-01    7.2682827906E-01
    9.1400100000E-01    3.5216611927E-01    7.2712794124E-01
    9.1500100000E-01    3.5005325483E-01    7.2742888478E-01
    9.1600100000E-01    3.4792840760E-01    7.2773111983E-01
    9.1700100000E-01    3.4579137298E-01    7.2803465674E-01
    9.1800100000E-01    3.4364194009E-01    7.2833950598E-01
    9.1900100000E-01    3.4147989152E-01    7.2864567817E-01
    9.2000100000E-01    3.3930500306E-01    7.2895318409E-01
    9.2100100000E-01    3.3711704339E-01    7.2926203467E-01
    9.2200100000E-01    3.3491577375E-01    7.2957224101E-01
    9.2300100000E-01    3.3270094760E-01    7.2988381436E-01
    9.2400100000E-01    3.3047231030E-01    7.3019676616E-01
    9.2500100000E-01    3.2822959869E-01    7.3051110801E-01
    9.2600100000E-01    3.2597254071E-01    7.3082685167E-01
    9.2700100000E-01    3.2370085499E-01    7.3114400912E-01
    9.2800100000E-01    3.2141425037E-01    7.3146259248E-01
    9.2900100000E-01    3.1911242541E-01    7.3178261410E-01
    9.3000100000E-01    3.1679506794E-01    7.3210408649E-01
    9.3100100000E-01    3.1446185446E-01    7.3242702239E-01
    9.3200100000E-01    3.1211244957E-01    7.3275143471E-01
    9.3300100000E-01    3.0974650538E-01    7.3307733660E-01
    9.3400100000E-01    3.0736366082E-01    7.3340474140E-01
    9.3500100000E-01    3.0496354095E-01    7.3373366270E-01
    9.3600100000E-01    3.0254575620E-01    7.3406411428E-01
    9.3700100000E-01    3.0010990159E-01    7.3439611018E-01
    9.3800100000E-01    2.9765555580E-01    7.3472966468E-01
    9.3900100000E-01    2.9518228033E-01    7.3506479227E-01
    9.4000100000E-01    2.9268961841E-01    7.3540150774E-01
    9.4100100000E-01    2.9017709401E-01    7.3573982610E-01
    9.4200100000E-01    2.8764421063E-01    7.3607976264E-01
    9.4300100000E-01    2.8509045008E-01    7.3642133294E-01
    9.4400100000E-01    2.8251527111E-01    7.3676455285E-01
    9.4500100000E-01    2.7991810800E-01    7.3710943850E-01
    9.4600100000E-01    2.7729836894E-01    7.3745600633E-01
    9.4700100000E-01    2.7465543437E-01    7.3780427309E-01
    9.4800100000E-01    2.7198865508E-01    7.3815425585E-01
    9.4900100000E-01    2.6929735023E-01    7.3850597201E-01
    9.5000100000E-01    2.6658080516E-01    7.3885943931E-01
    9.5100100000E-01    2.6383826899E-01    7.3921467582E-01
    9.5200100000E-01    2.6106895201E-01    7.3957169999E-01
    9.5300100000E-01    2.5827202280E-01    7.3993053067E-01
    9.5400100000E-01    2.5544660515E-01    7.4029118704E-01
    9.5500100000E-01    2.5259177457E-01    7.4065368873E-01
    9.5600100000E-01    2.4970655451E-01    7.4101805577E-01
    9.5700100000E-01    2.4678991220E-01    7.4138430862E-01
    9.5800100000E-01    2.4384075400E-01    7.4175246818E-01
    9.5900100000E-01    2.4085792030E-01    7.4212255582E-01
    9.6000100000E-01    2.3784017980E-01    7.4249459340E-01
    9.6100100000E-01    2.3478622323E-01    7.4286860328E-01
    9.6200100000E-01    2.3169465624E-01    7.4324460832E-01
    9.6300100000E-01    2.2856399148E-01    7.4362263196E-01
    9.6400100000E-01    2.2539263974E-01    7.4400269816E-01
    9.6500100000E-01    2.2217889991E-01    7.4438483152E-01
    9.6600100000E-01    2.1892094771E-01    7.4476905722E-01
    9.6700100000E-01    2.1561682284E-01    7.4515540111E-01
    9.6800100000E-01    2.1226441440E-01    7.4554388969E-01
    9.6900100000E-01    2.0886144425E-01    7.4593455019E-01
    9.7000100000E-01    2.0540544790E-01    7.4632741057E-01
    9.7100100000E-01    2.0189375253E-01    7.4672249958E-01
    9.7200100000E-01    1.9832345152E-01    7.4711984678E-01
    9.7300100000E-01    1.9469137488E-01    7.4751948260E-01
    9.7400100000E-01    1.9099405471E-01    7.4792143840E-01
    9.7500100000E-01    1.8722768454E-01    7.4832574648E-01
    9.7600100000E-01    1.8338807133E-01    7.4873244018E-01
    9.7700100000E-01    1.7947057832E-01    7.4914155392E-01
    9.7800100000E-01    1.7547005655E-01    7.4955312329E-01
    9.7900100000E-01    1.7138076219E-01    7.4996718510E-01
    9.8000100000E-01    1.6719625586E-01    7.5038377749E-01
    9.8100100000E-01    1.6290927904E-01    7.5080294002E-01
    9.8200100000E-01    1.5851160060E-01    7.5122471377E-01
    9.8300100000E-01    1.5399382444E-01    7.5164914148E-01
    9.8400100000E-01    1.4934514518E-01    7.5207626766E-01
    9.8500100000E-01    1.4455303394E-01    7.5250613879E-01
    9.8600100000E-01    1.3960282778E-01    7.5293880346E-01
    9.8700100000E-01    1.3447718436E-01    7.5337431264E-01
    9.8800100000E-01    1.2915534323E-01    7.5381271987E-01
    9.8900100000E-01    1.2361210285E-01    7.5425408161E-01
    9.9000100000E-01    1.1781636697E-01    7.5469845761E-01
    9.9100100000E-01    1.1172901577E-01    7.5514591132E-01
    9.9200100000E-01    1.0529967359E-01    7.5559651050E-01
    9.9300100000E-01    9.8461581878E-02    7.5605032793E-01
    9.9400100000E-01    9.1123012726E-02    7.5650744235E-01
    9.9500100000E-01    8.3151854838E-02    7.5696793982E-01
    9.9600100000E-01    7.4345269365E-02    7.5743191560E-01
    9.9700100000E-01    6.4361693052E-02    7.5789947705E-01
    9.9800100000E-01    5.2534989007E-02    7.5837074867E-01
    9.9900100000E-01    3.7145589904E-02    7.5884588201E-01
    1.0000010000E+00    1.4665177518E-03    7.5932508532E-01
