    1.0000000000E-06    1.0000000000E+00    2.4000605246E-01
    1.0010000000E-03    9.9999665586E-01    2.4000619005E-01
    2.0010000000E-03    9.9998663684E-01    2.4000660228E-01
    3.0010000000E-03    9.9996994314E-01    2.4000728914E-01
    4.0010000000E-03    9.9994657505E-01    2.4000825065E-01
    5.0010000000E-03    9.9991653303E-01    2.4000948680E-01
    6.0010000000E-03    9.9987981763E-01    2.4001099761E-01
    7.0010000000E-03    9.9983642954E-01    2.4001278309E-01
    8.0010000000E-03    9.9978636957E-01    2.4001484325E-01
    9.0010000000E-03    9.9972963865E-01    2.4001717811E-01
    1.0001000000E-02    9.9966623784E-01    2.4001978767E-01
    1.1001000000E-02    9.9959616834E-01    2.4002267197E-01
    1.2001000000E-02    9.9951943144E-01    2.4002583101E-01
    1.3001000000E-02    9.9943602859E-01    2.4002926483E-01
    1.4001000000E-02    9.9934596134E-01    2.4003297344E-01
    1.5001000000E-02    9.9924923137E-01    2.4003695687E-01
    1.6001000000E-02    9.9914584049E-01    2.4004121516E-01
    1.7001000000E-02    9.9903579064E-01    2.4004574832E-01
    1.8001000000E-02    9.9891908386E-01    2.4005055639E-01
    1.9001000000E-02    9.9879572234E-01    2.4005563940E-01
    2.0001000000E-02    9.9866570838E-01    2.4006099740E-01
    2.1001000000E-02    9.9852904441E-01    2.4006663041E-01
    2.2001000000E-02    9.9838573297E-01    2.4007253847E-01
    2.3001000000E-02    9.9823577676E-01    2.4007872164E-01
    2.4001000000E-02    9.9807917856E-01    2.4008517994E-01
    2.5001000000E-02    9.9791594130E-01    2.4009191343E-01
    2.6001000000E-02    9.9774606803E-01    2.4009892215E-01
    2.7001000000E-02    9.9756956192E-01    2.4010620615E-01
    2.8001000000E-02    9.9738642625E-01    2.4011376549E-01
    2.9001000000E-02    9.9719666445E-01    2.4012160021E-01
    3.0001000000E-02    9.9700028006E-01    2.4012971037E-01
    3.1001000000E-02    9.9679727675E-01    2.4013809603E-01
    3.2001000000E-02    9.9658765829E-01    2.4014675724E-01
    3.3001000000E-02    9.9637142859E-01    2.4015569406E-01
    3.4001000000E-02    9.9614859170E-01    2.4016490656E-01
    3.5001000000E-02    9.9591915176E-01    2.4017439481E-01
    3.6001000000E-02    9.9568311305E-01    2.4018415886E-01
    3.7001000000E-02    9.9544047997E-01    2.4019419879E-01
    3.8001000000E-02    9.9519125704E-01    2.4020451467E-01
    3.9001000000E-02    9.9493544891E-01    2.4021510656E-01
    4.0001000000E-02    9.9467306033E-01    2.4022597455E-01
    4.1001000000E-02    9.9440409621E-01    2.4023711870E-01
    4.2001000000E-02    9.9412856154E-01    2.4024853910E-01
    4.3001000000E-02    9.9384646146E-01    2.4026023583E-01
    4.4001000000E-02    9.9355780122E-01    2.4027220897E-01
    4.5001000000E-02    9.9326258619E-01    2.4028445859E-01
    4.6001000000E-02    9.9296082186E-01    2.4029698480E-01
    4.7001000000E-02    9.9265251386E-01    2.4030978766E-01
    4.8001000000E-02    9.9233766791E-01    2.4032286729E-01
    4.9001000000E-02    9.9201628987E-01    2.4033622375E-01
    5.0001000000E-02    9.9168838572E-01    2.4034985716E-01
    5.1001000000E-02    9.9135396154E-01    2.4036376760E-01
    5.2001000000E-02    9.9101302357E-01    2.4037795517E-01
    5.3001000000E-02    9.9066557813E-01    2.4039241998E-01
    5.4001000000E-02    9.9031163167E-01    2.4040716211E-01
    5.5001000000E-02    9.8995119078E-01    2.4042218168E-01
    5.6001000000E-02    9.8958426214E-01    2.4043747880E-01
    5.7001000000E-02    9.8921085256E-01    2.4045305355E-01
    5.8001000000E-02    9.8883096898E-01    2.4046890607E-01
    5.9001000000E-02    9.8844461845E-01    2.4048503645E-01
    6.0001000000E-02    9.8805180813E-01    2.4050144482E-01
    6.1001000000E-02    9.8765254530E-01    2.4051813127E-01
    6.2001000000E-02    9.8724683737E-01    2.4053509595E-01
    6.3001000000E-02    9.8683469187E-01    2.4055233895E-01
    6.4001000000E-02    9.8641611642E-01    2.4056986040E-01
    6.5001000000E-02    9.8599111878E-01    2.4058766043E-01
    6.6001000000E-02    9.8555970682E-01    2.4060573916E-01
    6.7001000000E-02    9.8512188853E-01    2.4062409671E-01
    6.8001000000E-02    9.8467767202E-01    2.4064273322E-01
    6.9001000000E-02    9.8422706550E-01    2.4066164882E-01
    7.0001000000E-02    9.8377007731E-01    2.4068084363E-01
    7.1001000000E-02    9.8330671590E-01    2.4070031780E-01
    7.2001000000E-02    9.8283698983E-01    2.4072007146E-01
    7.3001000000E-02    9.8236090780E-01    2.4074010474E-01
    7.4001000000E-02    9.8187847858E-01    2.4076041780E-01
    7.5001000000E-02    9.8138971110E-01    2.4078101076E-01
    7.6001000000E-02    9.8089461439E-01    2.4080188379E-01
    7.7001000000E-02    9.8039319756E-01    2.4082303701E-01
    7.8001000000E-02    9.7988546989E-01    2.4084447059E-01
    7.9001000000E-02    9.7937144073E-01    2.4086618467E-01
    8.0001000000E-02    9.7885111956E-01    2.4088817940E-01
    8.1001000000E-02    9.7832451598E-01    2.4091045494E-01
    8.2001000000E-02    9.7779163969E-01    2.4093301145E-01
    8.3001000000E-02    9.7725250049E-01    2.4095584909E-01
    8.4001000000E-02    9.7670710833E-01    2.4097896800E-01
    8.5001000000E-02    9.7615547323E-01    2.4100236837E-01
    8.6001000000E-02    9.7559760535E-01    2.4102605035E-01
    8.7001000000E-02    9.7503351494E-01    2.4105001411E-01
    8.8001000000E-02    9.7446321239E-01    2.4107425982E-01
    8.9001000000E-02    9.7388670816E-01    2.4109878764E-01
    9.0001000000E-02    9.7330401286E-01    2.4112359776E-01
    9.1001000000E-02    9.7271513718E-01    2.4114869034E-01
    9.2001000000E-02    9.7212009193E-01    2.4117406557E-01
    9.3001000000E-02    9.7151888803E-01    2.4119972361E-01
    9.4001000000E-02    9.7091153650E-01    2.4122566466E-01
    9.5001000000E-02    9.7029804849E-01    2.4125188890E-01
    9.6001000000E-02    9.6967843524E-01    2.4127839651E-01
    9.7001000000E-02    9.6905270809E-01    2.4130518767E-01
    9.8001000000E-02    9.6842087851E-01    2.4133226259E-01
    9.9001000000E-02    9.6778295805E-01    2.4135962144E-01
    1.0000100000E-01    9.6713895840E-01    2.4138726442E-01
    1.0100100000E-01    9.6648889132E-01    2.4141519172E-01
    1.0200100000E-01    9.6583276870E-01    2.4144340356E-01
    1.0300100000E-01    9.6517060253E-01    2.4147190011E-01
    1.0400100000E-01    9.6450240490E-01    2.4150068159E-01
    1.0500100000E-01    9.6382818801E-01    2.4152974819E-01
    1.0600100000E-01    9.6314796415E-01    2.4155910014E-01
    1.0700100000E-01    9.6246174575E-01    2.4158873762E-01
    1.0800100000E-01    9.6176954530E-01    2.4161866085E-01
    1.0900100000E-01    9.6107137541E-01    2.4164887004E-01
    1.1000100000E-01    9.6036724881E-01    2.4167936542E-01
    1.1100100000E-01    9.5965717831E-01    2.4171014718E-01
    1.1200100000E-01    9.5894117683E-01    2.4174121555E-01
    1.1300100000E-01    9.5821925738E-01    2.4177257076E-01
    1.1400100000E-01    9.5749143309E-01    2.4180421302E-01
    1.1500100000E-01    9.5675771719E-01    2.4183614255E-01
    1.1600100000E-01    9.5601812299E-01    2.4186835959E-01
    1.1700100000E-01    9.5527266391E-01    2.4190086437E-01
    1.1800100000E-01    9.5452135349E-01    2.4193365710E-01
    1.1900100000E-01    9.5376420533E-01    2.4196673803E-01
    1.2000100000E-01    9.5300123317E-01    2.4200010739E-01
    1.2100100000E-01    9.5223245081E-01    2.4203376542E-01
    1.2200100000E-01    9.5145787217E-01    2.4206771236E-01
    1.2300100000E-01    9.5067751126E-01    2.4210194844E-01
    1.2400100000E-01    9.4989138220E-01    2.4213647392E-01
    1.2500100000E-01    9.4909949919E-01    2.4217128903E-01
    1.2600100000E-01    9.4830187654E-01    2.4220639403E-01
    1.2700100000E-01    9.4749852863E-01    2.4224178916E-01
    1.2800100000E-01    9.4668946997E-01    2.4227747468E-01
    1.2900100000E-01    9.4587471513E-01    2.4231345084E-01
    1.3000100000E-01    9.4505427881E-01    2.4234971790E-01
    1.3100100000E-01    9.4422817578E-01    2.4238627611E-01
    1.3200100000E-01    9.4339642091E-01    2.4242312574E-01
    1.3300100000E-01    9.4255902916E-01    2.4246026705E-01
    1.3400100000E-01    9.4171601558E-01    2.4249770030E-01
    1.3500100000E-01    9.4086739533E-01    2.4253542576E-01
    1.3600100000E-01    9.4001318364E-01    2.4257344371E-01
    1.3700100000E-01    9.3915339583E-01    2.4261175440E-01
    1.3800100000E-01    9.3828804734E-01    2.4265035812E-01
    1.3900100000E-01    9.3741715367E-01    2.4268925514E-01
    1.4000100000E-01    9.3654073041E-01    2.4272844574E-01
    1.4100100000E-01    9.3565879327E-01    2.4276793020E-01
    1.4200100000E-01    9.3477135801E-01    2.4280770881E-01
    1.4300100000E-01    9.3387844051E-01    2.4284778184E-01
    1.4400100000E-01    9.3298005672E-01    2.4288814958E-01
    1.4500100000E-01    9.3207622268E-01    2.4292881233E-01
    1.4600100000E-01    9.3116695451E-01    2.4296977037E-01
    1.4700100000E-01    9.3025226844E-01    2.4301102399E-01
    1.4800100000E-01    9.2933218076E-01    2.4305257350E-01
    1.4900100000E-01    9.2840670786E-01    2.4309441920E-01
    1.5000100000E-01    9.2747586621E-01    2.4313656137E-01
    1.5100100000E-01    9.2653967237E-01    2.4317900033E-01
    1.5200100000E-01    9.2559814297E-01    2.4322173638E-01
    1.5300100000E-01    9.2465129474E-01    2.4326476982E-01
    1.5400100000E-01    9.2369914448E-01    2.4330810097E-01
    1.5500100000E-01    9.2274170908E-01    2.4335173013E-01
    1.5600100000E-01    9.2177900551E-01    2.4339565763E-01
    1.5700100000E-01    9.2081105083E-01    2.4343988377E-01
    1.5800100000E-01    9.1983786216E-01    2.4348440888E-01
    1.5900100000E-01    9.1885945672E-01    2.4352923327E-01
    1.6000100000E-01    9.1787585180E-01    2.4357435727E-01
    1.6100100000E-01    9.1688706477E-01    2.4361978120E-01
    1.6200100000E-01    9.1589311308E-01    2.4366550540E-01
    1.6300100000E-01    9.1489401427E-01    2.4371153019E-01
    1.6400100000E-01    9.1388978593E-01    2.4375785590E-01
    1.6500100000E-01    9.1288044575E-01    2.4380448286E-01
    1.6600100000E-01    9.1186601150E-01    2.4385141142E-01
    1.6700100000E-01    9.1084650101E-01    2.4389864192E-01
    1.6800100000E-01    9.0982193219E-01    2.4394617469E-01
    1.6900100000E-01    9.0879232304E-01    2.4399401007E-01
    1.7000100000E-01    9.0775769160E-01    2.4404214843E-01
    1.7100100000E-01    9.0671805603E-01    2.4409059009E-01
    1.7200100000E-01    9.0567343453E-01    2.4413933542E-01
    1.7300100000E-01    9.0462384538E-01    2.4418838476E-01
    1.7400100000E-01    9.0356930695E-01    2.4423773848E-01
    1.7500100000E-01    9.0250983765E-01    2.4428739692E-01
    1.7600100000E-01    9.0144545600E-01    2.4433736046E-01
    1.7700100000E-01    9.0037618055E-01    2.4438762945E-01
    1.7800100000E-01    8.9930202995E-01    2.4443820426E-01
    1.7900100000E-01    8.9822302291E-01    2.4448908525E-01
    1.8000100000E-01    8.9713917821E-01    2.4454027279E-01
    1.8100100000E-01    8.9605051470E-01    2.4459176727E-01
    1.8200100000E-01    8.9495705129E-01    2.4464356904E-01
    1.8300100000E-01    8.9385880698E-01    2.4469567849E-01
    1.8400100000E-01    8.9275580080E-01    2.4474809600E-01
    1.8500100000E-01    8.9164805189E-01    2.4480082195E-01
    1.8600100000E-01    8.9053557941E-01    2.4485385673E-01
    1.8700100000E-01    8.8941840263E-01    2.4490720071E-01
    1.8800100000E-01    8.8829654085E-01    2.4496085430E-01
    1.8900100000E-01    8.8717001346E-01    2.4501481787E-01
    1.9000100000E-01    8.8603883990E-01    2.4506909183E-01
    1.9100100000E-01    8.8490303967E-01    2.4512367657E-01
    1.9200100000E-01    8.8376263234E-01    2.4517857249E-01
    1.9300100000E-01    8.8261763754E-01    2.4523377999E-01
    1.9400100000E-01    8.8146807496E-01    2.4528929948E-01
    1.9500100000E-01    8.8031396435E-01    2.4534513136E-01
    1.9600100000E-01    8.7915532553E-01    2.4540127604E-01
    1.9700100000E-01    8.7799217838E-01    2.4545773394E-01
    1.9800100000E-01    8.7682454281E-01    2.4551450546E-01
    1.9900100000E-01    8.7565243883E-01    2.4557159102E-01
    2.0000100000E-01    8.7447588647E-01    2.4562899104E-01
    2.0100100000E-01    8.7329490586E-01    2.4568670595E-01
    2.0200100000E-01    8.7210951714E-01    2.4574473616E-01
    2.0300100000E-01    8.7091974055E-01    2.4580308210E-01
    2.0400100000E-01    8.6972559634E-01    2.4586174421E-01
    2.0500100000E-01    8.6852710487E-01    2.4592072291E-01
    2.0600100000E-01    8.6732428650E-01    2.4598001863E-01
    2.0700100000E-01    8.6611716168E-01    2.4603963182E-01
    2.0800100000E-01    8.6490575090E-01    2.4609956292E-01
    2.0900100000E-01    8.6369007472E-01    2.4615981236E-01
    2.1000100000E-01    8.6247015371E-01    2.4622038059E-01
    2.1100100000E-01    8.6124600854E-01    2.4628126805E-01
    2.1200100000E-01    8.6001765991E-01    2.4634247520E-01
    2.1300100000E-01    8.5878512856E-01    2.4640400249E-01
    2.1400100000E-01    8.5754843530E-01    2.4646585037E-01
    2.1500100000E-01    8.5630760098E-01    2.4652801931E-01
    2.1600100000E-01    8.5506264650E-01    2.4659050975E-01
    2.1700100000E-01    8.5381359280E-01    2.4665332216E-01
    2.1800100000E-01    8.5256046089E-01    2.4671645702E-01
    2.1900100000E-01    8.5130327180E-01    2.4677991478E-01
    2.2000100000E-01    8.5004204662E-01    2.4684369592E-01
    2.2100100000E-01    8.4877680649E-01    2.4690780090E-01
    2.2200100000E-01    8.4750757260E-01    2.4697223022E-01
    2.2300100000E-01    8.4623436615E-01    2.4703698433E-01
    2.2400100000E-01    8.4495720843E-01    2.4710206374E-01
    2.2500100000E-01    8.4367612074E-01    2.4716746891E-01
    2.2600100000E-01    8.4239112445E-01    2.4723320034E-01
    2.2700100000E-01    8.4110224095E-01    2.4729925852E-01
    2.2800100000E-01    8.3980949167E-01    2.4736564393E-01
    2.2900100000E-01    8.3851289811E-01    2.4743235708E-01
    2.3000100000E-01    8.3721248178E-01    2.4749939845E-01
    2.3100100000E-01    8.3590826425E-01    2.4756676856E-01
    2.3200100000E-01    8.3460026711E-01    2.4763446790E-01
    2.3300100000E-01    8.3328851201E-01    2.4770249698E-01
    2.3400100000E-01    8.3197302062E-01    2.4777085631E-01
    2.3500100000E-01    8.3065381466E-01    2.4783954640E-01
    2.3600100000E-01    8.2933091589E-01    2.4790856776E-01
    2.3700100000E-01    8.2800434608E-01    2.4797792091E-01
    2.3800100000E-01    8.2667412708E-01    2.4804760637E-01
    2.3900100000E-01    8.2534028074E-01    2.4811762466E-01
    2.4000100000E-01    8.2400282895E-01    2.4818797631E-01
    2.4100100000E-01    8.2266179365E-01    2.4825866185E-01
    2.4200100000E-01    8.2131719679E-01    2.4832968180E-01
    2.4300100000E-01    8.1996906038E-01    2.4840103671E-01
    2.4400100000E-01    8.1861740644E-01    2.4847272710E-01
    2.4500100000E-01    8.1726225703E-01    2.4854475352E-01
    2.4600100000E-01    8.1590363425E-01    2.4861711651E-01
    2.4700100000E-01    8.1454156021E-01    2.4868981661E-01
    2.4800100000E-01    8.1317605707E-01    2.4876285437E-01
    2.4900100000E-01    8.1180714701E-01    2.4883623035E-01
    2.5000100000E-01    8.1043485223E-01    2.4890994509E-01
    2.5100100000E-01    8.0905919499E-01    2.4898399916E-01
    2.5200100000E-01    8.0768019753E-01    2.4905839311E-01
    2.5300100000E-01    8.0629788217E-01    2.4913312751E-01
    2.5400100000E-01    8.0491227120E-01    2.4920820292E-01
    2.5500100000E-01    8.0352338699E-01    2.4928361991E-01
    2.5600100000E-01    8.0213125190E-01    2.4935937905E-01
    2.5700100000E-01    8.0073588833E-01    2.4943548091E-01
    2.5800100000E-01    7.9933731869E-01    2.4951192608E-01
    2.5900100000E-01    7.9793556543E-01    2.4958871514E-01
    2.6000100000E-01    7.9653065101E-01    2.4966584866E-01
    2.6100100000E-01    7.9512259792E-01    2.4974332723E-01
    2.6200100000E-01    7.9371142867E-01    2.4982115145E-01
    2.6300100000E-01    7.9229716580E-01    2.4989932190E-01
    2.6400100000E-01    7.9087983185E-01    2.4997783919E-01
    2.6500100000E-01    7.8945944939E-01    2.5005670390E-01
    2.6600100000E-01    7.8803604102E-01    2.5013591664E-01
    2.6700100000E-01    7.8660962934E-01    2.5021547802E-01
    2.6800100000E-01    7.8518023699E-01    2.5029538864E-01
    2.6900100000E-01    7.8374788660E-01    2.5037564911E-01
    2.7000100000E-01    7.8231260085E-01    2.5045626005E-01
    2.7100100000E-01    7.8087440240E-01    2.5053722208E-01
    2.7200100000E-01    7.7943331395E-01    2.5061853581E-01
    2.7300100000E-01    7.7798935822E-01    2.5070020186E-01
    2.7400100000E-01    7.7654255793E-01    2.5078222087E-01
    2.7500100000E-01    7.7509293582E-01    2.5086459346E-01
    2.7600100000E-01    7.7364051463E-01    2.5094732026E-01
    2.7700100000E-01    7.7218531714E-01    2.5103040192E-01
    2.7800100000E-01    7.7072736613E-01    2.5111383906E-01
    2.7900100000E-01    7.6926668437E-01    2.5119763233E-01
    2.8000100000E-01    7.6780329468E-01    2.5128178239E-01
    2.8100100000E-01    7.6633721987E-01    2.5136628986E-01
    2.8200100000E-01    7.6486848275E-01    2.5145115541E-01
    2.8300100000E-01    7.6339710616E-01    2.5153637970E-01
    2.8400100000E-01    7.6192311294E-01    2.5162196337E-01
    2.8500100000E-01    7.6044652594E-01    2.5170790709E-01
    2.8600100000E-01    7.5896736801E-01    2.5179421152E-01
    2.8700100000E-01    7.5748566202E-01    2.5188087734E-01
    2.8800100000E-01    7.5600143083E-01    2.5196790521E-01
    2.8900100000E-01    7.5451469733E-01    2.5205529581E-01
    2.9000100000E-01    7.5302548440E-01    2.5214304982E-01
    2.9100100000E-01    7.5153381492E-01    2.5223116791E-01
    2.9200100000E-01    7.5003971178E-01    2.5231965077E-01
    2.9300100000E-01    7.4854319789E-01    2.5240849908E-01
    2.9400100000E-01    7.4704429613E-01    2.5249771355E-01
    2.9500100000E-01    7.4554302941E-01    2.5258729486E-01
    2.9600100000E-01    7.4403942064E-01    2.5267724371E-01
    2.9700100000E-01    7.4253349271E-01    2.5276756080E-01
    2.9800100000E-01    7.4102526854E-01    2.5285824684E-01
    2.9900100000E-01    7.3951477103E-01    2.5294930253E-01
    3.0000100000E-01    7.3800202309E-01    2.5304072859E-01
    3.0100100000E-01    7.3648704763E-01    2.5313252572E-01
    3.0200100000E-01    7.3496986754E-01    2.5322469465E-01
    3.0300100000E-01    7.3345050573E-01    2.5331723610E-01
    3.0400100000E-01    7.3192898510E-01    2.5341015080E-01
    3.0500100000E-01    7.3040532856E-01    2.5350343946E-01
    3.0600100000E-01    7.2887955899E-01    2.5359710283E-01
    3.0700100000E-01    7.2735169929E-01    2.5369114164E-01
    3.0800100000E-01    7.2582177233E-01    2.5378555663E-01
    3.0900100000E-01    7.2428980101E-01    2.5388034853E-01
    3.1000100000E-01    7.2275580820E-01    2.5397551811E-01
    3.1100100000E-01    7.2121981677E-01    2.5407106609E-01
    3.1200100000E-01    7.1968184958E-01    2.5416699325E-01
    3.1300100000E-01    7.1814192949E-01    2.5426330033E-01
    3.1400100000E-01    7.1660007935E-01    2.5435998810E-01
    3.1500100000E-01    7.1505632198E-01    2.5445705731E-01
    3.1600100000E-01    7.1351068024E-01    2.5455450874E-01
    3.1700100000E-01    7.1196317693E-01    2.5465234316E-01
    3.1800100000E-01    7.1041383488E-01    2.5475056134E-01
    3.1900100000E-01    7.0886267687E-01    2.5484916406E-01
    3.2000100000E-01    7.0730972571E-01    2.5494815210E-01
    3.2100100000E-01    7.0575500417E-01    2.5504752625E-01
    3.2200100000E-01    7.0419853502E-01    2.5514728729E-01
    3.2300100000E-01    7.0264034101E-01    2.5524743603E-01
    3.2400100000E-01    7.0108044489E-01    2.5534797324E-01
    3.2500100000E-01    6.9951886938E-01    2.5544889975E-01
    3.2600100000E-01    6.9795563721E-01    2.5555021634E-01
    3.2700100000E-01    6.9639077106E-01    2.5565192383E-01
    3.2800100000E-01    6.9482429362E-01    2.5575402303E-01
    3.2900100000E-01    6.9325622757E-01    2.5585651476E-01
    3.3000100000E-01    6.9168659556E-01    2.5595939983E-01
    3.3100100000E-01    6.9011542021E-01    2.5606267906E-01
    3.3200100000E-01    6.8854272416E-01    2.5616635329E-01
    3.3300100000E-01    6.8696853000E-01    2.5627042334E-01
    3.3400100000E-01    6.8539286032E-01    2.5637489005E-01
    3.3500100000E-01    6.8381573768E-01    2.5647975426E-01
    3.3600100000E-01    6.8223718464E-01    2.5658501680E-01
    3.3700100000E-01    6.8065722370E-01    2.5669067853E-01
    3.3800100000E-01    6.7907587739E-01    2.5679674029E-01
    3.3900100000E-01    6.7749316818E-01    2.5690320295E-01
    3.4000100000E-01    6.7590911855E-01    2.5701006734E-01
    3.4100100000E-01    6.7432375093E-01    2.5711733435E-01
    3.4200100000E-01    6.7273708775E-01    2.5722500482E-01
    3.4300100000E-01    6.7114915140E-01    2.5733307964E-01
    3.4400100000E-01    6.6955996426E-01    2.5744155968E-01
    3.4500100000E-01    6.6796954868E-01    2.5755044581E-01
    3.4600100000E-01    6.6637792699E-01    2.5765973892E-01
    3.4700100000E-01    6.6478512149E-01    2.5776943988E-01
    3.4800100000E-01    6.6319115447E-01    2.5787954960E-01
    3.4900100000E-01    6.6159604817E-01    2.5799006896E-01
    3.5000100000E-01    6.5999982481E-01    2.5810099887E-01
    3.5100100000E-01    6.5840250661E-01    2.5821234021E-01
    3.5200100000E-01    6.5680411573E-01    2.5832409391E-01
    3.5300100000E-01    6.5520467433E-01    2.5843626087E-01
    3.5400100000E-01    6.5360420451E-01    2.5854884200E-01
    3.5500100000E-01    6.5200272838E-01    2.5866183823E-01
    3.5600100000E-01    6.5040026798E-01    2.5877525047E-01
    3.5700100000E-01    6.4879684536E-01    2.5888907965E-01
    3.5800100000E-01    6.4719248251E-01    2.5900332671E-01
    3.5900100000E-01    6.4558720142E-01    2.5911799257E-01
    3.6000100000E-01    6.4398102401E-01    2.5923307819E-01
    3.6100100000E-01    6.4237397221E-01    2.5934858449E-01
    3.6200100000E-01    6.4076606789E-01    2.5946451243E-01
    3.6300100000E-01    6.3915733289E-01    2.5958086297E-01
    3.6400100000E-01    6.3754778905E-01    2.5969763705E-01
    3.6500100000E-01    6.3593745813E-01    2.5981483564E-01
    3.6600100000E-01    6.3432636188E-01    2.5993245971E-01
    3.6700100000E-01    6.3271452203E-01    2.6005051021E-01
    3.6800100000E-01    6.3110196025E-01    2.6016898814E-01
    3.6900100000E-01    6.2948869819E-01    2.6028789446E-01
    3.7000100000E-01    6.2787475747E-01    2.6040723016E-01
    3.7100100000E-01    6.2626015965E-01    2.6052699623E-01
    3.7200100000E-01    6.2464492629E-01    2.6064719365E-01
    3.7300100000E-01    6.2302907888E-01    2.6076782342E-01
    3.7400100000E-01    6.2141263889E-01    2.6088888655E-01
    3.7500100000E-01    6.1979562776E-01    2.6101038403E-01
    3.7600100000E-01    6.1817806687E-01    2.6113231688E-01
    3.7700100000E-01    6.1655997758E-01    2.6125468611E-01
    3.7800100000E-01    6.1494138122E-01    2.6137749274E-01
    3.7900100000E-01    6.1332229905E-01    2.6150073780E-01
    3.8000100000E-01    6.1170275232E-01    2.6162442230E-01
    3.8100100000E-01    6.1008276222E-01    2.6174854728E-01
    3.8200100000E-01    6.0846234992E-01    2.6187311378E-01
    3.8300100000E-01    6.0684153653E-01    2.6199812285E-01
    3.8400100000E-01    6.0522034313E-01    2.6212357551E-01
    3.8500100000E-01    6.0359879077E-01    2.6224947284E-01
    3.8600100000E-01    6.0197690043E-01    2.6237581587E-01
    3.8700100000E-01    6.0035469307E-01    2.6250260568E-01
    3.8800100000E-01    5.9873218960E-01    2.6262984332E-01
    3.8900100000E-01    5.9710941089E-01    2.6275752987E-01
    3.9000100000E-01    5.9548637777E-01    2.6288566640E-01
    3.9100100000E-01    5.9386311101E-01    2.6301425399E-01
    3.9200100000E-01    5.9223963135E-01    2.6314329372E-01
    3.9300100000E-01    5.9061595950E-01    2.6327278668E-01
    3.9400100000E-01    5.8899211609E-01    2.6340273396E-01
    3.9500100000E-01    5.8736812173E-01    2.6353313667E-01
    3.9600100000E-01    5.8574399698E-01    2.6366399590E-01
    3.9700100000E-01    5.8411976236E-01    2.6379531277E-01
    3.9800100000E-01    5.8249543833E-01    2.6392708838E-01
    3.9900100000E-01    5.8087104530E-01    2.6405932385E-01
    4.0000100000E-01    5.7924660367E-01    2.6419202032E-01
    4.0100100000E-01    5.7762213374E-01    2.6432517889E-01
    4.0200100000E-01    5.7599765580E-01    2.6445880072E-01
    4.0300100000E-01    5.7437319008E-01    2.6459288693E-01
    4.0400100000E-01    5.7274875676E-01    2.6472743866E-01
    4.0500100000E-01    5.7112437598E-01    2.6486245707E-01
    4.0600100000E-01    5.6950006782E-01    2.6499794331E-01
    4.0700100000E-01    5.6787585232E-01    2.6513389853E-01
    4.0800100000E-01    5.6625174946E-01    2.6527032391E-01
    4.0900100000E-01    5.6462777918E-01    2.6540722060E-01
    4.1000100000E-01    5.6300396136E-01    2.6554458977E-01
    4.1100100000E-01    5.6138031585E-01    2.6568243262E-01
    4.1200100000E-01    5.5975686241E-01    2.6582075032E-01
    4.1300100000E-01    5.5813362080E-01    2.6595954406E-01
    4.1400100000E-01    5.5651061068E-01    2.6609881503E-01
    4.1500100000E-01    5.5488785170E-01    2.6623856443E-01
    4.1600100000E-01    5.5326536341E-01    2.6637879348E-01
    4.1700100000E-01    5.5164316536E-01    2.6651950337E-01
    4.1800100000E-01    5.5002127700E-01    2.6666069532E-01
    4.1900100000E-01    5.4839971776E-01    2.6680237056E-01
    4.2000100000E-01    5.4677850701E-01    2.6694453030E-01
    4.2100100000E-01    5.4515766405E-01    2.6708717579E-01
    4.2200100000E-01    5.4353720814E-01    2.6723030825E-01
    4.2300100000E-01    5.4191715848E-01    2.6737392893E-01
    4.2400100000E-01    5.4029753422E-01    2.6751803908E-01
    4.2500100000E-01    5.3867835446E-01    2.6766263994E-01
    4.2600100000E-01    5.3705963822E-01    2.6780773278E-01
    4.2700100000E-01    5.3544140450E-01    2.6795331886E-01
    4.2800100000E-01    5.3382367221E-01    2.6809939945E-01
    4.2900100000E-01    5.3220646023E-01    2.6824597583E-01
    4.3000100000E-01    5.3058978736E-01    2.6839304927E-01
    4.3100100000E-01    5.2897367237E-01    2.6854062106E-01
    4.3200100000E-01    5.2735813396E-01    2.6868869250E-01
    4.3300100000E-01    5.2574319076E-01    2.6883726488E-01
    4.3400100000E-01    5.2412886135E-01    2.6898633949E-01
    4.3500100000E-01    5.2251516428E-01    2.6913591767E-01
    4.3600100000E-01    5.2090211799E-01    2.6928600070E-01
    4.3700100000E-01    5.1928974091E-01    2.6943658993E-01
    4.3800100000E-01    5.1767805138E-01    2.6958768666E-01
    4.3900100000E-01    5.1606706770E-01    2.6973929224E-01
    4.4000100000E-01    5.1445680810E-01    2.6989140800E-01
    4.4100100000E-01    5.1284729074E-01    2.7004403529E-01
    4.4200100000E-01    5.1123853376E-01    2.7019717544E-01
    4.4300100000E-01    5.0963055519E-01    2.7035082983E-01
    4.4400100000E-01    5.0802337303E-01    2.7050499981E-01
    4.4500100000E-01    5.0641700522E-01    2.7065968674E-01
    4.4600100000E-01    5.0481146963E-01    2.7081489201E-01
    4.4700100000E-01    5.0320678406E-01    2.7097061698E-01
    4.4800100000E-01    5.0160296627E-01    2.7112686304E-01
    4.4900100000E-01    5.0000003395E-01    2.7128363159E-01
    4.5000100000E-01    4.9839800473E-01    2.7144092401E-01
    4.5100100000E-01    4.9679689616E-01    2.7159874172E-01
    4.5200100000E-01    4.9519672576E-01    2.7175708612E-01
    4.5300100000E-01    4.9359751097E-01    2.7191595863E-01
    4.5400100000E-01    4.9199926915E-01    2.7207536067E-01
    4.5500100000E-01    4.9040201763E-01    2.7223529367E-01
    4.5600100000E-01    4.8880577367E-01    2.7239575905E-01
    4.5700100000E-01    4.8721055444E-01    2.7255675826E-01
    4.5800100000E-01    4.8561637708E-01    2.7271829275E-01
    4.5900100000E-01    4.8402325864E-01    2.7288036397E-01
    4.6000100000E-01    4.8243121614E-01    2.7304297337E-01
    4.6100100000E-01    4.8084026649E-01    2.7320612243E-01
    4.6200100000E-01    4.7925042658E-01    2.7336981261E-01
    4.6300100000E-01    4.7766171320E-01    2.7353404539E-01
    4.6400100000E-01    4.7607414310E-01    2.7369882225E-01
    4.6500100000E-01    4.7448773296E-01    2.7386414469E-01
    4.6600100000E-01    4.7290249939E-01    2.7403001421E-01
    4.6700100000E-01    4.7131845893E-01    2.7419643230E-01
    4.6800100000E-01    4.6973562806E-01    2.7436340047E-01
    4.6900100000E-01    4.6815402320E-01    2.7453092025E-01
    4.7000100000E-01    4.6657366071E-01    2.7469899316E-01
    4.7100100000E-01    4.6499455685E-01    2.7486762072E-01
    4.7200100000E-01    4.6341672786E-01    2.7503680448E-01
    4.7300100000E-01    4.6184018988E-01    2.7520654597E-01
    4.7400100000E-01    4.6026495900E-01    2.7537684675E-01
    4.7500100000E-01    4.5869105123E-01    2.7554770837E-01
    4.7600100000E-01    4.5711848254E-01    2.7571913239E-01
    4.7700100000E-01    4.5554726879E-01    2.7589112039E-01
    4.7800100000E-01    4.5397742582E-01    2.7606367394E-01
    4.7900100000E-01    4.5240896937E-01    2.7623679463E-01
    4.8000100000E-01    4.5084191512E-01    2.7641048405E-01
    4.8100100000E-01    4.4927627869E-01    2.7658474379E-01
    4.8200100000E-01    4.4771207564E-01    2.7675957546E-01
    4.8300100000E-01    4.4614932143E-01    2.7693498066E-01
    4.8400100000E-01    4.4458803148E-01    2.7711096103E-01
    4.8500100000E-01    4.4302822114E-01    2.7728751818E-01
    4.8600100000E-01    4.4146990568E-01    2.7746465374E-01
    4.8700100000E-01    4.3991310030E-01    2.7764236936E-01
    4.8800100000E-01    4.3835782016E-01    2.7782066667E-01
    4.8900100000E-01    4.3680408031E-01    2.7799954735E-01
    4.9000100000E-01    4.3525189576E-01    2.7817901303E-01
    4.9100100000E-01    4.3370128145E-01    2.7835906540E-01
    4.9200100000E-01    4.3215225223E-01    2.7853970613E-01
    4.9300100000E-01    4.3060482290E-01    2.7872093690E-01
    4.9400100000E-01    4.2905900819E-01    2.7890275940E-01
    4.9500100000E-01    4.2751482275E-01    2.7908517533E-01
    4.9600100000E-01    4.2597228117E-01    2.7926818638E-01
    4.9700100000E-01    4.2443139797E-01    2.7945179428E-01
    4.9800100000E-01    4.2289218759E-01    2.7963600074E-01
    4.9900100000E-01    4.2135466441E-01    2.7982080749E-01
    5.0000100000E-01    4.1981884274E-01    2.8000621626E-01
    5.0100100000E-01    4.1828473681E-01    2.8019222880E-01
    5.0200100000E-01    4.1675236079E-01    2.8037884685E-01
    5.0300100000E-01    4.1522172879E-01    2.8056607216E-01
    5.0400100000E-01    4.1369285483E-01    2.8075390651E-01
    5.0500100000E-01    4.1216575285E-01    2.8094235166E-01
    5.0600100000E-01    4.1064043676E-01    2.8113140940E-01
    5.0700100000E-01    4.0911692036E-01    2.8132108150E-01
    5.0800100000E-01    4.0759521741E-01    2.8151136978E-01
    5.0900100000E-01    4.0607534157E-01    2.8170227602E-01
    5.1000100000E-01    4.0455730645E-01    2.8189380204E-01
    5.1100100000E-01    4.0304112558E-01    2.8208594965E-01
    5.1200100000E-01    4.0152681242E-01    2.8227872069E-01
    5.1300100000E-01    4.0001438036E-01    2.8247211698E-01
    5.1400100000E-01    3.9850384273E-01    2.8266614037E-01
    5.1500100000E-01    3.9699521277E-01    2.8286079271E-01
    5.1600100000E-01    3.9548850366E-01    2.8305607586E-01
    5.1700100000E-01    3.9398372851E-01    2.8325199167E-01
    5.1800100000E-01    3.9248090035E-01    2.8344854203E-01
    5.1900100000E-01    3.9098003213E-01    2.8364572882E-01
    5.2000100000E-01    3.8948113677E-01    2.8384355392E-01
    5.2100100000E-01    3.8798422707E-01    2.8404201924E-01
    5.2200100000E-01    3.8648931578E-01    2.8424112668E-01
    5.2300100000E-01    3.8499641559E-01    2.8444087815E-01
    5.2400100000E-01    3.8350553909E-01    2.8464127559E-01
    5.2500100000E-01    3.8201669883E-01    2.8484232091E-01
    5.2600100000E-01    3.8052990726E-01    2.8504401606E-01
    5.2700100000E-01    3.7904517677E-01    2.8524636299E-01
    5.2800100000E-01    3.7756251969E-01    2.8544936365E-01
    5.2900100000E-01    3.7608194826E-01    2.8565302001E-01
    5.3000100000E-01    3.7460347466E-01    2.8585733404E-01
    5.3100100000E-01    3.7312711098E-01    2.8606230772E-01
    5.3200100000E-01    3.7165286927E-01    2.8626794305E-01
    5.3300100000E-01    3.7018076148E-01    2.8647424202E-01
    5.3400100000E-01    3.6871079950E-01    2.8668120664E-01
    5.3500100000E-01    3.6724299514E-01    2.8688883892E-01
    5.3600100000E-01    3.6577736016E-01    2.8709714089E-01
    5.3700100000E-01    3.6431390621E-01    2.8730611459E-01
    5.3800100000E-01    3.6285264491E-01    2.8751576205E-01
    5.3900100000E-01    3.6139358777E-01    2.8772608533E-01
    5.4000100000E-01    3.5993674626E-01    2.8793708649E-01
    5.4100100000E-01    3.5848213176E-01    2.8814876759E-01
    5.4200100000E-01    3.5702975558E-01    2.8836113072E-01
    5.4300100000E-01    3.5557962896E-01    2.8857417796E-01
    5.4400100000E-01    3.5413176306E-01    2.8878791141E-01
    5.4500100000E-01    3.5268616900E-01    2.8900233317E-01
    5.4600100000E-01    3.5124285778E-01    2.8921744535E-01
    5.4700100000E-01    3.4980184037E-01    2.8943325008E-01
    5.4800100000E-01    3.4836312763E-01    2.8964974950E-01
    5.4900100000E-01    3.4692673039E-01    2.8986694573E-01
    5.5000100000E-01    3.4549265937E-01    2.9008484094E-01
    5.5100100000E-01    3.4406092524E-01    2.9030343728E-01
    5.5200100000E-01    3.4263153860E-01    2.9052273692E-01
    5.5300100000E-01    3.4120450996E-01    2.9074274205E-01
    5.5400100000E-01    3.3977984977E-01    2.9096345484E-01
    5.5500100000E-01    3.3835756841E-01    2.9118487750E-01
    5.5600100000E-01    3.3693767619E-01    2.9140701223E-01
    5.5700100000E-01    3.3552018333E-01    2.9162986126E-01
    5.5800100000E-01    3.3410510001E-01    2.9185342680E-01
    5.5900100000E-01    3.3269243630E-01    2.9207771109E-01
    5.6000100000E-01    3.3128220223E-01    2.9230271637E-01
    5.6100100000E-01    3.2987440775E-01    2.9252844491E-01
    5.6200100000E-01    3.2846906273E-01    2.9275489897E-01
    5.6300100000E-01    3.2706617697E-01    2.9298208082E-01
    5.6400100000E-01    3.2566576021E-01    2.9320999274E-01
    5.6500100000E-01    3.2426782210E-01    2.9343863703E-01
    5.6600100000E-01    3.2287237224E-01    2.9366801599E-01
    5.6700100000E-01    3.2147942014E-01    2.9389813195E-01
    5.6800100000E-01    3.2008897526E-01    2.9412898721E-01
    5.6900100000E-01    3.1870104696E-01    2.9436058412E-01
    5.7000100000E-01    3.1731564456E-01    2.9459292502E-01
    5.7100100000E-01    3.1593277728E-01    2.9482601227E-01
    5.7200100000E-01    3.1455245428E-01    2.9505984822E-01
    5.7300100000E-01    3.1317468466E-01    2.9529443525E-01
    5.7400100000E-01    3.1179947745E-01    2.9552977576E-01
    5.7500100000E-01    3.1042684158E-01    2.9576587212E-01
    5.7600100000E-01    3.0905678593E-01    2.9600272676E-01
    5.7700100000E-01    3.0768931933E-01    2.9624034208E-01
    5.7800100000E-01    3.0632445049E-01    2.9647872051E-01
    5.7900100000E-01    3.0496218810E-01    2.9671786448E-01
    5.8000100000E-01    3.0360254074E-01    2.9695777645E-01
    5.8100100000E-01    3.0224551694E-01    2.9719845887E-01
    5.8200100000E-01    3.0089112516E-01    2.9743991422E-01
    5.8300100000E-01    2.9953937378E-01    2.9768214496E-01
    5.8400100000E-01    2.9819027113E-01    2.9792515359E-01
    5.8500100000E-01    2.9684382543E-01    2.9816894261E-01
    5.8600100000E-01    2.9550004488E-01    2.9841351453E-01
    5.8700100000E-01    2.9415893757E-01    2.9865887188E-01
    5.8800100000E-01    2.9282051154E-01    2.9890501718E-01
    5.8900100000E-01    2.9148477476E-01    2.9915195298E-01
    5.9000100000E-01    2.9015173513E-01    2.9939968184E-01
    5.9100100000E-01    2.8882140046E-01    2.9964820631E-01
    5.9200100000E-01    2.8749377852E-01    2.9989752899E-01
    5.9300100000E-01    2.8616887700E-01    3.0014765244E-01
    5.9400100000E-01    2.8484670351E-01    3.0039857929E-01
    5.9500100000E-01    2.8352726561E-01    3.0065031213E-01
    5.9600100000E-01    2.8221057078E-01    3.0090285358E-01
    5.9700100000E-01    2.8089662642E-01    3.0115620629E-01
    5.9800100000E-01    2.7958543989E-01    3.0141037289E-01
    5.9900100000E-01    2.7827701846E-01    3.0166535604E-01
    6.0000100000E-01    2.7697136933E-01    3.0192115841E-01
    6.0100100000E-01    2.7566849964E-01    3.0217778267E-01
    6.0200100000E-01    2.7436841646E-01    3.0243523152E-01
    6.0300100000E-01    2.7307112679E-01    3.0269350766E-01
    6.0400100000E-01    2.7177663758E-01    3.0295261380E-01
    6.0500100000E-01    2.7048495567E-01    3.0321255267E-01
    6.0600100000E-01    2.6919608788E-01    3.0347332700E-01
    6.0700100000E-01    2.6791004092E-01    3.0373493954E-01
    6.0800100000E-01    2.6662682147E-01    3.0399739305E-01
    6.0900100000E-01    2.6534643611E-01    3.0426069031E-01
    6.1000100000E-01    2.6406889138E-01    3.0452483410E-01
    6.1100100000E-01    2.6279419374E-01    3.0478982722E-01
    6.1200100000E-01    2.6152234957E-01    3.0505567247E-01
    6.1300100000E-01    2.6025336522E-01    3.0532237268E-01
    6.1400100000E-01    2.5898724693E-01    3.0558993068E-01
    6.1500100000E-01    2.5772400090E-01    3.0585834931E-01
    6.1600100000E-01    2.5646363326E-01    3.0612763142E-01
    6.1700100000E-01    2.5520615007E-01    3.0639777990E-01
    6.1800100000E-01    2.5395155732E-01    3.0666879762E-01
    6.1900100000E-01    2.5269986094E-01    3.0694068748E-01
    6.2000100000E-01    2.5145106680E-01    3.0721345238E-01
    6.2100100000E-01    2.5020518069E-01    3.0748709524E-01
    6.2200100000E-01    2.4896220834E-01    3.0776161899E-01
    6.2300100000E-01    2.4772215542E-01    3.0803702658E-01
    6.2400100000E-01    2.4648502753E-01    3.0831332097E-01
    6.2500100000E-01    2.4525083021E-01    3.0859050513E-01
    6.2600100000E-01    2.4401956892E-01    3.0886858203E-01
    6.2700100000E-01    2.4279124908E-01    3.0914755467E-01
    6.2800100000E-01    2.4156587602E-01    3.0942742606E-01
    6.2900100000E-01    2.4034345502E-01    3.0970819923E-01
    6.3000100000E-01    2.3912399130E-01    3.0998987721E-01
    6.3100100000E-01    2.3790748999E-01    3.1027246304E-01
    6.3200100000E-01    2.3669395620E-01    3.1055595978E-01
    6.3300100000E-01    2.3548339493E-01    3.1084037052E-01
    6.3400100000E-01    2.3427581114E-01    3.1112569832E-01
    6.3500100000E-01    2.3307120973E-01    3.1141194631E-01
    6.3600100000E-01    2.3186959553E-01    3.1169911758E-01
    6.3700100000E-01    2.3067097330E-01    3.1198721527E-01
    6.3800100000E-01    2.2947534776E-01    3.1227624251E-01
    6.3900100000E-01    2.2828272353E-01    3.1256620247E-01
    6.4000100000E-01    2.2709310521E-01    3.1285709830E-01
    6.4100100000E-01    2.2590649730E-01    3.1314893319E-01
    6.4200100000E-01    2.2472290426E-01    3.1344171033E-01
    6.4300100000E-01    2.2354233048E-01    3.1373543293E-01
    6.4400100000E-01    2.2236478030E-01    3.1403010422E-01
    6.4500100000E-01    2.2119025798E-01    3.1432572742E-01
    6.4600100000E-01    2.2001876773E-01    3.1462230579E-01
    6.4700100000E-01    2.1885031369E-01    3.1491984260E-01
    6.4800100000E-01    2.1768489995E-01    3.1521834111E-01
    6.4900100000E-01    2.1652253054E-01    3.1551780463E-01
    6.5000100000E-01    2.1536320942E-01    3.1581823645E-01
    6.5100100000E-01    2.1420694048E-01    3.1611963990E-01
    6.5200100000E-01    2.1305372757E-01    3.1642201832E-01
    6.5300100000E-01    2.1190357448E-01    3.1672537504E-01
    6.5400100000E-01    2.1075648493E-01    3.1702971344E-01
    6.5500100000E-01    2.0961246257E-01    3.1733503689E-01
    6.5600100000E-01    2.0847151102E-01    3.1764134878E-01
    6.5700100000E-01    2.0733363381E-01    3.1794865252E-01
    6.5800100000E-01    2.0619883443E-01    3.1825695153E-01
    6.5900100000E-01    2.0506711630E-01    3.1856624925E-01
    6.6000100000E-01    2.0393848280E-01    3.1887654912E-01
    6.6100100000E-01    2.0281293722E-01    3.1918785461E-01
    6.6200100000E-01    2.0169048283E-01    3.1950016921E-01
    6.6300100000E-01    2.0057112280E-01    3.1981349640E-01
    6.6400100000E-01    1.9945486028E-01    3.2012783970E-01
    6.6500100000E-01    1.9834169834E-01    3.2044320262E-01
    6.6600100000E-01    1.9723164001E-01    3.2075958872E-01
    6.6700100000E-01    1.9612468823E-01    3.2107700154E-01
    6.6800100000E-01    1.9502084592E-01    3.2139544466E-01
    6.6900100000E-01    1.9392011592E-01    3.2171492166E-01
    6.7000100000E-01    1.9282250102E-01    3.2203543614E-01
    6.7100100000E-01    1.9172800396E-01    3.2235699171E-01
    6.7200100000E-01    1.9063662742E-01    3.2267959202E-01
    6.7300100000E-01    1.8954837402E-01    3.2300324070E-01
    6.7400100000E-01    1.8846324632E-01    3.2332794142E-01
    6.7500100000E-01    1.8738124683E-01    3.2365369785E-01
    6.7600100000E-01    1.8630237802E-01    3.2398051370E-01
    6.7700100000E-01    1.8522664228E-01    3.2430839266E-01
    6.7800100000E-01    1.8415404196E-01    3.2463733847E-01
    6.7900100000E-01    1.8308457935E-01    3.2496735486E-01
    6.8000100000E-01    1.8201825669E-01    3.2529844560E-01
    6.8100100000E-01    1.8095507615E-01    3.2563061445E-01
    6.8200100000E-01    1.7989503987E-01    3.2596386521E-01
    6.8300100000E-01    1.7883814992E-01    3.2629820168E-01
    6.8400100000E-01    1.7778440832E-01    3.2663362768E-01
    6.8500100000E-01    1.7673381705E-01    3.2697014705E-01
    6.8600100000E-01    1.7568637801E-01    3.2730776365E-01
    6.8700100000E-01    1.7464209308E-01    3.2764648133E-01
    6.8800100000E-01    1.7360096405E-01    3.2798630400E-01
    6.8900100000E-01    1.7256299269E-01    3.2832723555E-01
    6.9000100000E-01    1.7152818070E-01    3.2866927991E-01
    6.9100100000E-01    1.7049652974E-01    3.2901244100E-01
    6.9200100000E-01    1.6946804141E-01    3.2935672279E-01
    6.9300100000E-01    1.6844271725E-01    3.2970212923E-01
    6.9400100000E-01    1.6742055878E-01    3.3004866433E-01
    6.9500100000E-01    1.6640156744E-01    3.3039633208E-01
    6.9600100000E-01    1.6538574462E-01    3.3074513650E-01
    6.9700100000E-01    1.6437309168E-01    3.3109508164E-01
    6.9800100000E-01    1.6336360991E-01    3.3144617153E-01
    6.9900100000E-01    1.6235730056E-01    3.3179841026E-01
    7.0000100000E-01    1.6135416484E-01    3.3215180192E-01
    7.0100100000E-01    1.6035420388E-01    3.3250635061E-01
    7.0200100000E-01    1.5935741879E-01    3.3286206045E-01
    7.0300100000E-01    1.5836381063E-01    3.3321893558E-01
    7.0400100000E-01    1.5737338039E-01    3.3357698017E-01
    7.0500100000E-01    1.5638612902E-01    3.3393619838E-01
    7.0600100000E-01    1.5540205745E-01    3.3429659441E-01
    7.0700100000E-01    1.5442116651E-01    3.3465817248E-01
    7.0800100000E-01    1.5344345703E-01    3.3502093680E-01
    7.0900100000E-01    1.5246892977E-01    3.3538489164E-01
    7.1000100000E-01    1.5149758545E-01    3.3575004124E-01
    7.1100100000E-01    1.5052942473E-01    3.3611638989E-01
    7.1200100000E-01    1.4956444824E-01    3.3648394189E-01
    7.1300100000E-01    1.4860265655E-01    3.3685270157E-01
    7.1400100000E-01    1.4764405021E-01    3.3722267325E-01
    7.1500100000E-01    1.4668862968E-01    3.3759386128E-01
    7.1600100000E-01    1.4573639543E-01    3.3796627005E-01
    7.1700100000E-01    1.4478734783E-01    3.3833990395E-01
    7.1800100000E-01    1.4384148723E-01    3.3871476737E-01
    7.1900100000E-01    1.4289881396E-01    3.3909086475E-01
    7.2000100000E-01    1.4195932826E-01    3.3946820053E-01
    7.2100100000E-01    1.4102303035E-01    3.3984677918E-01
    7.2200100000E-01    1.4008992041E-01    3.4022660519E-01
    7.2300100000E-01    1.3915999857E-01    3.4060768304E-01
    7.2400100000E-01    1.3823326491E-01    3.4099001727E-01
    7.2500100000E-01    1.3730971947E-01    3.4137361241E-01
    7.2600100000E-01    1.3638936227E-01    3.4175847301E-01
    7.2700100000E-01    1.3547219325E-01    3.4214460366E-01
    7.2800100000E-01    1.3455821233E-01    3.4253200896E-01
    7.2900100000E-01    1.3364741939E-01    3.4292069351E-01
    7.3000100000E-01    1.3273981426E-01    3.4331066195E-01
    7.3100100000E-01    1.3183539674E-01    3.4370191893E-01
    7.3200100000E-01    1.3093416656E-01    3.4409446912E-01
    7.3300100000E-01    1.3003612345E-01    3.4448831723E-01
    7.3400100000E-01    1.2914126708E-01    3.4488346795E-01
    7.3500100000E-01    1.2824959706E-01    3.4527992601E-01
    7.3600100000E-01    1.2736111300E-01    3.4567769617E-01
    7.3700100000E-01    1.2647581444E-01    3.4607678320E-01
    7.3800100000E-01    1.2559370089E-01    3.4647719189E-01
    7.3900100000E-01    1.2471477183E-01    3.4687892703E-01
    7.4000100000E-01    1.2383902668E-01    3.4728199347E-01
    7.4100100000E-01    1.2296646485E-01    3.4768639604E-01
    7.4200100000E-01    1.2209708569E-01    3.4809213963E-01
    7.4300100000E-01    1.2123088852E-01    3.4849922910E-01
    7.4400100000E-01    1.2036787262E-01    3.4890766938E-01
    7.4500100000E-01    1.1950803724E-01    3.4931746539E-01
    7.4600100000E-01    1.1865138158E-01    3.4972862207E-01
    7.4700100000E-01    1.1779790481E-01    3.5014114440E-01
    7.4800100000E-01    1.1694760607E-01    3.5055503736E-01
    7.4900100000E-01    1.1610048446E-01    3.5097030597E-01
    7.5000100000E-01    1.1525653904E-01    3.5138695524E-01
    7.5100100000E-01    1.1441576884E-01    3.5180499024E-01
    7.5200100000E-01    1.1357817285E-01    3.5222441602E-01
    7.5300100000E-01    1.1274375003E-01    3.5264523768E-01
    7.5400100000E-01    1.1191249931E-01    3.5306746033E-01
    7.5500100000E-01    1.1108441956E-01    3.5349108909E-01
    7.5600100000E-01    1.1025950966E-01    3.5391612913E-01
    7.5700100000E-01    1.0943776842E-01    3.5434258562E-01
    7.5800100000E-01    1.0861919463E-01    3.5477046374E-01
    7.5900100000E-01    1.0780378704E-01    3.5519976871E-01
    7.6000100000E-01    1.0699154439E-01    3.5563050577E-01
    7.6100100000E-01    1.0618246536E-01    3.5606268017E-01
    7.6200100000E-01    1.0537654861E-01    3.5649629720E-01
    7.6300100000E-01    1.0457379278E-01    3.5693136214E-01
    7.6400100000E-01    1.0377419645E-01    3.5736788031E-01
    7.6500100000E-01    1.0297775820E-01    3.5780585706E-01
    7.6600100000E-01    1.0218447656E-01    3.5824529775E-01
    7.6700100000E-01    1.0139435004E-01    3.5868620777E-01
    7.6800100000E-01    1.0060737711E-01    3.5912859250E-01
    7.6900100000E-01    9.9823556223E-02    3.5957245739E-01
    7.7000100000E-01    9.9042885790E-02    3.6001780788E-01
    7.7100100000E-01    9.8265364202E-02    3.6046464943E-01
    7.7200100000E-01    9.7490989818E-02    3.6091298754E-01
    7.7300100000E-01    9.6719760971E-02    3.6136282772E-01
    7.7400100000E-01    9.5951675964E-02    3.6181417550E-01
    7.7500100000E-01    9.5186733074E-02    3.6226703643E-01
    7.7600100000E-01    9.4424930549E-02    3.6272141610E-01
    7.7700100000E-01    9.3666266614E-02    3.6317732009E-01
    7.7800100000E-01    9.2910739463E-02    3.6363475404E-01
    7.7900100000E-01    9.2158347267E-02    3.6409372358E-01
    7.8000100000E-01    9.1409088169E-02    3.6455423438E-01
    7.8100100000E-01    9.0662960291E-02    3.6501629212E-01
    7.8200100000E-01    8.9919961724E-02    3.6547990251E-01
    7.8300100000E-01    8.9180090539E-02    3.6594507128E-01
    7.8400100000E-01    8.8443344781E-02    3.6641180418E-01
    7.8500100000E-01    8.7709722472E-02    3.6688010699E-01
    7.8600100000E-01    8.6979221608E-02    3.6734998550E-01
    7.8700100000E-01    8.6251840166E-02    3.6782144554E-01
    7.8800100000E-01    8.5527576096E-02    3.6829449293E-01
    7.8900100000E-01    8.4806427329E-02    3.6876913355E-01
    7.9000100000E-01    8.4088391772E-02    3.6924537329E-01
    7.9100100000E-01    8.3373467311E-02    3.6972321804E-01
    7.9200100000E-01    8.2661651810E-02    3.7020267373E-01
    7.9300100000E-01    8.1952943114E-02    3.7068374633E-01
    7.9400100000E-01    8.1247339046E-02    3.7116644181E-01
    7.9500100000E-01    8.0544837410E-02    3.7165076616E-01
    7.9600100000E-01    7.9845435989E-02    3.7213672540E-01
    7.9700100000E-01    7.9149132547E-02    3.7262432558E-01
    7.9800100000E-01    7.8455924831E-02    3.7311357276E-01
    7.9900100000E-01    7.7765810568E-02    3.7360447302E-01
    8.0000100000E-01    7.7078787466E-02    3.7409703249E-01
    8.0100100000E-01    7.6394853217E-02    3.7459125729E-01
    8.0200100000E-01    7.5714005496E-02    3.7508715358E-01
    8.0300100000E-01    7.5036241960E-02    3.7558472753E-01
    8.0400100000E-01    7.4361560250E-02    3.7608398535E-01
    8.0500100000E-01    7.3689957992E-02    3.7658493326E-01
    8.0600100000E-01    7.3021432795E-02    3.7708757751E-01
    8.0700100000E-01    7.2355982253E-02    3.7759192437E-01
    8.0800100000E-01    7.1693603948E-02    3.7809798013E-01
    8.0900100000E-01    7.1034295444E-02    3.7860575110E-01
    8.1000100000E-01    7.0378054294E-02    3.7911524362E-01
    8.1100100000E-01    6.9724878036E-02    3.7962646406E-01
    8.1200100000E-01    6.9074764197E-02    3.8013941880E-01
    8.1300100000E-01    6.8427710289E-02    3.8065411424E-01
    8.1400100000E-01    6.7783713816E-02    3.8117055682E-01
    8.1500100000E-01    6.7142772265E-02    3.8168875298E-01
    8.1600100000E-01    6.6504883118E-02    3.8220870920E-01
    8.1700100000E-01    6.5870043842E-02    3.8273043198E-01
    8.1800100000E-01    6.5238251896E-02    3.8325392784E-01
    8.1900100000E-01    6.4609504729E-02    3.8377920332E-01
    8.2000100000E-01    6.3983799781E-02    3.8430626500E-01
    8.2100100000E-01    6.3361134484E-02    3.8483511945E-01
    8.2200100000E-01    6.2741506261E-02    3.8536577330E-01
    8.2300100000E-01    6.2124912528E-02    3.8589823318E-01
    8.2400100000E-01    6.1511350694E-02    3.8643250574E-01
    8.2500100000E-01    6.0900818161E-02    3.8696859767E-01
    8.2600100000E-01    6.0293312325E-02    3.8750651567E-01
    8.2700100000E-01    5.9688830577E-02    3.8804626648E-01
    8.2800100000E-01    5.9087370305E-02    3.8858785683E-01
    8.2900100000E-01    5.8488928888E-02    3.8913129350E-01
    8.3000100000E-01    5.7893503705E-02    3.8967658329E-01
    8.3100100000E-01    5.7301092130E-02    3.9022373301E-01
    8.3200100000E-01    5.6711691536E-02    3.9077274950E-01
    8.3300100000E-01    5.6125299292E-02    3.9132363964E-01
    8.3400100000E-01    5.5541912767E-02    3.9187641030E-01
    8.3500100000E-01    5.4961529327E-02    3.9243106839E-01
    8.3600100000E-01    5.4384146340E-02    3.9298762085E-01
    8.3700100000E-01    5.3809761172E-02    3.9354607462E-01
    8.3800100000E-01    5.3238371193E-02    3.9410643669E-01
    8.3900100000E-01    5.2669973771E-02    3.9466871405E-01
    8.4000100000E-01    5.2104566279E-02    3.9523291373E-01
    8.4100100000E-01    5.1542146090E-02    3.9579904276E-01
    8.4200100000E-01    5.0982710583E-02    3.9636710822E-01
    8.4300100000E-01    5.0426257140E-02    3.9693711719E-01
    8.4400100000E-01    4.9872783147E-02    3.9750907678E-01
    8.4500100000E-01    4.9322285997E-02    3.9808299413E-01
    8.4600100000E-01    4.8774763088E-02    3.9865887639E-01
    8.4700100000E-01    4.8230211824E-02    3.9923673073E-01
    8.4800100000E-01    4.7688629620E-02    3.9981656436E-01
    8.4900100000E-01    4.7150013895E-02    4.0039838450E-01
    8.5000100000E-01    4.6614362080E-02    4.0098219838E-01
    8.5100100000E-01    4.6081671614E-02    4.0156801328E-01
    8.5200100000E-01    4.5551939948E-02    4.0215583647E-01
    8.5300100000E-01    4.5025164542E-02    4.0274567527E-01
    8.5400100000E-01    4.4501342872E-02    4.0333753700E-01
    8.5500100000E-01    4.3980472423E-02    4.0393142901E-01
    8.5600100000E-01    4.3462550696E-02    4.0452735868E-01
    8.5700100000E-01    4.2947575205E-02    4.0512533339E-01
    8.5800100000E-01    4.2435543480E-02    4.0572536057E-01
    8.5900100000E-01    4.1926453069E-02    4.0632744764E-01
    8.6000100000E-01    4.1420301534E-02    4.0693160206E-01
    8.6100100000E-01    4.0917086458E-02    4.0753783131E-01
    8.6200100000E-01    4.0416805442E-02    4.0814614288E-01
    8.6300100000E-01    3.9919456105E-02    4.0875654430E-01
    8.6400100000E-01    3.9425036090E-02    4.0936904309E-01
    8.6500100000E-01    3.8933543060E-02    4.0998364681E-01
    8.6600100000E-01    3.8444974701E-02    4.1060036305E-01
    8.6700100000E-01    3.7959328723E-02    4.1121919940E-01
    8.6800100000E-01    3.7476602861E-02    4.1184016348E-01
    8.6900100000E-01    3.6996794877E-02    4.1246326292E-01
    8.7000100000E-01    3.6519902559E-02    4.1308850538E-01
    8.7100100000E-01    3.6045923723E-02    4.1371589854E-01
    8.7200100000E-01    3.5574856214E-02    4.1434545010E-01
    8.7300100000E-01    3.5106697909E-02    4.1497716776E-01
    8.7400100000E-01    3.4641446716E-02    4.1561105926E-01
    8.7500100000E-01    3.4179100576E-02    4.1624713235E-01
    8.7600100000E-01    3.3719657463E-02    4.1688539479E-01
    8.7700100000E-01    3.3263115388E-02    4.1752585439E-01
    8.7800100000E-01    3.2809472399E-02    4.1816851894E-01
    8.7900100000E-01    3.2358726580E-02    4.1881339627E-01
    8.8000100000E-01    3.1910876056E-02    4.1946049421E-01
    8.8100100000E-01    3.1465918994E-02    4.2010982063E-01
    8.8200100000E-01    3.1023853600E-02    4.2076138340E-01
    8.8300100000E-01    3.0584678128E-02    4.2141519042E-01
    8.8400100000E-01    3.0148390874E-02    4.2207124959E-01
    8.8500100000E-01    2.9714990184E-02    4.2272956884E-01
    8.8600100000E-01    2.9284474449E-02    4.2339015611E-01
    8.8700100000E-01    2.8856842112E-02    4.2405301936E-01
    8.8800100000E-01    2.8432091670E-02    4.2471816656E-01
    8.8900100000E-01    2.8010221671E-02    4.2538560570E-01
    8.9000100000E-01    2.7591230719E-02    4.2605534478E-01
    8.9100100000E-01    2.7175117476E-02    4.2672739183E-01
    8.9200100000E-01    2.6761880662E-02    4.2740175486E-01
    8.9300100000E-01    2.6351519062E-02    4.2807844194E-01
    8.9400100000E-01    2.5944031519E-02    4.2875746112E-01
    8.9500100000E-01    2.5539416945E-02    4.2943882047E-01
    8.9600100000E-01    2.5137674319E-02    4.3012252809E-01
    8.9700100000E-01    2.4738802690E-02    4.3080859206E-01
    8.9800100000E-01    2.4342801177E-02    4.3149702051E-01
    8.9900100000E-01    2.3949668976E-02    4.3218782156E-01
    9.0000100000E-01    2.3559405359E-02    4.3288100335E-01
    9.0100100000E-01    2.3172009678E-02    4.3357657402E-01
    9.0200100000E-01    2.2787481365E-02    4.3427454172E-01
    9.0300100000E-01    2.2405819941E-02    4.3497491464E-01
    9.0400100000E-01    2.2027025011E-02    4.3567770095E-01
    9.0500100000E-01    2.1651096271E-02    4.3638290883E-01
    9.0600100000E-01    2.1278033512E-02    4.3709054649E-01
    9.0700100000E-01    2.0907836622E-02    4.3780062213E-01
    9.0800100000E-01    2.0540505586E-02    4.3851314397E-01
    9.0900100000E-01    2.0176040495E-02    4.3922812023E-01
    9.1000100000E-01    1.9814441547E-02    4.3994555914E-01
    9.1100100000E-01    1.9455709048E-02    4.4066546894E-01
    9.1200100000E-01    1.9099843420E-02    4.4138785787E-01
    9.1300100000E-01    1.8746845202E-02    4.4211273417E-01
    9.1400100000E-01    1.8396715056E-02    4.4284010612E-01
    9.1500100000E-01    1.8049453770E-02    4.4356998196E-01
    9.1600100000E-01    1.7705062262E-02    4.4430236995E-01
    9.1700100000E-01    1.7363541585E-02    4.4503727838E-01
    9.1800100000E-01    1.7024892935E-02    4.4577471550E-01
    9.1900100000E-01    1.6689117648E-02    4.4651468958E-01
    9.2000100000E-01    1.6356217214E-02    4.4725720891E-01
    9.2100100000E-01    1.6026193277E-02    4.4800228176E-01
    9.2200100000E-01    1.5699047642E-02    4.4874991641E-01
    9.2300100000E-01    1.5374782281E-02    4.4950012113E-01
    9.2400100000E-01    1.5053399340E-02    4.5025290419E-01
    9.2500100000E-01    1.4734901144E-02    4.5100827387E-01
    9.2600100000E-01    1.4419290203E-02    4.5176623844E-01
    9.2700100000E-01    1.4106569223E-02    4.5252680617E-01
    9.2800100000E-01    1.3796741108E-02    4.5328998532E-01
    9.2900100000E-01    1.3489808971E-02    4.5405578415E-01
    9.3000100000E-01    1.3185776144E-02    4.5482421092E-01
    9.3100100000E-01    1.2884646180E-02    4.5559527388E-01
    9.3200100000E-01    1.2586422870E-02    4.5636898125E-01
    9.3300100000E-01    1.2291110245E-02    4.5714534129E-01
    9.3400100000E-01    1.1998712593E-02    4.5792436220E-01
    9.3500100000E-01    1.1709234461E-02    4.5870605220E-01
    9.3600100000E-01    1.1422680676E-02    4.5949041951E-01
    9.3700100000E-01    1.1139056348E-02    4.6027747229E-01
    9.3800100000E-01    1.0858366886E-02    4.6106721875E-01
    9.3900100000E-01    1.0580618013E-02    4.6185966703E-01
    9.4000100000E-01    1.0305815773E-02    4.6265482529E-01
    9.4100100000E-01    1.0033966555E-02    4.6345270167E-01
    9.4200100000E-01    9.7650770993E-03    4.6425330427E-01
    9.4300100000E-01    9.4991545192E-03    4.6505664120E-01
    9.4400100000E-01    9.2362063170E-03    4.6586272053E-01
    9.4500100000E-01    8.9762404020E-03    4.6667155033E-01
    9.4600100000E-01    8.7192651104E-03    4.6748313862E-01
    9.4700100000E-01    8.4652892263E-03    4.6829749342E-01
    9.4800100000E-01    8.2143220036E-03    4.6911462272E-01
    9.4900100000E-01    7.9663731902E-03    4.6993453448E-01
    9.5000100000E-01    7.7214530533E-03    4.7075723664E-01
    9.5100100000E-01    7.4795724063E-03    4.7158273709E-01
    9.5200100000E-01    7.2407426385E-03    4.7241104371E-01
    9.5300100000E-01    7.0049757461E-03    4.7324216435E-01
    9.5400100000E-01    6.7722843660E-03    4.7407610682E-01
    9.5500100000E-01    6.5426818122E-03    4.7491287889E-01
    9.5600100000E-01    6.3161821146E-03    4.7575248829E-01
    9.5700100000E-01    6.0928000616E-03    4.7659494273E-01
    9.5800100000E-01    5.8725512455E-03    4.7744024986E-01
    9.5900100000E-01    5.6554521125E-03    4.7828841729E-01
    9.6000100000E-01    5.4415200162E-03    4.7913945261E-01
    9.6100100000E-01    5.2307732763E-03    4.7999336333E-01
    9.6200100000E-01    5.0232312426E-03    4.8085015692E-01
    9.6300100000E-01    4.8189143646E-03    4.8170984082E-01
    9.6400100000E-01    4.6178442683E-03    4.8257242240E-01
    9.6500100000E-01    4.4200438397E-03    4.8343790896E-01
    9.6600100000E-01    4.2255373178E-03    4.8430630777E-01
    9.6700100000E-01    4.0343503961E-03    4.8517762603E-01
    9.6800100000E-01    3.8465103356E-03    4.8605187086E-01
    9.6900100000E-01    3.6620460902E-03    4.8692904935E-01
    9.7000100000E-01    3.4809884464E-03    4.8780916849E-01
    9.7100100000E-01    3.3033701785E-03    4.8869223520E-01
    9.7200100000E-01    3.1292262239E-03    4.8957825635E-01
    9.7300100000E-01    2.9585938797E-03    4.9046723870E-01
    9.7400100000E-01    2.7915130249E-03    4.9135918895E-01
    9.7500100000E-01    2.6280263724E-03    4.9225411370E-01
    9.7600100000E-01    2.4681797569E-03    4.9315201949E-01
    9.7700100000E-01    2.3120224647E-03    4.9405291272E-01
    9.7800100000E-01    2.1596076132E-03    4.9495679973E-01
    9.7900100000E-01    2.0109925912E-03    4.9586368674E-01
    9.8000100000E-01    1.8662395728E-03    4.9677357987E-01
    9.8100100000E-01    1.7254161210E-03    4.9768648514E-01
    9.8200100000E-01    1.5885959013E-03    4.9860240842E-01
    9.8300100000E-01    1.4558595357E-03    4.9952135548E-01
    9.8400100000E-01    1.3272956296E-03    5.0044333197E-01
    9.8500100000E-01    1.2030020243E-03    5.0136834337E-01
    9.8600100000E-01    1.0830873388E-03    5.0229639506E-01
    9.8700100000E-01    9.6767289525E-04    5.0322749222E-01
    9.8800100000E-01    8.5689515900E-04    5.0416163990E-01
    9.8900100000E-01    7.5090888352E-04    5.0509884299E-01
    9.9000100000E-01    6.4989124675E-04    5.0603910617E-01
    9.9100100000E-01    5.5404741858E-04    5.0698243394E-01
    9.9200100000E-01    4.6361826622E-04    5.0792883059E-01
    9.9300100000E-01    3.7889138313E-04    5.0887830021E-01
    9.9400100000E-01    3.0021754658E-04    5.0983084661E-01
    9.9500100000E-01    2.2803661278E-04    5.1078647336E-01
    9.9600100000E-01    1.6292121658E-04    5.1174518375E-01
    9.9700100000E-01    1.0565805740E-04    5.1270698071E-01
    9.9800100000E-01    5.7422971169E-05    5.1367186685E-01
    9.9900100000E-01    2.0267797679E-05    5.1463984428E-01
