    1.0000000000E-06    1.0000000000E+00    3.9999864748E-01
    1.0010000000E-03    9.9999835178E-01    3.9999876050E-01
    2.0010000000E-03    9.9999341371E-01    3.9999909911E-01
    3.0010000000E-03    9.9998518581E-01    3.9999966331E-01
    4.0010000000E-03    9.9997366813E-01    4.0000045311E-01
    5.0010000000E-03    9.9995886075E-01    4.0000146851E-01
    6.0010000000E-03    9.9994076375E-01    4.0000270951E-01
    7.0010000000E-03    9.9991937724E-01    4.0000417613E-01
    8.0010000000E-03    9.9989470134E-01    4.0000586836E-01
    9.0010000000E-03    9.9986673620E-01    4.0000778622E-01
    1.0001000000E-02    9.9983548199E-01    4.0000992972E-01
    1.1001000000E-02    9.9980093889E-01    4.0001229887E-01
    1.2001000000E-02    9.9976310711E-01    4.0001489369E-01
    1.3001000000E-02    9.9972198686E-01    4.0001771417E-01
    1.4001000000E-02    9.9967757840E-01    4.0002076035E-01
    1.5001000000E-02    9.9962988198E-01    4.0002403223E-01
    1.6001000000E-02    9.9957889790E-01    4.0002752984E-01
    1.7001000000E-02    9.9952462644E-01    4.0003125319E-01
    1.8001000000E-02    9.9946706793E-01    4.0003520230E-01
    1.9001000000E-02    9.9940622272E-01    4.0003937720E-01
    2.0001000000E-02    9.9934209116E-01    4.0004377790E-01
    2.1001000000E-02    9.9927467364E-01    4.0004840442E-01
    2.2001000000E-02    9.9920397054E-01    4.0005325680E-01
    2.3001000000E-02    9.9912998230E-01    4.0005833506E-01
    2.4001000000E-02    9.9905270935E-01    4.0006363922E-01
    2.5001000000E-02    9.9897215214E-01    4.0006916931E-01
    2.6001000000E-02    9.9888831115E-01    4.0007492537E-01
    2.7001000000E-02    9.9880118689E-01    4.0008090741E-01
    2.8001000000E-02    9.9871077986E-01    4.0008711548E-01
    2.9001000000E-02    9.9861709060E-01    4.0009354961E-01
    3.0001000000E-02    9.9852011966E-01    4.0010020982E-01
    3.1001000000E-02    9.9841986763E-01    4.0010709616E-01
    3.2001000000E-02    9.9831633509E-01    4.0011420866E-01
    3.3001000000E-02    9.9820952266E-01    4.0012154736E-01
    3.4001000000E-02    9.9809943096E-01    4.0012911230E-01
    3.5001000000E-02    9.9798606065E-01    4.0013690352E-01
    3.6001000000E-02    9.9786941241E-01    4.0014492105E-01
    3.7001000000E-02    9.9774948692E-01    4.0015316495E-01
    3.8001000000E-02    9.9762628489E-01    4.0016163525E-01
    3.9001000000E-02    9.9749980705E-01    4.0017033199E-01
    4.0001000000E-02    9.9737005416E-01    4.0017925524E-01
    4.1001000000E-02    9.9723702697E-01    4.0018840502E-01
    4.2001000000E-02    9.9710072627E-01    4.0019778139E-01
    4.3001000000E-02    9.9696115288E-01    4.0020738441E-01
    4.4001000000E-02    9.9681830762E-01    4.0021721411E-01
    4.5001000000E-02    9.9667219134E-01    4.0022727056E-01
    4.6001000000E-02    9.9652280489E-01    4.0023755380E-01
    4.7001000000E-02    9.9637014917E-01    4.0024806389E-01
    4.8001000000E-02    9.9621422507E-01    4.0025880089E-01
    4.9001000000E-02    9.9605503353E-01    4.0026976485E-01
    5.0001000000E-02    9.9589257548E-01    4.0028095583E-01
    5.1001000000E-02    9.9572685188E-01    4.0029237388E-01
    5.2001000000E-02    9.9555786372E-01    4.0030401908E-01
    5.3001000000E-02    9.9538561199E-01    4.0031589148E-01
    5.4001000000E-02    9.9521009772E-01    4.0032799114E-01
    5.5001000000E-02    9.9503132194E-01    4.0034031813E-01
    5.6001000000E-02    9.9484928572E-01    4.0035287251E-01
    5.7001000000E-02    9.9466399012E-01    4.0036565435E-01
    5.8001000000E-02    9.9447543625E-01    4.0037866371E-01
    5.9001000000E-02    9.9428362522E-01    4.0039190067E-01
    6.0001000000E-02    9.9408855817E-01    4.0040536530E-01
    6.1001000000E-02    9.9389023625E-01    4.0041905766E-01
    6.2001000000E-02    9.9368866063E-01    4.0043297784E-01
    6.3001000000E-02    9.9348383251E-01    4.0044712589E-01
    6.4001000000E-02    9.9327575311E-01    4.0046150191E-01
    6.5001000000E-02    9.9306442364E-01    4.0047610595E-01
    6.6001000000E-02    9.9284984536E-01    4.0049093811E-01
    6.7001000000E-02    9.9263201955E-01    4.0050599846E-01
    6.8001000000E-02    9.9241094748E-01    4.0052128708E-01
    6.9001000000E-02    9.9218663047E-01    4.0053680405E-01
    7.0001000000E-02    9.9195906985E-01    4.0055254945E-01
    7.1001000000E-02    9.9172826696E-01    4.0056852337E-01
    7.2001000000E-02    9.9149422316E-01    4.0058472589E-01
    7.3001000000E-02    9.9125693985E-01    4.0060115709E-01
    7.4001000000E-02    9.9101641842E-01    4.0061781707E-01
    7.5001000000E-02    9.9077266031E-01    4.0063470592E-01
    7.6001000000E-02    9.9052566694E-01    4.0065182371E-01
    7.7001000000E-02    9.9027543978E-01    4.0066917055E-01
    7.8001000000E-02    9.9002198031E-01    4.0068674652E-01
    7.9001000000E-02    9.8976529003E-01    4.0070455173E-01
    8.0001000000E-02    9.8950537047E-01    4.0072258625E-01
    8.1001000000E-02    9.8924222315E-01    4.0074085020E-01
    8.2001000000E-02    9.8897584963E-01    4.0075934366E-01
    8.3001000000E-02    9.8870625149E-01    4.0077806673E-01
    8.4001000000E-02    9.8843343032E-01    4.0079701952E-01
    8.5001000000E-02    9.8815738773E-01    4.0081620212E-01
    8.6001000000E-02    9.8787812537E-01    4.0083561464E-01
    8.7001000000E-02    9.8759564487E-01    4.0085525718E-01
    8.8001000000E-02    9.8730994792E-01    4.0087512985E-01
    8.9001000000E-02    9.8702103620E-01    4.0089523275E-01
    9.0001000000E-02    9.8672891141E-01    4.0091556598E-01
    9.1001000000E-02    9.8643357529E-01    4.0093612966E-01
    9.2001000000E-02    9.8613502958E-01    4.0095692389E-01
    9.3001000000E-02    9.8583327604E-01    4.0097794880E-01
    9.4001000000E-02    9.8552831647E-01    4.0099920447E-01
    9.5001000000E-02    9.8522015266E-01    4.0102069105E-01
    9.6001000000E-02    9.8490878643E-01    4.0104240862E-01
    9.7001000000E-02    9.8459421963E-01    4.0106435732E-01
    9.8001000000E-02    9.8427645412E-01    4.0108653726E-01
    9.9001000000E-02    9.8395549177E-01    4.0110894856E-01
    1.0000100000E-01    9.8363133448E-01    4.0113159134E-01
    1.0100100000E-01    9.8330398417E-01    4.0115446571E-01
    1.0200100000E-01    9.8297344277E-01    4.0117757180E-01
    1.0300100000E-01    9.8263971223E-01    4.0120090974E-01
    1.0400100000E-01    9.8230279454E-01    4.0122447965E-01
    1.0500100000E-01    9.8196269167E-01    4.0124828165E-01
    1.0600100000E-01    9.8161940564E-01    4.0127231588E-01
    1.0700100000E-01    9.8127293848E-01    4.0129658245E-01
    1.0800100000E-01    9.8092329223E-01    4.0132108151E-01
    1.0900100000E-01    9.8057046896E-01    4.0134581318E-01
    1.1000100000E-01    9.8021447076E-01    4.0137077759E-01
    1.1100100000E-01    9.7985529972E-01    4.0139597489E-01
    1.1200100000E-01    9.7949295798E-01    4.0142140519E-01
    1.1300100000E-01    9.7912744767E-01    4.0144706865E-01
    1.1400100000E-01    9.7875877094E-01    4.0147296539E-01
    1.1500100000E-01    9.7838692999E-01    4.0149909556E-01
    1.1600100000E-01    9.7801192700E-01    4.0152545930E-01
    1.1700100000E-01    9.7763376419E-01    4.0155205675E-01
    1.1800100000E-01    9.7725244380E-01    4.0157888804E-01
    1.1900100000E-01    9.7686796807E-01    4.0160595333E-01
    1.2000100000E-01    9.7648033927E-01    4.0163325277E-01
    1.2100100000E-01    9.7608955970E-01    4.0166078649E-01
    1.2200100000E-01    9.7569563167E-01    4.0168855465E-01
    1.2300100000E-01    9.7529855750E-01    4.0171655739E-01
    1.2400100000E-01    9.7489833953E-01    4.0174479487E-01
    1.2500100000E-01    9.7449498012E-01    4.0177326723E-01
    1.2600100000E-01    9.7408848167E-01    4.0180197464E-01
    1.2700100000E-01    9.7367884657E-01    4.0183091725E-01
    1.2800100000E-01    9.7326607723E-01    4.0186009520E-01
    1.2900100000E-01    9.7285017610E-01    4.0188950867E-01
    1.3000100000E-01    9.7243114562E-01    4.0191915781E-01
    1.3100100000E-01    9.7200898828E-01    4.0194904277E-01
    1.3200100000E-01    9.7158370657E-01    4.0197916372E-01
    1.3300100000E-01    9.7115530299E-01    4.0200952083E-01
    1.3400100000E-01    9.7072378007E-01    4.0204011425E-01
    1.3500100000E-01    9.7028914036E-01    4.0207094415E-01
    1.3600100000E-01    9.6985138643E-01    4.0210201071E-01
    1.3700100000E-01    9.6941052086E-01    4.0213331408E-01
    1.3800100000E-01    9.6896654625E-01    4.0216485443E-01
    1.3900100000E-01    9.6851946521E-01    4.0219663195E-01
    1.4000100000E-01    9.6806928040E-01    4.0222864679E-01
    1.4100100000E-01    9.6761599446E-01    4.0226089913E-01
    1.4200100000E-01    9.6715961006E-01    4.0229338915E-01
    1.4300100000E-01    9.6670012991E-01    4.0232611703E-01
    1.4400100000E-01    9.6623755670E-01    4.0235908294E-01
    1.4500100000E-01    9.6577189318E-01    4.0239228705E-01
    1.4600100000E-01    9.6530314208E-01    4.0242572956E-01
    1.4700100000E-01    9.6483130617E-01    4.0245941064E-01
    1.4800100000E-01    9.6435638823E-01    4.0249333048E-01
    1.4900100000E-01    9.6387839107E-01    4.0252748925E-01
    1.5000100000E-01    9.6339731750E-01    4.0256188715E-01
    1.5100100000E-01    9.6291317036E-01    4.0259652437E-01
    1.5200100000E-01    9.6242595251E-01    4.0263140108E-01
    1.5300100000E-01    9.6193566681E-01    4.0266651749E-01
    1.5400100000E-01    9.6144231615E-01    4.0270187378E-01
    1.5500100000E-01    9.6094590346E-01    4.0273747014E-01
    1.5600100000E-01    9.6044643164E-01    4.0277330678E-01
    1.5700100000E-01    9.5994390365E-01    4.0280938388E-01
    1.5800100000E-01    9.5943832245E-01    4.0284570164E-01
    1.5900100000E-01    9.5892969102E-01    4.0288226027E-01
    1.6000100000E-01    9.5841801235E-01    4.0291905995E-01
    1.6100100000E-01    9.5790328946E-01    4.0295610090E-01
    1.6200100000E-01    9.5738552539E-01    4.0299338331E-01
    1.6300100000E-01    9.5686472318E-01    4.0303090739E-01
    1.6400100000E-01    9.5634088590E-01    4.0306867334E-01
    1.6500100000E-01    9.5581401665E-01    4.0310668138E-01
    1.6600100000E-01    9.5528411851E-01    4.0314493170E-01
    1.6700100000E-01    9.5475119463E-01    4.0318342453E-01
    1.6800100000E-01    9.5421524812E-01    4.0322216006E-01
    1.6900100000E-01    9.5367628216E-01    4.0326113852E-01
    1.7000100000E-01    9.5313429991E-01    4.0330036011E-01
    1.7100100000E-01    9.5258930457E-01    4.0333982506E-01
    1.7200100000E-01    9.5204129935E-01    4.0337953358E-01
    1.7300100000E-01    9.5149028747E-01    4.0341948588E-01
    1.7400100000E-01    9.5093627218E-01    4.0345968220E-01
    1.7500100000E-01    9.5037925674E-01    4.0350012274E-01
    1.7600100000E-01    9.4981924443E-01    4.0354080773E-01
    1.7700100000E-01    9.4925623855E-01    4.0358173740E-01
    1.7800100000E-01    9.4869024240E-01    4.0362291198E-01
    1.7900100000E-01    9.4812125933E-01    4.0366433168E-01
    1.8000100000E-01    9.4754929268E-01    4.0370599674E-01
    1.8100100000E-01    9.4697434582E-01    4.0374790739E-01
    1.8200100000E-01    9.4639642212E-01    4.0379006386E-01
    1.8300100000E-01    9.4581552500E-01    4.0383246638E-01
    1.8400100000E-01    9.4523165787E-01    4.0387511519E-01
    1.8500100000E-01    9.4464482416E-01    4.0391801053E-01
    1.8600100000E-01    9.4405502733E-01    4.0396115262E-01
    1.8700100000E-01    9.4346227085E-01    4.0400454172E-01
    1.8800100000E-01    9.4286655820E-01    4.0404817805E-01
    1.8900100000E-01    9.4226789289E-01    4.0409206187E-01
    1.9000100000E-01    9.4166627844E-01    4.0413619342E-01
    1.9100100000E-01    9.4106171839E-01    4.0418057294E-01
    1.9200100000E-01    9.4045421629E-01    4.0422520068E-01
    1.9300100000E-01    9.3984377571E-01    4.0427007688E-01
    1.9400100000E-01    9.3923040025E-01    4.0431520181E-01
    1.9500100000E-01    9.3861409350E-01    4.0436057570E-01
    1.9600100000E-01    9.3799485910E-01    4.0440619881E-01
    1.9700100000E-01    9.3737270069E-01    4.0445207139E-01
    1.9800100000E-01    9.3674762191E-01    4.0449819371E-01
    1.9900100000E-01    9.3611962645E-01    4.0454456601E-01
    2.0000100000E-01    9.3548871800E-01    4.0459118857E-01
    2.0100100000E-01    9.3485490026E-01    4.0463806163E-01
    2.0200100000E-01    9.3421817695E-01    4.0468518546E-01
    2.0300100000E-01    9.3357855183E-01    4.0473256032E-01
    2.0400100000E-01    9.3293602864E-01    4.0478018648E-01
    2.0500100000E-01    9.3229061116E-01    4.0482806421E-01
    2.0600100000E-01    9.3164230319E-01    4.0487619377E-01
    2.0700100000E-01    9.3099110853E-01    4.0492457544E-01
    2.0800100000E-01    9.3033703100E-01    4.0497320948E-01
    2.0900100000E-01    9.2968007445E-01    4.0502209617E-01
    2.1000100000E-01    9.2902024273E-01    4.0507123578E-01
    2.1100100000E-01    9.2835753973E-01    4.0512062859E-01
    2.1200100000E-01    9.2769196932E-01    4.0517027488E-01
    2.1300100000E-01    9.2702353542E-01    4.0522017492E-01
    2.1400100000E-01    9.2635224195E-01    4.0527032901E-01
    2.1500100000E-01    9.2567809286E-01    4.0532073741E-01
    2.1600100000E-01    9.2500109210E-01    4.0537140042E-01
    2.1700100000E-01    9.2432124363E-01    4.0542231832E-01
    2.1800100000E-01    9.2363855146E-01    4.0547349140E-01
    2.1900100000E-01    9.2295301959E-01    4.0552491994E-01
    2.2000100000E-01    9.2226465204E-01    4.0557660424E-01
    2.2100100000E-01    9.2157345285E-01    4.0562854460E-01
    2.2200100000E-01    9.2087942607E-01    4.0568074130E-01
    2.2300100000E-01    9.2018257578E-01    4.0573319464E-01
    2.2400100000E-01    9.1948290606E-01    4.0578590492E-01
    2.2500100000E-01    9.1878042101E-01    4.0583887243E-01
    2.2600100000E-01    9.1807512477E-01    4.0589209748E-01
    2.2700100000E-01    9.1736702145E-01    4.0594558038E-01
    2.2800100000E-01    9.1665611522E-01    4.0599932142E-01
    2.2900100000E-01    9.1594241023E-01    4.0605332091E-01
    2.3000100000E-01    9.1522591068E-01    4.0610757915E-01
    2.3100100000E-01    9.1450662077E-01    4.0616209647E-01
    2.3200100000E-01    9.1378454471E-01    4.0621687316E-01
    2.3300100000E-01    9.1305968673E-01    4.0627190954E-01
    2.3400100000E-01    9.1233205108E-01    4.0632720592E-01
    2.3500100000E-01    9.1160164203E-01    4.0638276263E-01
    2.3600100000E-01    9.1086846385E-01    4.0643857997E-01
    2.3700100000E-01    9.1013252084E-01    4.0649465827E-01
    2.3800100000E-01    9.0939381730E-01    4.0655099785E-01
    2.3900100000E-01    9.0865235758E-01    4.0660759903E-01
    2.4000100000E-01    9.0790814600E-01    4.0666446214E-01
    2.4100100000E-01    9.0716118694E-01    4.0672158750E-01
    2.4200100000E-01    9.0641148475E-01    4.0677897543E-01
    2.4300100000E-01    9.0565904383E-01    4.0683662628E-01
    2.4400100000E-01    9.0490386860E-01    4.0689454037E-01
    2.4500100000E-01    9.0414596345E-01    4.0695271804E-01
    2.4600100000E-01    9.0338533285E-01    4.0701115961E-01
    2.4700100000E-01    9.0262198122E-01    4.0706986543E-01
    2.4800100000E-01    9.0185591305E-01    4.0712883583E-01
    2.4900100000E-01    9.0108713282E-01    4.0718807117E-01
    2.5000100000E-01    9.0031564502E-01    4.0724757176E-01
    2.5100100000E-01    8.9954145417E-01    4.0730733797E-01
    2.5200100000E-01    8.9876456479E-01    4.0736737014E-01
    2.5300100000E-01    8.9798498143E-01    4.0742766861E-01
    2.5400100000E-01    8.9720270866E-01    4.0748823374E-01
    2.5500100000E-01    8.9641775103E-01    4.0754906587E-01
    2.5600100000E-01    8.9563011316E-01    4.0761016536E-01
    2.5700100000E-01    8.9483979963E-01    4.0767153256E-01
    2.5800100000E-01    8.9404681508E-01    4.0773316784E-01
    2.5900100000E-01    8.9325116413E-01    4.0779507154E-01
    2.6000100000E-01    8.9245285143E-01    4.0785724403E-01
    2.6100100000E-01    8.9165188166E-01    4.0791968567E-01
    2.6200100000E-01    8.9084825950E-01    4.0798239683E-01
    2.6300100000E-01    8.9004198963E-01    4.0804537786E-01
    2.6400100000E-01    8.8923307677E-01    4.0810862915E-01
    2.6500100000E-01    8.8842152565E-01    4.0817215105E-01
    2.6600100000E-01    8.8760734101E-01    4.0823594395E-01
    2.6700100000E-01    8.8679052759E-01    4.0830000820E-01
    2.6800100000E-01    8.8597109018E-01    4.0836434420E-01
    2.6900100000E-01    8.8514903356E-01    4.0842895231E-01
    2.7000100000E-01    8.8432436252E-01    4.0849383291E-01
    2.7100100000E-01    8.8349708188E-01    4.0855898639E-01
    2.7200100000E-01    8.8266719648E-01    4.0862441313E-01
    2.7300100000E-01    8.8183471115E-01    4.0869011352E-01
    2.7400100000E-01    8.8099963075E-01    4.0875608793E-01
    2.7500100000E-01    8.8016196016E-01    4.0882233676E-01
    2.7600100000E-01    8.7932170427E-01    4.0888886040E-01
    2.7700100000E-01    8.7847886797E-01    4.0895565925E-01
    2.7800100000E-01    8.7763345619E-01    4.0902273369E-01
    2.7900100000E-01    8.7678547385E-01    4.0909008412E-01
    2.8000100000E-01    8.7593492590E-01    4.0915771095E-01
    2.8100100000E-01    8.7508181730E-01    4.0922561456E-01
    2.8200100000E-01    8.7422615303E-01    4.0929379538E-01
    2.8300100000E-01    8.7336793807E-01    4.0936225379E-01
    2.8400100000E-01    8.7250717743E-01    4.0943099021E-01
    2.8500100000E-01    8.7164387613E-01    4.0950000504E-01
    2.8600100000E-01    8.7077803919E-01    4.0956929869E-01
    2.8700100000E-01    8.6990967166E-01    4.0963887159E-01
    2.8800100000E-01    8.6903877861E-01    4.0970872413E-01
    2.8900100000E-01    8.6816536510E-01    4.0977885674E-01
    2.9000100000E-01    8.6728943622E-01    4.0984926984E-01
    2.9100100000E-01    8.6641099708E-01    4.0991996385E-01
    2.9200100000E-01    8.6553005280E-01    4.0999093918E-01
    2.9300100000E-01    8.6464660849E-01    4.1006219627E-01
    2.9400100000E-01    8.6376066932E-01    4.1013373554E-01
    2.9500100000E-01    8.6287224043E-01    4.1020555742E-01
    2.9600100000E-01    8.6198132699E-01    4.1027766234E-01
    2.9700100000E-01    8.6108793420E-01    4.1035005074E-01
    2.9800100000E-01    8.6019206725E-01    4.1042272304E-01
    2.9900100000E-01    8.5929373136E-01    4.1049567969E-01
    3.0000100000E-01    8.5839293174E-01    4.1056892113E-01
    3.0100100000E-01    8.5748967366E-01    4.1064244779E-01
    3.0200100000E-01    8.5658396234E-01    4.1071626012E-01
    3.0300100000E-01    8.5567580308E-01    4.1079035857E-01
    3.0400100000E-01    8.5476520113E-01    4.1086474358E-01
    3.0500100000E-01    8.5385216182E-01    4.1093941561E-01
    3.0600100000E-01    8.5293669043E-01    4.1101437510E-01
    3.0700100000E-01    8.5201879229E-01    4.1108962251E-01
    3.0800100000E-01    8.5109847274E-01    4.1116515830E-01
    3.0900100000E-01    8.5017573713E-01    4.1124098293E-01
    3.1000100000E-01    8.4925059081E-01    4.1131709685E-01
    3.1100100000E-01    8.4832303917E-01    4.1139350053E-01
    3.1200100000E-01    8.4739308760E-01    4.1147019444E-01
    3.1300100000E-01    8.4646074148E-01    4.1154717904E-01
    3.1400100000E-01    8.4552600625E-01    4.1162445480E-01
    3.1500100000E-01    8.4458888733E-01    4.1170202219E-01
    3.1600100000E-01    8.4364939015E-01    4.1177988169E-01
    3.1700100000E-01    8.4270752018E-01    4.1185803377E-01
    3.1800100000E-01    8.4176328289E-01    4.1193647892E-01
    3.1900100000E-01    8.4081668374E-01    4.1201521761E-01
    3.2000100000E-01    8.3986772824E-01    4.1209425033E-01
    3.2100100000E-01    8.3891642190E-01    4.1217357756E-01
    3.2200100000E-01    8.3796277023E-01    4.1225319979E-01
    3.2300100000E-01    8.3700677876E-01    4.1233311751E-01
    3.2400100000E-01    8.3604845304E-01    4.1241333121E-01
    3.2500100000E-01    8.3508779863E-01    4.1249384139E-01
    3.2600100000E-01    8.3412482110E-01    4.1257464854E-01
    3.2700100000E-01    8.3315952603E-01    4.1265575317E-01
    3.2800100000E-01    8.3219191902E-01    4.1273715577E-01
    3.2900100000E-01    8.3122200567E-01    4.1281885685E-01
    3.3000100000E-01    8.3024979162E-01    4.1290085691E-01
    3.3100100000E-01    8.2927528248E-01    4.1298315647E-01
    3.3200100000E-01    8.2829848392E-01    4.1306575603E-01
    3.3300100000E-01    8.2731940157E-01    4.1314865611E-01
    3.3400100000E-01    8.2633804113E-01    4.1323185722E-01
    3.3500100000E-01    8.2535440827E-01    4.1331535989E-01
    3.3600100000E-01    8.2436850869E-01    4.1339916463E-01
    3.3700100000E-01    8.2338034809E-01    4.1348327196E-01
    3.3800100000E-01    8.2238993220E-01    4.1356768242E-01
    3.3900100000E-01    8.2139726675E-01    4.1365239653E-01
    3.4000100000E-01    8.2040235748E-01    4.1373741481E-01
    3.4100100000E-01    8.1940521015E-01    4.1382273781E-01
    3.4200100000E-01    8.1840583054E-01    4.1390836606E-01
    3.4300100000E-01    8.1740422441E-01    4.1399430009E-01
    3.4400100000E-01    8.1640039757E-01    4.1408054045E-01
    3.4500100000E-01    8.1539435582E-01    4.1416708768E-01
    3.4600100000E-01    8.1438610498E-01    4.1425394232E-01
    3.4700100000E-01    8.1337565088E-01    4.1434110493E-01
    3.4800100000E-01    8.1236299935E-01    4.1442857604E-01
    3.4900100000E-01    8.1134815626E-01    4.1451635623E-01
    3.5000100000E-01    8.1033112746E-01    4.1460444603E-01
    3.5100100000E-01    8.0931191883E-01    4.1469284601E-01
    3.5200100000E-01    8.0829053626E-01    4.1478155673E-01
    3.5300100000E-01    8.0726698565E-01    4.1487057875E-01
    3.5400100000E-01    8.0624127291E-01    4.1495991264E-01
    3.5500100000E-01    8.0521340397E-01    4.1504955897E-01
    3.5600100000E-01    8.0418338476E-01    4.1513951831E-01
    3.5700100000E-01    8.0315122122E-01    4.1522979122E-01
    3.5800100000E-01    8.0211691931E-01    4.1532037830E-01
    3.5900100000E-01    8.0108048501E-01    4.1541128010E-01
    3.6000100000E-01    8.0004192428E-01    4.1550249723E-01
    3.6100100000E-01    7.9900124313E-01    4.1559403026E-01
    3.6200100000E-01    7.9795844756E-01    4.1568587977E-01
    3.6300100000E-01    7.9691354358E-01    4.1577804637E-01
    3.6400100000E-01    7.9586653721E-01    4.1587053063E-01
    3.6500100000E-01    7.9481743449E-01    4.1596333316E-01
    3.6600100000E-01    7.9376624148E-01    4.1605645455E-01
    3.6700100000E-01    7.9271296422E-01    4.1614989540E-01
    3.6800100000E-01    7.9165760880E-01    4.1624365632E-01
    3.6900100000E-01    7.9060018128E-01    4.1633773792E-01
    3.7000100000E-01    7.8954068776E-01    4.1643214079E-01
    3.7100100000E-01    7.8847913435E-01    4.1652686555E-01
    3.7200100000E-01    7.8741552716E-01    4.1662191282E-01
    3.7300100000E-01    7.8634987231E-01    4.1671728322E-01
    3.7400100000E-01    7.8528217593E-01    4.1681297735E-01
    3.7500100000E-01    7.8421244418E-01    4.1690899585E-01
    3.7600100000E-01    7.8314068321E-01    4.1700533934E-01
    3.7700100000E-01    7.8206689918E-01    4.1710200846E-01
    3.7800100000E-01    7.8099109828E-01    4.1719900382E-01
    3.7900100000E-01    7.7991328670E-01    4.1729632606E-01
    3.8000100000E-01    7.7883347063E-01    4.1739397583E-01
    3.8100100000E-01    7.7775165628E-01    4.1749195375E-01
    3.8200100000E-01    7.7666784987E-01    4.1759026048E-01
    3.8300100000E-01    7.7558205763E-01    4.1768889666E-01
    3.8400100000E-01    7.7449428581E-01    4.1778786294E-01
    3.8500100000E-01    7.7340454066E-01    4.1788715997E-01
    3.8600100000E-01    7.7231282842E-01    4.1798678840E-01
    3.8700100000E-01    7.7121915539E-01    4.1808674889E-01
    3.8800100000E-01    7.7012352784E-01    4.1818704210E-01
    3.8900100000E-01    7.6902595205E-01    4.1828766870E-01
    3.9000100000E-01    7.6792643434E-01    4.1838862934E-01
    3.9100100000E-01    7.6682498102E-01    4.1848992471E-01
    3.9200100000E-01    7.6572159840E-01    4.1859155547E-01
    3.9300100000E-01    7.6461629282E-01    4.1869352230E-01
    3.9400100000E-01    7.6350907062E-01    4.1879582588E-01
    3.9500100000E-01    7.6239993815E-01    4.1889846688E-01
    3.9600100000E-01    7.6128890178E-01    4.1900144600E-01
    3.9700100000E-01    7.6017596788E-01    4.1910476391E-01
    3.9800100000E-01    7.5906114282E-01    4.1920842132E-01
    3.9900100000E-01    7.5794443300E-01    4.1931241892E-01
    4.0000100000E-01    7.5682584482E-01    4.1941675740E-01
    4.0100100000E-01    7.5570538469E-01    4.1952143746E-01
    4.0200100000E-01    7.5458305903E-01    4.1962645981E-01
    4.0300100000E-01    7.5345887427E-01    4.1973182515E-01
    4.0400100000E-01    7.5233283684E-01    4.1983753420E-01
    4.0500100000E-01    7.5120495320E-01    4.1994358766E-01
    4.0600100000E-01    7.5007522980E-01    4.2004998625E-01
    4.0700100000E-01    7.4894367311E-01    4.2015673070E-01
    4.0800100000E-01    7.4781028961E-01    4.2026382172E-01
    4.0900100000E-01    7.4667508578E-01    4.2037126005E-01
    4.1000100000E-01    7.4553806812E-01    4.2047904640E-01
    4.1100100000E-01    7.4439924312E-01    4.2058718151E-01
    4.1200100000E-01    7.4325861731E-01    4.2069566613E-01
    4.1300100000E-01    7.4211619720E-01    4.2080450098E-01
    4.1400100000E-01    7.4097198933E-01    4.2091368682E-01
    4.1500100000E-01    7.3982600024E-01    4.2102322438E-01
    4.1600100000E-01    7.3867823647E-01    4.2113311441E-01
    4.1700100000E-01    7.3752870459E-01    4.2124335768E-01
    4.1800100000E-01    7.3637741116E-01    4.2135395493E-01
    4.1900100000E-01    7.3522436275E-01    4.2146490692E-01
    4.2000100000E-01    7.3406956595E-01    4.2157621443E-01
    4.2100100000E-01    7.3291302736E-01    4.2168787820E-01
    4.2200100000E-01    7.3175475358E-01    4.2179989902E-01
    4.2300100000E-01    7.3059475121E-01    4.2191227766E-01
    4.2400100000E-01    7.2943302687E-01    4.2202501489E-01
    4.2500100000E-01    7.2826958720E-01    4.2213811149E-01
    4.2600100000E-01    7.2710443882E-01    4.2225156825E-01
    4.2700100000E-01    7.2593758839E-01    4.2236538596E-01
    4.2800100000E-01    7.2476904255E-01    4.2247956540E-01
    4.2900100000E-01    7.2359880798E-01    4.2259410738E-01
    4.3000100000E-01    7.2242689132E-01    4.2270901268E-01
    4.3100100000E-01    7.2125329928E-01    4.2282428211E-01
    4.3200100000E-01    7.2007803852E-01    4.2293991649E-01
    4.3300100000E-01    7.1890111575E-01    4.2305591660E-01
    4.3400100000E-01    7.1772253766E-01    4.2317228327E-01
    4.3500100000E-01    7.1654231097E-01    4.2328901732E-01
    4.3600100000E-01    7.1536044240E-01    4.2340611956E-01
    4.3700100000E-01    7.1417693867E-01    4.2352359082E-01
    4.3800100000E-01    7.1299180652E-01    4.2364143193E-01
    4.3900100000E-01    7.1180505268E-01    4.2375964371E-01
    4.4000100000E-01    7.1061668392E-01    4.2387822700E-01
    4.4100100000E-01    7.0942670698E-01    4.2399718265E-01
    4.4200100000E-01    7.0823512863E-01    4.2411651148E-01
    4.4300100000E-01    7.0704195564E-01    4.2423621436E-01
    4.4400100000E-01    7.0584719481E-01    4.2435629213E-01
    4.4500100000E-01    7.0465085291E-01    4.2447674564E-01
    4.4600100000E-01    7.0345293674E-01    4.2459757575E-01
    4.4700100000E-01    7.0225345310E-01    4.2471878332E-01
    4.4800100000E-01    7.0105240881E-01    4.2484036922E-01
    4.4900100000E-01    6.9984981068E-01    4.2496233432E-01
    4.5000100000E-01    6.9864566555E-01    4.2508467950E-01
    4.5100100000E-01    6.9743998024E-01    4.2520740562E-01
    4.5200100000E-01    6.9623276159E-01    4.2533051357E-01
    4.5300100000E-01    6.9502401645E-01    4.2545400424E-01
    4.5400100000E-01    6.9381375168E-01    4.2557787852E-01
    4.5500100000E-01    6.9260197414E-01    4.2570213730E-01
    4.5600100000E-01    6.9138869070E-01    4.2582678147E-01
    4.5700100000E-01    6.9017390823E-01    4.2595181194E-01
    4.5800100000E-01    6.8895763362E-01    4.2607722962E-01
    4.5900100000E-01    6.8773987375E-01    4.2620303542E-01
    4.6000100000E-01    6.8652063553E-01    4.2632923024E-01
    4.6100100000E-01    6.8529992586E-01    4.2645581501E-01
    4.6200100000E-01    6.8407775165E-01    4.2658279064E-01
    4.6300100000E-01    6.8285411982E-01    4.2671015808E-01
    4.6400100000E-01    6.8162903728E-01    4.2683791824E-01
    4.6500100000E-01    6.8040251098E-01    4.2696607206E-01
    4.6600100000E-01    6.7917454785E-01    4.2709462049E-01
    4.6700100000E-01    6.7794515483E-01    4.2722356445E-01
    4.6800100000E-01    6.7671433888E-01    4.2735290492E-01
    4.6900100000E-01    6.7548210695E-01    4.2748264282E-01
    4.7000100000E-01    6.7424846600E-01    4.2761277913E-01
    4.7100100000E-01    6.7301342301E-01    4.2774331480E-01
    4.7200100000E-01    6.7177698495E-01    4.2787425079E-01
    4.7300100000E-01    6.7053915880E-01    4.2800558808E-01
    4.7400100000E-01    6.6929995155E-01    4.2813732765E-01
    4.7500100000E-01    6.6805937020E-01    4.2826947046E-01
    4.7600100000E-01    6.6681742175E-01    4.2840201751E-01
    4.7700100000E-01    6.6557411320E-01    4.2853496977E-01
    4.7800100000E-01    6.6432945158E-01    4.2866832825E-01
    4.7900100000E-01    6.6308344389E-01    4.2880209394E-01
    4.8000100000E-01    6.6183609716E-01    4.2893626784E-01
    4.8100100000E-01    6.6058741843E-01    4.2907085095E-01
    4.8200100000E-01    6.5933741473E-01    4.2920584428E-01
    4.8300100000E-01    6.5808609310E-01    4.2934124886E-01
    4.8400100000E-01    6.5683346059E-01    4.2947706570E-01
    4.8500100000E-01    6.5557952426E-01    4.2961329582E-01
    4.8600100000E-01    6.5432429117E-01    4.2974994026E-01
    4.8700100000E-01    6.5306776838E-01    4.2988700004E-01
    4.8800100000E-01    6.5180996296E-01    4.3002447621E-01
    4.8900100000E-01    6.5055088199E-01    4.3016236981E-01
    4.9000100000E-01    6.4929053255E-01    4.3030068189E-01
    4.9100100000E-01    6.4802892173E-01    4.3043941349E-01
    4.9200100000E-01    6.4676605662E-01    4.3057856568E-01
    4.9300100000E-01    6.4550194432E-01    4.3071813952E-01
    4.9400100000E-01    6.4423659193E-01    4.3085813608E-01
    4.9500100000E-01    6.4297000657E-01    4.3099855642E-01
    4.9600100000E-01    6.4170219534E-01    4.3113940164E-01
    4.9700100000E-01    6.4043316536E-01    4.3128067280E-01
    4.9800100000E-01    6.3916292376E-01    4.3142237100E-01
    4.9900100000E-01    6.3789147767E-01    4.3156449732E-01
    5.0000100000E-01    6.3661883422E-01    4.3170705287E-01
    5.0100100000E-01    6.3534500054E-01    4.3185003875E-01
    5.0200100000E-01    6.3406998380E-01    4.3199345606E-01
    5.0300100000E-01    6.3279379112E-01    4.3213730593E-01
    5.0400100000E-01    6.3151642967E-01    4.3228158945E-01
    5.0500100000E-01    6.3023790661E-01    4.3242630777E-01
    5.0600100000E-01    6.2895822909E-01    4.3257146200E-01
    5.0700100000E-01    6.2767740428E-01    4.3271705328E-01
    5.0800100000E-01    6.2639543936E-01    4.3286308275E-01
    5.0900100000E-01    6.2511234150E-01    4.3300955155E-01
    5.1000100000E-01    6.2382811789E-01    4.3315646083E-01
    5.1100100000E-01    6.2254277571E-01    4.3330381175E-01
    5.1200100000E-01    6.2125632214E-01    4.3345160546E-01
    5.1300100000E-01    6.1996876439E-01    4.3359984313E-01
    5.1400100000E-01    6.1868010965E-01    4.3374852593E-01
    5.1500100000E-01    6.1739036512E-01    4.3389765504E-01
    5.1600100000E-01    6.1609953802E-01    4.3404723164E-01
    5.1700100000E-01    6.1480763555E-01    4.3419725692E-01
    5.1800100000E-01    6.1351466493E-01    4.3434773206E-01
    5.1900100000E-01    6.1222063337E-01    4.3449865827E-01
    5.2000100000E-01    6.1092554811E-01    4.3465003675E-01
    5.2100100000E-01    6.0962941636E-01    4.3480186871E-01
    5.2200100000E-01    6.0833224537E-01    4.3495415537E-01
    5.2300100000E-01    6.0703404235E-01    4.3510689794E-01
    5.2400100000E-01    6.0573481456E-01    4.3526009765E-01
    5.2500100000E-01    6.0443456924E-01    4.3541375574E-01
    5.2600100000E-01    6.0313331362E-01    4.3556787344E-01
    5.2700100000E-01    6.0183105497E-01    4.3572245199E-01
    5.2800100000E-01    6.0052780053E-01    4.3587749265E-01
    5.2900100000E-01    5.9922355757E-01    4.3603299667E-01
    5.3000100000E-01    5.9791833334E-01    4.3618896531E-01
    5.3100100000E-01    5.9661213510E-01    4.3634539984E-01
    5.3200100000E-01    5.9530497013E-01    4.3650230153E-01
    5.3300100000E-01    5.9399684569E-01    4.3665967167E-01
    5.3400100000E-01    5.9268776906E-01    4.3681751153E-01
    5.3500100000E-01    5.9137774752E-01    4.3697582241E-01
    5.3600100000E-01    5.9006678834E-01    4.3713460560E-01
    5.3700100000E-01    5.8875489882E-01    4.3729386241E-01
    5.3800100000E-01    5.8744208623E-01    4.3745359415E-01
    5.3900100000E-01    5.8612835787E-01    4.3761380214E-01
    5.4000100000E-01    5.8481372103E-01    4.3777448769E-01
    5.4100100000E-01    5.8349818300E-01    4.3793565214E-01
    5.4200100000E-01    5.8218175109E-01    4.3809729682E-01
    5.4300100000E-01    5.8086443260E-01    4.3825942306E-01
    5.4400100000E-01    5.7954623483E-01    4.3842203223E-01
    5.4500100000E-01    5.7822716508E-01    4.3858512566E-01
    5.4600100000E-01    5.7690723067E-01    4.3874870473E-01
    5.4700100000E-01    5.7558643892E-01    4.3891277079E-01
    5.4800100000E-01    5.7426479713E-01    4.3907732522E-01
    5.4900100000E-01    5.7294231262E-01    4.3924236941E-01
    5.5000100000E-01    5.7161899272E-01    4.3940790473E-01
    5.5100100000E-01    5.7029484474E-01    4.3957393258E-01
    5.5200100000E-01    5.6896987601E-01    4.3974045436E-01
    5.5300100000E-01    5.6764409387E-01    4.3990747147E-01
    5.5400100000E-01    5.6631750563E-01    4.4007498533E-01
    5.5500100000E-01    5.6499011863E-01    4.4024299736E-01
    5.5600100000E-01    5.6366194021E-01    4.4041150898E-01
    5.5700100000E-01    5.6233297770E-01    4.4058052163E-01
    5.5800100000E-01    5.6100323844E-01    4.4075003674E-01
    5.5900100000E-01    5.5967272978E-01    4.4092005576E-01
    5.6000100000E-01    5.5834145904E-01    4.4109058016E-01
    5.6100100000E-01    5.5700943359E-01    4.4126161138E-01
    5.6200100000E-01    5.5567666076E-01    4.4143315090E-01
    5.6300100000E-01    5.5434314790E-01    4.4160520018E-01
    5.6400100000E-01    5.5300890237E-01    4.4177776072E-01
    5.6500100000E-01    5.5167393151E-01    4.4195083400E-01
    5.6600100000E-01    5.5033824269E-01    4.4212442152E-01
    5.6700100000E-01    5.4900184325E-01    4.4229852479E-01
    5.6800100000E-01    5.4766474055E-01    4.4247314530E-01
    5.6900100000E-01    5.4632694195E-01    4.4264828458E-01
    5.7000100000E-01    5.4498845481E-01    4.4282394416E-01
    5.7100100000E-01    5.4364928649E-01    4.4300012557E-01
    5.7200100000E-01    5.4230944436E-01    4.4317683035E-01
    5.7300100000E-01    5.4096893579E-01    4.4335406004E-01
    5.7400100000E-01    5.3962776812E-01    4.4353181620E-01
    5.7500100000E-01    5.3828594874E-01    4.4371010040E-01
    5.7600100000E-01    5.3694348501E-01    4.4388891421E-01
    5.7700100000E-01    5.3560038430E-01    4.4406825919E-01
    5.7800100000E-01    5.3425665398E-01    4.4424813695E-01
    5.7900100000E-01    5.3291230142E-01    4.4442854907E-01
    5.8000100000E-01    5.3156733400E-01    4.4460949714E-01
    5.8100100000E-01    5.3022175909E-01    4.4479098279E-01
    5.8200100000E-01    5.2887558406E-01    4.4497300763E-01
    5.8300100000E-01    5.2752881629E-01    4.4515557329E-01
    5.8400100000E-01    5.2618146315E-01    4.4533868139E-01
    5.8500100000E-01    5.2483353203E-01    4.4552233357E-01
    5.8600100000E-01    5.2348503029E-01    4.4570653149E-01
    5.8700100000E-01    5.2213596532E-01    4.4589127680E-01
    5.8800100000E-01    5.2078634450E-01    4.4607657117E-01
    5.8900100000E-01    5.1943617521E-01    4.4626241627E-01
    5.9000100000E-01    5.1808546482E-01    4.4644881378E-01
    5.9100100000E-01    5.1673422072E-01    4.4663576539E-01
    5.9200100000E-01    5.1538245029E-01    4.4682327280E-01
    5.9300100000E-01    5.1403016091E-01    4.4701133771E-01
    5.9400100000E-01    5.1267735995E-01    4.4719996185E-01
    5.9500100000E-01    5.1132405482E-01    4.4738914692E-01
    5.9600100000E-01    5.0997025287E-01    4.4757889467E-01
    5.9700100000E-01    5.0861596151E-01    4.4776920684E-01
    5.9800100000E-01    5.0726118810E-01    4.4796008517E-01
    5.9900100000E-01    5.0590594004E-01    4.4815153142E-01
    6.0000100000E-01    5.0455022470E-01    4.4834354735E-01
    6.0100100000E-01    5.0319404948E-01    4.4853613475E-01
    6.0200100000E-01    5.0183742174E-01    4.4872929540E-01
    6.0300100000E-01    5.0048034888E-01    4.4892303108E-01
    6.0400100000E-01    4.9912283827E-01    4.4911734361E-01
    6.0500100000E-01    4.9776489730E-01    4.4931223478E-01
    6.0600100000E-01    4.9640653335E-01    4.4950770643E-01
    6.0700100000E-01    4.9504775380E-01    4.4970376037E-01
    6.0800100000E-01    4.9368856603E-01    4.4990039846E-01
    6.0900100000E-01    4.9232897742E-01    4.5009762252E-01
    6.1000100000E-01    4.9096899536E-01    4.5029543443E-01
    6.1100100000E-01    4.8960862722E-01    4.5049383605E-01
    6.1200100000E-01    4.8824788038E-01    4.5069282924E-01
    6.1300100000E-01    4.8688676222E-01    4.5089241590E-01
    6.1400100000E-01    4.8552528012E-01    4.5109259793E-01
    6.1500100000E-01    4.8416344146E-01    4.5129337721E-01
    6.1600100000E-01    4.8280125360E-01    4.5149475567E-01
    6.1700100000E-01    4.8143872394E-01    4.5169673523E-01
    6.1800100000E-01    4.8007585983E-01    4.5189931782E-01
    6.1900100000E-01    4.7871266866E-01    4.5210250538E-01
    6.2000100000E-01    4.7734915780E-01    4.5230629987E-01
    6.2100100000E-01    4.7598533462E-01    4.5251070325E-01
    6.2200100000E-01    4.7462120649E-01    4.5271571748E-01
    6.2300100000E-01    4.7325678078E-01    4.5292134455E-01
    6.2400100000E-01    4.7189206486E-01    4.5312758646E-01
    6.2500100000E-01    4.7052706610E-01    4.5333444520E-01
    6.2600100000E-01    4.6916179186E-01    4.5354192279E-01
    6.2700100000E-01    4.6779624950E-01    4.5375002124E-01
    6.2800100000E-01    4.6643044640E-01    4.5395874260E-01
    6.2900100000E-01    4.6506438991E-01    4.5416808890E-01
    6.3000100000E-01    4.6369808739E-01    4.5437806220E-01
    6.3100100000E-01    4.6233154621E-01    4.5458866456E-01
    6.3200100000E-01    4.6096477371E-01    4.5479989806E-01
    6.3300100000E-01    4.5959777726E-01    4.5501176477E-01
    6.3400100000E-01    4.5823056421E-01    4.5522426681E-01
    6.3500100000E-01    4.5686314192E-01    4.5543740627E-01
    6.3600100000E-01    4.5549551772E-01    4.5565118527E-01
    6.3700100000E-01    4.5412769898E-01    4.5586560594E-01
    6.3800100000E-01    4.5275969304E-01    4.5608067042E-01
    6.3900100000E-01    4.5139150724E-01    4.5629638086E-01
    6.4000100000E-01    4.5002314892E-01    4.5651273942E-01
    6.4100100000E-01    4.4865462544E-01    4.5672974828E-01
    6.4200100000E-01    4.4728594413E-01    4.5694740961E-01
    6.4300100000E-01    4.4591711232E-01    4.5716572561E-01
    6.4400100000E-01    4.4454813735E-01    4.5738469849E-01
    6.4500100000E-01    4.4317902656E-01    4.5760433047E-01
    6.4600100000E-01    4.4180978726E-01    4.5782462378E-01
    6.4700100000E-01    4.4044042681E-01    4.5804558065E-01
    6.4800100000E-01    4.3907095251E-01    4.5826720335E-01
    6.4900100000E-01    4.3770137169E-01    4.5848949412E-01
    6.5000100000E-01    4.3633169167E-01    4.5871245526E-01
    6.5100100000E-01    4.3496191978E-01    4.5893608905E-01
    6.5200100000E-01    4.3359206332E-01    4.5916039779E-01
    6.5300100000E-01    4.3222212962E-01    4.5938538379E-01
    6.5400100000E-01    4.3085212598E-01    4.5961104938E-01
    6.5500100000E-01    4.2948205971E-01    4.5983739689E-01
    6.5600100000E-01    4.2811193811E-01    4.6006442867E-01
    6.5700100000E-01    4.2674176850E-01    4.6029214708E-01
    6.5800100000E-01    4.2537155816E-01    4.6052055450E-01
    6.5900100000E-01    4.2400131440E-01    4.6074965331E-01
    6.6000100000E-01    4.2263104451E-01    4.6097944591E-01
    6.6100100000E-01    4.2126075579E-01    4.6120993471E-01
    6.6200100000E-01    4.1989045551E-01    4.6144112214E-01
    6.6300100000E-01    4.1852015097E-01    4.6167301063E-01
    6.6400100000E-01    4.1714984944E-01    4.6190560263E-01
    6.6500100000E-01    4.1577955822E-01    4.6213890061E-01
    6.6600100000E-01    4.1440928456E-01    4.6237290704E-01
    6.6700100000E-01    4.1303903575E-01    4.6260762441E-01
    6.6800100000E-01    4.1166881905E-01    4.6284305522E-01
    6.6900100000E-01    4.1029864173E-01    4.6307920200E-01
    6.7000100000E-01    4.0892851106E-01    4.6331606725E-01
    6.7100100000E-01    4.0755843428E-01    4.6355365354E-01
    6.7200100000E-01    4.0618841866E-01    4.6379196341E-01
    6.7300100000E-01    4.0481847145E-01    4.6403099944E-01
    6.7400100000E-01    4.0344859989E-01    4.6427076421E-01
    6.7500100000E-01    4.0207881124E-01    4.6451126031E-01
    6.7600100000E-01    4.0070911272E-01    4.6475249036E-01
    6.7700100000E-01    3.9933951159E-01    4.6499445699E-01
    6.7800100000E-01    3.9797001507E-01    4.6523716283E-01
    6.7900100000E-01    3.9660063039E-01    4.6548061053E-01
    6.8000100000E-01    3.9523136479E-01    4.6572480277E-01
    6.8100100000E-01    3.9386222547E-01    4.6596974222E-01
    6.8200100000E-01    3.9249321966E-01    4.6621543159E-01
    6.8300100000E-01    3.9112435457E-01    4.6646187359E-01
    6.8400100000E-01    3.8975563741E-01    4.6670907094E-01
    6.8500100000E-01    3.8838707539E-01    4.6695702638E-01
    6.8600100000E-01    3.8701867571E-01    4.6720574267E-01
    6.8700100000E-01    3.8565044557E-01    4.6745522258E-01
    6.8800100000E-01    3.8428239215E-01    4.6770546890E-01
    6.8900100000E-01    3.8291452266E-01    4.6795648443E-01
    6.9000100000E-01    3.8154684426E-01    4.6820827198E-01
    6.9100100000E-01    3.8017936415E-01    4.6846083439E-01
    6.9200100000E-01    3.7881208950E-01    4.6871417450E-01
    6.9300100000E-01    3.7744502748E-01    4.6896829518E-01
    6.9400100000E-01    3.7607818525E-01    4.6922319930E-01
    6.9500100000E-01    3.7471156998E-01    4.6947888977E-01
    6.9600100000E-01    3.7334518883E-01    4.6973536948E-01
    6.9700100000E-01    3.7197904894E-01    4.6999264138E-01
    6.9800100000E-01    3.7061315747E-01    4.7025070839E-01
    6.9900100000E-01    3.6924752156E-01    4.7050957349E-01
    7.0000100000E-01    3.6788214835E-01    4.7076923964E-01
    7.0100100000E-01    3.6651704497E-01    4.7102970984E-01
    7.0200100000E-01    3.6515221854E-01    4.7129098710E-01
    7.0300100000E-01    3.6378767620E-01    4.7155307443E-01
    7.0400100000E-01    3.6242342507E-01    4.7181597489E-01
    7.0500100000E-01    3.6105947224E-01    4.7207969153E-01
    7.0600100000E-01    3.5969582484E-01    4.7234422742E-01
    7.0700100000E-01    3.5833248997E-01    4.7260958567E-01
    7.0800100000E-01    3.5696947472E-01    4.7287576938E-01
    7.0900100000E-01    3.5560678619E-01    4.7314278168E-01
    7.1000100000E-01    3.5424443146E-01    4.7341062571E-01
    7.1100100000E-01    3.5288241763E-01    4.7367930464E-01
    7.1200100000E-01    3.5152075175E-01    4.7394882164E-01
    7.1300100000E-01    3.5015944092E-01    4.7421917992E-01
    7.1400100000E-01    3.4879849218E-01    4.7449038269E-01
    7.1500100000E-01    3.4743791261E-01    4.7476243319E-01
    7.1600100000E-01    3.4607770925E-01    4.7503533467E-01
    7.1700100000E-01    3.4471788916E-01    4.7530909041E-01
    7.1800100000E-01    3.4335845938E-01    4.7558370368E-01
    7.1900100000E-01    3.4199942695E-01    4.7585917780E-01
    7.2000100000E-01    3.4064079890E-01    4.7613551610E-01
    7.2100100000E-01    3.3928258225E-01    4.7641272192E-01
    7.2200100000E-01    3.3792478404E-01    4.7669079862E-01
    7.2300100000E-01    3.3656741126E-01    4.7696974960E-01
    7.2400100000E-01    3.3521047093E-01    4.7724957826E-01
    7.2500100000E-01    3.3385397006E-01    4.7753028801E-01
    7.2600100000E-01    3.3249791564E-01    4.7781188230E-01
    7.2700100000E-01    3.3114231466E-01    4.7809436460E-01
    7.2800100000E-01    3.2978717410E-01    4.7837773838E-01
    7.2900100000E-01    3.2843250095E-01    4.7866200715E-01
    7.3000100000E-01    3.2707830217E-01    4.7894717442E-01
    7.3100100000E-01    3.2572458474E-01    4.7923324375E-01
    7.3200100000E-01    3.2437135560E-01    4.7952021869E-01
    7.3300100000E-01    3.2301862172E-01    4.7980810283E-01
    7.3400100000E-01    3.2166639005E-01    4.8009689977E-01
    7.3500100000E-01    3.2031466751E-01    4.8038661314E-01
    7.3600100000E-01    3.1896346105E-01    4.8067724658E-01
    7.3700100000E-01    3.1761277760E-01    4.8096880376E-01
    7.3800100000E-01    3.1626262407E-01    4.8126128837E-01
    7.3900100000E-01    3.1491300738E-01    4.8155470411E-01
    7.4000100000E-01    3.1356393443E-01    4.8184905473E-01
    7.4100100000E-01    3.1221541214E-01    4.8214434396E-01
    7.4200100000E-01    3.1086744738E-01    4.8244057559E-01
    7.4300100000E-01    3.0952004706E-01    4.8273775342E-01
    7.4400100000E-01    3.0817321804E-01    4.8303588126E-01
    7.4500100000E-01    3.0682696721E-01    4.8333496296E-01
    7.4600100000E-01    3.0548130143E-01    4.8363500237E-01
    7.4700100000E-01    3.0413622756E-01    4.8393600340E-01
    7.4800100000E-01    3.0279175246E-01    4.8423796994E-01
    7.4900100000E-01    3.0144788296E-01    4.8454090592E-01
    7.5000100000E-01    3.0010462592E-01    4.8484481532E-01
    7.5100100000E-01    2.9876198815E-01    4.8514970210E-01
    7.5200100000E-01    2.9741997649E-01    4.8545557027E-01
    7.5300100000E-01    2.9607859775E-01    4.8576242385E-01
    7.5400100000E-01    2.9473785874E-01    4.8607026690E-01
    7.5500100000E-01    2.9339776626E-01    4.8637910350E-01
    7.5600100000E-01    2.9205832712E-01    4.8668893773E-01
    7.5700100000E-01    2.9071954809E-01    4.8699977372E-01
    7.5800100000E-01    2.8938143596E-01    4.8731161563E-01
    7.5900100000E-01    2.8804399750E-01    4.8762446762E-01
    7.6000100000E-01    2.8670723947E-01    4.8793833390E-01
    7.6100100000E-01    2.8537116864E-01    4.8825321868E-01
    7.6200100000E-01    2.8403579175E-01    4.8856912622E-01
    7.6300100000E-01    2.8270111555E-01    4.8888606078E-01
    7.6400100000E-01    2.8136714677E-01    4.8920402668E-01
    7.6500100000E-01    2.8003389214E-01    4.8952302822E-01
    7.6600100000E-01    2.7870135838E-01    4.8984306978E-01
    7.6700100000E-01    2.7736955219E-01    4.9016415571E-01
    7.6800100000E-01    2.7603848029E-01    4.9048629044E-01
    7.6900100000E-01    2.7470814937E-01    4.9080947839E-01
    7.7000100000E-01    2.7337856611E-01    4.9113372401E-01
    7.7100100000E-01    2.7204973720E-01    4.9145903180E-01
    7.7200100000E-01    2.7072166930E-01    4.9178540626E-01
    7.7300100000E-01    2.6939436909E-01    4.9211285194E-01
    7.7400100000E-01    2.6806784321E-01    4.9244137341E-01
    7.7500100000E-01    2.6674209832E-01    4.9277097525E-01
    7.7600100000E-01    2.6541714104E-01    4.9310166210E-01
    7.7700100000E-01    2.6409297803E-01    4.9343343861E-01
    7.7800100000E-01    2.6276961588E-01    4.9376630945E-01
    7.7900100000E-01    2.6144706123E-01    4.9410027934E-01
    7.8000100000E-01    2.6012532067E-01    4.9443535302E-01
    7.8100100000E-01    2.5880440080E-01    4.9477153525E-01
    7.8200100000E-01    2.5748430822E-01    4.9510883084E-01
    7.8300100000E-01    2.5616504950E-01    4.9544724460E-01
    7.8400100000E-01    2.5484663121E-01    4.9578678141E-01
    7.8500100000E-01    2.5352905992E-01    4.9612744613E-01
    7.8600100000E-01    2.5221234217E-01    4.9646924370E-01
    7.8700100000E-01    2.5089648453E-01    4.9681217905E-01
    7.8800100000E-01    2.4958149352E-01    4.9715625718E-01
    7.8900100000E-01    2.4826737567E-01    4.9750148309E-01
    7.9000100000E-01    2.4695413750E-01    4.9784786181E-01
    7.9100100000E-01    2.4564178553E-01    4.9819539844E-01
    7.9200100000E-01    2.4433032625E-01    4.9854409806E-01
    7.9300100000E-01    2.4301976616E-01    4.9889396581E-01
    7.9400100000E-01    2.4171011174E-01    4.9924500688E-01
    7.9500100000E-01    2.4040136946E-01    4.9959722645E-01
    7.9600100000E-01    2.3909354580E-01    4.9995062977E-01
    7.9700100000E-01    2.3778664721E-01    5.0030522209E-01
    7.9800100000E-01    2.3648068013E-01    5.0066100873E-01
    7.9900100000E-01    2.3517565100E-01    5.0101799502E-01
    8.0000100000E-01    2.3387156626E-01    5.0137618632E-01
    8.0100100000E-01    2.3256843233E-01    5.0173558804E-01
    8.0200100000E-01    2.3126625560E-01    5.0209620562E-01
    8.0300100000E-01    2.2996504250E-01    5.0245804452E-01
    8.0400100000E-01    2.2866479940E-01    5.0282111027E-01
    8.0500100000E-01    2.2736553269E-01    5.0318540839E-01
    8.0600100000E-01    2.2606724875E-01    5.0355094446E-01
    8.0700100000E-01    2.2476995393E-01    5.0391772411E-01
    8.0800100000E-01    2.2347365459E-01    5.0428575297E-01
    8.0900100000E-01    2.2217835708E-01    5.0465503674E-01
    8.1000100000E-01    2.2088406773E-01    5.0502558114E-01
    8.1100100000E-01    2.1959079286E-01    5.0539739193E-01
    8.1200100000E-01    2.1829853880E-01    5.0577047490E-01
    8.1300100000E-01    2.1700731184E-01    5.0614483589E-01
    8.1400100000E-01    2.1571711828E-01    5.0652048078E-01
    8.1500100000E-01    2.1442796442E-01    5.0689741546E-01
    8.1600100000E-01    2.1313985652E-01    5.0727564590E-01
    8.1700100000E-01    2.1185280085E-01    5.0765517808E-01
    8.1800100000E-01    2.1056680367E-01    5.0803601803E-01
    8.1900100000E-01    2.0928187122E-01    5.0841817181E-01
    8.2000100000E-01    2.0799800974E-01    5.0880164553E-01
    8.2100100000E-01    2.0671522547E-01    5.0918644533E-01
    8.2200100000E-01    2.0543352460E-01    5.0957257741E-01
    8.2300100000E-01    2.0415291336E-01    5.0996004799E-01
    8.2400100000E-01    2.0287339794E-01    5.1034886334E-01
    8.2500100000E-01    2.0159498451E-01    5.1073902976E-01
    8.2600100000E-01    2.0031767927E-01    5.1113055362E-01
    8.2700100000E-01    1.9904148836E-01    5.1152344130E-01
    8.2800100000E-01    1.9776641796E-01    5.1191769925E-01
    8.2900100000E-01    1.9649247420E-01    5.1231333393E-01
    8.3000100000E-01    1.9521966321E-01    5.1271035187E-01
    8.3100100000E-01    1.9394799113E-01    5.1310875965E-01
    8.3200100000E-01    1.9267746407E-01    5.1350856386E-01
    8.3300100000E-01    1.9140808812E-01    5.1390977116E-01
    8.3400100000E-01    1.9013986938E-01    5.1431238825E-01
    8.3500100000E-01    1.8887281393E-01    5.1471642187E-01
    8.3600100000E-01    1.8760692784E-01    5.1512187882E-01
    8.3700100000E-01    1.8634221718E-01    5.1552876592E-01
    8.3800100000E-01    1.8507868799E-01    5.1593709006E-01
    8.3900100000E-01    1.8381634632E-01    5.1634685817E-01
    8.4000100000E-01    1.8255519818E-01    5.1675807721E-01
    8.4100100000E-01    1.8129524960E-01    5.1717075421E-01
    8.4200100000E-01    1.8003650659E-01    5.1758489624E-01
    8.4300100000E-01    1.7877897513E-01    5.1800051041E-01
    8.4400100000E-01    1.7752266122E-01    5.1841760390E-01
    8.4500100000E-01    1.7626757083E-01    5.1883618391E-01
    8.4600100000E-01    1.7501370992E-01    5.1925625771E-01
    8.4700100000E-01    1.7376108445E-01    5.1967783262E-01
    8.4800100000E-01    1.7250970035E-01    5.2010091599E-01
    8.4900100000E-01    1.7125956355E-01    5.2052551525E-01
    8.5000100000E-01    1.7001067998E-01    5.2095163785E-01
    8.5100100000E-01    1.6876305553E-01    5.2137929132E-01
    8.5200100000E-01    1.6751669611E-01    5.2180848321E-01
    8.5300100000E-01    1.6627160761E-01    5.2223922117E-01
    8.5400100000E-01    1.6502779588E-01    5.2267151285E-01
    8.5500100000E-01    1.6378526681E-01    5.2310536599E-01
    8.5600100000E-01    1.6254402623E-01    5.2354078836E-01
    8.5700100000E-01    1.6130407999E-01    5.2397778781E-01
    8.5800100000E-01    1.6006543391E-01    5.2441637222E-01
    8.5900100000E-01    1.5882809381E-01    5.2485654954E-01
    8.6000100000E-01    1.5759206551E-01    5.2529832777E-01
    8.6100100000E-01    1.5635735478E-01    5.2574171496E-01
    8.6200100000E-01    1.5512396741E-01    5.2618671924E-01
    8.6300100000E-01    1.5389190918E-01    5.2663334876E-01
    8.6400100000E-01    1.5266118584E-01    5.2708161176E-01
    8.6500100000E-01    1.5143180314E-01    5.2753151653E-01
    8.6600100000E-01    1.5020376682E-01    5.2798307141E-01
    8.6700100000E-01    1.4897708259E-01    5.2843628480E-01
    8.6800100000E-01    1.4775175617E-01    5.2889116517E-01
    8.6900100000E-01    1.4652779326E-01    5.2934772105E-01
    8.7000100000E-01    1.4530519955E-01    5.2980596102E-01
    8.7100100000E-01    1.4408398071E-01    5.3026589372E-01
    8.7200100000E-01    1.4286414242E-01    5.3072752786E-01
    8.7300100000E-01    1.4164569031E-01    5.3119087222E-01
    8.7400100000E-01    1.4042863004E-01    5.3165593562E-01
    8.7500100000E-01    1.3921296723E-01    5.3212272697E-01
    8.7600100000E-01    1.3799870749E-01    5.3259125522E-01
    8.7700100000E-01    1.3678585644E-01    5.3306152941E-01
    8.7800100000E-01    1.3557441965E-01    5.3353355862E-01
    8.7900100000E-01    1.3436440273E-01    5.3400735201E-01
    8.8000100000E-01    1.3315581122E-01    5.3448291880E-01
    8.8100100000E-01    1.3194865069E-01    5.3496026828E-01
    8.8200100000E-01    1.3074292668E-01    5.3543940982E-01
    8.8300100000E-01    1.2953864472E-01    5.3592035283E-01
    8.8400100000E-01    1.2833581033E-01    5.3640310682E-01
    8.8500100000E-01    1.2713442902E-01    5.3688768135E-01
    8.8600100000E-01    1.2593450628E-01    5.3737408605E-01
    8.8700100000E-01    1.2473604759E-01    5.3786233062E-01
    8.8800100000E-01    1.2353905843E-01    5.3835242486E-01
    8.8900100000E-01    1.2234354424E-01    5.3884437860E-01
    8.9000100000E-01    1.2114951047E-01    5.3933820177E-01
    8.9100100000E-01    1.1995696256E-01    5.3983390436E-01
    8.9200100000E-01    1.1876590592E-01    5.4033149644E-01
    8.9300100000E-01    1.1757634596E-01    5.4083098816E-01
    8.9400100000E-01    1.1638828807E-01    5.4133238974E-01
    8.9500100000E-01    1.1520173764E-01    5.4183571147E-01
    8.9600100000E-01    1.1401670003E-01    5.4234096372E-01
    8.9700100000E-01    1.1283318060E-01    5.4284815696E-01
    8.9800100000E-01    1.1165118469E-01    5.4335730170E-01
    8.9900100000E-01    1.1047071763E-01    5.4386840856E-01
    9.0000100000E-01    1.0929178474E-01    5.4438148822E-01
    9.0100100000E-01    1.0811439132E-01    5.4489655145E-01
    9.0200100000E-01    1.0693854267E-01    5.4541360911E-01
    9.0300100000E-01    1.0576424405E-01    5.4593267212E-01
    9.0400100000E-01    1.0459150075E-01    5.4645375150E-01
    9.0500100000E-01    1.0342031801E-01    5.4697685834E-01
    9.0600100000E-01    1.0225070107E-01    5.4750200384E-01
    9.0700100000E-01    1.0108265515E-01    5.4802919926E-01
    9.0800100000E-01    9.9916185479E-02    5.4855845596E-01
    9.0900100000E-01    9.8751297245E-02    5.4908978537E-01
    9.1000100000E-01    9.7587995639E-02    5.4962319903E-01
    9.1100100000E-01    9.6426285835E-02    5.5015870855E-01
    9.1200100000E-01    9.5266172993E-02    5.5069632565E-01
    9.1300100000E-01    9.4107662261E-02    5.5123606212E-01
    9.1400100000E-01    9.2950758773E-02    5.5177792985E-01
    9.1500100000E-01    9.1795467650E-02    5.5232194081E-01
    9.1600100000E-01    9.0641794000E-02    5.5286810710E-01
    9.1700100000E-01    8.9489742917E-02    5.5341644086E-01
    9.1800100000E-01    8.8339319482E-02    5.5396695438E-01
    9.1900100000E-01    8.7190528763E-02    5.5451965999E-01
    9.2000100000E-01    8.6043375812E-02    5.5507457017E-01
    9.2100100000E-01    8.4897865672E-02    5.5563169746E-01
    9.2200100000E-01    8.3754003369E-02    5.5619105452E-01
    9.2300100000E-01    8.2611793915E-02    5.5675265409E-01
    9.2400100000E-01    8.1471242313E-02    5.5731650903E-01
    9.2500100000E-01    8.0332353547E-02    5.5788263228E-01
    9.2600100000E-01    7.9195132590E-02    5.5845103692E-01
    9.2700100000E-01    7.8059584402E-02    5.5902173609E-01
    9.2800100000E-01    7.6925713928E-02    5.5959474305E-01
    9.2900100000E-01    7.5793526100E-02    5.6017007119E-01
    9.3000100000E-01    7.4663025835E-02    5.6074773397E-01
    9.3100100000E-01    7.3534218038E-02    5.6132774497E-01
    9.3200100000E-01    7.2407107599E-02    5.6191011790E-01
    9.3300100000E-01    7.1281699394E-02    5.6249486654E-01
    9.3400100000E-01    7.0157998287E-02    5.6308200482E-01
    9.3500100000E-01    6.9036009127E-02    5.6367154677E-01
    9.3600100000E-01    6.7915736748E-02    5.6426350651E-01
    9.3700100000E-01    6.6797185971E-02    5.6485789830E-01
    9.3800100000E-01    6.5680361603E-02    5.6545473652E-01
    9.3900100000E-01    6.4565268438E-02    5.6605403563E-01
    9.4000100000E-01    6.3451911255E-02    5.6665581026E-01
    9.4100100000E-01    6.2340294818E-02    5.6726007512E-01
    9.4200100000E-01    6.1230423879E-02    5.6786684506E-01
    9.4300100000E-01    6.0122303174E-02    5.6847613503E-01
    9.4400100000E-01    5.9015937427E-02    5.6908796013E-01
    9.4500100000E-01    5.7911331345E-02    5.6970233556E-01
    9.4600100000E-01    5.6808489624E-02    5.7031927667E-01
    9.4700100000E-01    5.5707416943E-02    5.7093879891E-01
    9.4800100000E-01    5.4608117968E-02    5.7156091787E-01
    9.4900100000E-01    5.3510597352E-02    5.7218564929E-01
    9.5000100000E-01    5.2414859732E-02    5.7281300900E-01
    9.5100100000E-01    5.1320909730E-02    5.7344301299E-01
    9.5200100000E-01    5.0228751957E-02    5.7407567738E-01
    9.5300100000E-01    4.9138391006E-02    5.7471101841E-01
    9.5400100000E-01    4.8049831457E-02    5.7534905248E-01
    9.5500100000E-01    4.6963077876E-02    5.7598979611E-01
    9.5600100000E-01    4.5878134814E-02    5.7663326597E-01
    9.5700100000E-01    4.4795006809E-02    5.7727947885E-01
    9.5800100000E-01    4.3713698383E-02    5.7792845170E-01
    9.5900100000E-01    4.2634214042E-02    5.7858020162E-01
    9.6000100000E-01    4.1556558282E-02    5.7923474583E-01
    9.6100100000E-01    4.0480735579E-02    5.7989210173E-01
    9.6200100000E-01    3.9406750400E-02    5.8055228683E-01
    9.6300100000E-01    3.8334607192E-02    5.8121531882E-01
    9.6400100000E-01    3.7264310391E-02    5.8188121553E-01
    9.6500100000E-01    3.6195864418E-02    5.8254999494E-01
    9.6600100000E-01    3.5129273677E-02    5.8322167519E-01
    9.6700100000E-01    3.4064542560E-02    5.8389627458E-01
    9.6800100000E-01    3.3001675443E-02    5.8457381155E-01
    9.6900100000E-01    3.1940676687E-02    5.8525430472E-01
    9.7000100000E-01    3.0881550638E-02    5.8593777286E-01
    9.7100100000E-01    2.9824301630E-02    5.8662423491E-01
    9.7200100000E-01    2.8768933977E-02    5.8731370997E-01
    9.7300100000E-01    2.7715451984E-02    5.8800621730E-01
    9.7400100000E-01    2.6663859936E-02    5.8870177635E-01
    9.7500100000E-01    2.5614162107E-02    5.8940040671E-01
    9.7600100000E-01    2.4566362754E-02    5.9010212818E-01
    9.7700100000E-01    2.3520466119E-02    5.9080696069E-01
    9.7800100000E-01    2.2476476430E-02    5.9151492439E-01
    9.7900100000E-01    2.1434397899E-02    5.9222603958E-01
    9.8000100000E-01    2.0394234724E-02    5.9294032674E-01
    9.8100100000E-01    1.9355991088E-02    5.9365780655E-01
    9.8200100000E-01    1.8319671157E-02    5.9437849985E-01
    9.8300100000E-01    1.7285279085E-02    5.9510242769E-01
    9.8400100000E-01    1.6252819008E-02    5.9582961130E-01
    9.8500100000E-01    1.5222295049E-02    5.9656007209E-01
    9.8600100000E-01    1.4193711315E-02    5.9729383167E-01
    9.8700100000E-01    1.3167071898E-02    5.9803091184E-01
    9.8800100000E-01    1.2142380874E-02    5.9877133462E-01
    9.8900100000E-01    1.1119642305E-02    5.9951512220E-01
    9.9000100000E-01    1.0098860236E-02    6.0026229697E-01
    9.9100100000E-01    9.0800387002E-03    6.0101288155E-01
    9.9200100000E-01    8.0631817117E-03    6.0176689875E-01
    9.9300100000E-01    7.0482932714E-03    6.0252437158E-01
    9.9400100000E-01    6.0353773643E-03    6.0328532328E-01
    9.9500100000E-01    5.0244379602E-03    6.0404977729E-01
    9.9600100000E-01    4.0154790135E-03    6.0481775726E-01
    9.9700100000E-01    3.0085044633E-03    6.0558928708E-01
    9.9800100000E-01    2.0035182332E-03    6.0636439084E-01
    9.9900100000E-01    1.0005242315E-03    6.0714309285E-01
    1.0000010000E+00   -4.7364915061E-07    6.0792541767E-01
