    1.0000000000E-06    1.0000000000E+00    3.2130890925E-02
    1.0010000000E-03    9.9997616963E-01    3.2131022188E-02
    2.0010000000E-03    9.9990477783E-01    3.2131415459E-02
    3.0010000000E-03    9.9978583753E-01    3.2132070745E-02
    4.0010000000E-03    9.9961937024E-01    3.2132988062E-02
    5.0010000000E-03    9.9940540603E-01    3.2134167432E-02
    6.0010000000E-03    9.9914398355E-01    3.2135608881E-02
    7.0010000000E-03    9.9883515000E-01    3.2137312444E-02
    8.0010000000E-03    9.9847896114E-01    3.2139278160E-02
    9.0010000000E-03    9.9807548122E-01    3.2141506074E-02
    1.0001000000E-02    9.9762478302E-01    3.2143996239E-02
    1.1001000000E-02    9.9712694775E-01    3.2146748712E-02
    1.2001000000E-02    9.9658206510E-01    3.2149763557E-02
    1.3001000000E-02    9.9599023313E-01    3.2153040844E-02
    1.4001000000E-02    9.9535155831E-01    3.2156580651E-02
    1.5001000000E-02    9.9466615539E-01    3.2160383058E-02
    1.6001000000E-02    9.9393414746E-01    3.2164448154E-02
    1.7001000000E-02    9.9315566583E-01    3.2168776034E-02
    1.8001000000E-02    9.9233085000E-01    3.2173366798E-02
    1.9001000000E-02    9.9145984764E-01    3.2178220554E-02
    2.0001000000E-02    9.9054281448E-01    3.2183337413E-02
    2.1001000000E-02    9.8957991431E-01    3.2188717494E-02
    2.2001000000E-02    9.8857131888E-01    3.2194360924E-02
    2.3001000000E-02    9.8751720787E-01    3.2200267832E-02
    2.4001000000E-02    9.8641776880E-01    3.2206438356E-02
    2.5001000000E-02    9.8527319696E-01    3.2212872639E-02
    2.6001000000E-02    9.8408369536E-01    3.2219570830E-02
    2.7001000000E-02    9.8284947466E-01    3.2226533086E-02
    2.8001000000E-02    9.8157075305E-01    3.2233759568E-02
    2.9001000000E-02    9.8024775623E-01    3.2241250443E-02
    3.0001000000E-02    9.7888071729E-01    3.2249005885E-02
    3.1001000000E-02    9.7746987664E-01    3.2257026075E-02
    3.2001000000E-02    9.7601548194E-01    3.2265311198E-02
    3.3001000000E-02    9.7451778796E-01    3.2273861447E-02
    3.4001000000E-02    9.7297705656E-01    3.2282677019E-02
    3.5001000000E-02    9.7139355656E-01    3.2291758120E-02
    3.6001000000E-02    9.6976756362E-01    3.2301104960E-02
    3.7001000000E-02    9.6809936020E-01    3.2310717756E-02
    3.8001000000E-02    9.6638923542E-01    3.2320596730E-02
    3.9001000000E-02    9.6463748498E-01    3.2330742111E-02
    4.0001000000E-02    9.6284441104E-01    3.2341154135E-02
    4.1001000000E-02    9.6101032212E-01    3.2351833043E-02
    4.2001000000E-02    9.5913553302E-01    3.2362779081E-02
    4.3001000000E-02    9.5722036467E-01    3.2373992504E-02
    4.4001000000E-02    9.5526514404E-01    3.2385473572E-02
    4.5001000000E-02    9.5327020403E-01    3.2397222549E-02
    4.6001000000E-02    9.5123588336E-01    3.2409239708E-02
    4.7001000000E-02    9.4916252643E-01    3.2421525327E-02
    4.8001000000E-02    9.4705048325E-01    3.2434079690E-02
    4.9001000000E-02    9.4490010926E-01    3.2446903087E-02
    5.0001000000E-02    9.4271176527E-01    3.2459995815E-02
    5.1001000000E-02    9.4048581732E-01    3.2473358177E-02
    5.2001000000E-02    9.3822263652E-01    3.2486990481E-02
    5.3001000000E-02    9.3592259899E-01    3.2500893043E-02
    5.4001000000E-02    9.3358608569E-01    3.2515066183E-02
    5.5001000000E-02    9.3121348233E-01    3.2529510228E-02
    5.6001000000E-02    9.2880517919E-01    3.2544225514E-02
    5.7001000000E-02    9.2636157106E-01    3.2559212377E-02
    5.8001000000E-02    9.2388305707E-01    3.2574471166E-02
    5.9001000000E-02    9.2137004057E-01    3.2590002231E-02
    6.0001000000E-02    9.1882292899E-01    3.2605805931E-02
    6.1001000000E-02    9.1624213375E-01    3.2621882631E-02
    6.2001000000E-02    9.1362807007E-01    3.2638232700E-02
    6.3001000000E-02    9.1098115690E-01    3.2654856515E-02
    6.4001000000E-02    9.0830181675E-01    3.2671754460E-02
    6.5001000000E-02    9.0559047556E-01    3.2688926924E-02
    6.6001000000E-02    9.0284756259E-01    3.2706374301E-02
    6.7001000000E-02    9.0007351027E-01    3.2724096994E-02
    6.8001000000E-02    8.9726875405E-01    3.2742095409E-02
    6.9001000000E-02    8.9443373233E-01    3.2760369962E-02
    7.0001000000E-02    8.9156888626E-01    3.2778921071E-02
    7.1001000000E-02    8.8867465963E-01    3.2797749164E-02
    7.2001000000E-02    8.8575149876E-01    3.2816854673E-02
    7.3001000000E-02    8.8279985235E-01    3.2836238036E-02
    7.4001000000E-02    8.7982017133E-01    3.2855899700E-02
    7.5001000000E-02    8.7681290875E-01    3.2875840114E-02
    7.6001000000E-02    8.7377851966E-01    3.2896059737E-02
    7.7001000000E-02    8.7071746095E-01    3.2916559031E-02
    7.8001000000E-02    8.6763019122E-01    3.2937338468E-02
    7.9001000000E-02    8.6451717069E-01    3.2958398523E-02
    8.0001000000E-02    8.6137886103E-01    3.2979739679E-02
    8.1001000000E-02    8.5821572524E-01    3.3001362423E-02
    8.2001000000E-02    8.5502822752E-01    3.3023267252E-02
    8.3001000000E-02    8.5181683316E-01    3.3045454667E-02
    8.4001000000E-02    8.4858200839E-01    3.3067925174E-02
    8.5001000000E-02    8.4532422027E-01    3.3090679288E-02
    8.6001000000E-02    8.4204393655E-01    3.3113717528E-02
    8.7001000000E-02    8.3874162557E-01    3.3137040421E-02
    8.8001000000E-02    8.3541775610E-01    3.3160648499E-02
    8.9001000000E-02    8.3207279726E-01    3.3184542301E-02
    9.0001000000E-02    8.2870721835E-01    3.3208722372E-02
    9.1001000000E-02    8.2532148879E-01    3.3233189263E-02
    9.2001000000E-02    8.2191607794E-01    3.3257943533E-02
    9.3001000000E-02    8.1849145501E-01    3.3282985744E-02
    9.4001000000E-02    8.1504808897E-01    3.3308316468E-02
    9.5001000000E-02    8.1158644838E-01    3.3333936281E-02
    9.6001000000E-02    8.0810700130E-01    3.3359845765E-02
    9.7001000000E-02    8.0461021521E-01    3.3386045510E-02
    9.8001000000E-02    8.0109655683E-01    3.3412536112E-02
    9.9001000000E-02    7.9756649207E-01    3.3439318171E-02
    1.0000100000E-01    7.9402048591E-01    3.3466392297E-02
    1.0100100000E-01    7.9045900225E-01    3.3493759104E-02
    1.0200100000E-01    7.8688250386E-01    3.3521419212E-02
    1.0300100000E-01    7.8329145225E-01    3.3549373249E-02
    1.0400100000E-01    7.7968630757E-01    3.3577621848E-02
    1.0500100000E-01    7.7606752849E-01    3.3606165649E-02
    1.0600100000E-01    7.7243557214E-01    3.3635005299E-02
    1.0700100000E-01    7.6879089398E-01    3.3664141449E-02
    1.0800100000E-01    7.6513394772E-01    3.3693574758E-02
    1.0900100000E-01    7.6146518522E-01    3.3723305892E-02
    1.1000100000E-01    7.5778505639E-01    3.3753335523E-02
    1.1100100000E-01    7.5409400912E-01    3.3783664329E-02
    1.1200100000E-01    7.5039248917E-01    3.3814292993E-02
    1.1300100000E-01    7.4668094008E-01    3.3845222207E-02
    1.1400100000E-01    7.4295980310E-01    3.3876452667E-02
    1.1500100000E-01    7.3922951712E-01    3.3907985078E-02
    1.1600100000E-01    7.3549051853E-01    3.3939820149E-02
    1.1700100000E-01    7.3174324120E-01    3.3971958597E-02
    1.1800100000E-01    7.2798811638E-01    3.4004401144E-02
    1.1900100000E-01    7.2422557261E-01    3.4037148519E-02
    1.2000100000E-01    7.2045603567E-01    3.4070201459E-02
    1.2100100000E-01    7.1667992847E-01    3.4103560704E-02
    1.2200100000E-01    7.1289767103E-01    3.4137227004E-02
    1.2300100000E-01    7.0910968036E-01    3.4171201114E-02
    1.2400100000E-01    7.0531637043E-01    3.4205483794E-02
    1.2500100000E-01    7.0151815208E-01    3.4240075812E-02
    1.2600100000E-01    6.9771543298E-01    3.4274977943E-02
    1.2700100000E-01    6.9390861753E-01    3.4310190967E-02
    1.2800100000E-01    6.9009810686E-01    3.4345715672E-02
    1.2900100000E-01    6.8628429869E-01    3.4381552850E-02
    1.3000100000E-01    6.8246758735E-01    3.4417703302E-02
    1.3100100000E-01    6.7864836369E-01    3.4454167833E-02
    1.3200100000E-01    6.7482701503E-01    3.4490947259E-02
    1.3300100000E-01    6.7100392511E-01    3.4528042396E-02
    1.3400100000E-01    6.6717947404E-01    3.4565454072E-02
    1.3500100000E-01    6.6335403826E-01    3.4603183119E-02
    1.3600100000E-01    6.5952799049E-01    3.4641230376E-02
    1.3700100000E-01    6.5570169969E-01    3.4679596688E-02
    1.3800100000E-01    6.5187553101E-01    3.4718282907E-02
    1.3900100000E-01    6.4804984575E-01    3.4757289891E-02
    1.4000100000E-01    6.4422500134E-01    3.4796618505E-02
    1.4100100000E-01    6.4040135129E-01    3.4836269621E-02
    1.4200100000E-01    6.3657924514E-01    3.4876244117E-02
    1.4300100000E-01    6.3275902846E-01    3.4916542877E-02
    1.4400100000E-01    6.2894104281E-01    3.4957166792E-02
    1.4500100000E-01    6.2512562568E-01    3.4998116760E-02
    1.4600100000E-01    6.2131311050E-01    3.5039393685E-02
    1.4700100000E-01    6.1750382662E-01    3.5080998477E-02
    1.4800100000E-01    6.1369809922E-01    3.5122932053E-02
    1.4900100000E-01    6.0989624938E-01    3.5165195338E-02
    1.5000100000E-01    6.0609859399E-01    3.5207789261E-02
    1.5100100000E-01    6.0230544576E-01    3.5250714760E-02
    1.5200100000E-01    5.9851711318E-01    3.5293972778E-02
    1.5300100000E-01    5.9473390056E-01    3.5337564265E-02
    1.5400100000E-01    5.9095610793E-01    3.5381490177E-02
    1.5500100000E-01    5.8718403110E-01    3.5425751479E-02
    1.5600100000E-01    5.8341796162E-01    3.5470349138E-02
    1.5700100000E-01    5.7965818677E-01    3.5515284133E-02
    1.5800100000E-01    5.7590498955E-01    3.5560557445E-02
    1.5900100000E-01    5.7215864867E-01    3.5606170065E-02
    1.6000100000E-01    5.6841943856E-01    3.5652122989E-02
    1.6100100000E-01    5.6468762937E-01    3.5698417219E-02
    1.6200100000E-01    5.6096348692E-01    3.5745053765E-02
    1.6300100000E-01    5.5724727277E-01    3.5792033644E-02
    1.6400100000E-01    5.5353924415E-01    3.5839357876E-02
    1.6500100000E-01    5.4983965403E-01    3.5887027493E-02
    1.6600100000E-01    5.4614875106E-01    3.5935043530E-02
    1.6700100000E-01    5.4246677960E-01    3.5983407030E-02
    1.6800100000E-01    5.3879397975E-01    3.6032119041E-02
    1.6900100000E-01    5.3513058732E-01    3.6081180620E-02
    1.7000100000E-01    5.3147683383E-01    3.6130592830E-02
    1.7100100000E-01    5.2783294657E-01    3.6180356739E-02
    1.7200100000E-01    5.2419914858E-01    3.6230473424E-02
    1.7300100000E-01    5.2057565862E-01    3.6280943966E-02
    1.7400100000E-01    5.1696269128E-01    3.6331769457E-02
    1.7500100000E-01    5.1336045688E-01    3.6382950990E-02
    1.7600100000E-01    5.0976916159E-01    3.6434489670E-02
    1.7700100000E-01    5.0618900735E-01    3.6486386604E-02
    1.7800100000E-01    5.0262019198E-01    3.6538642911E-02
    1.7900100000E-01    4.9906290910E-01    3.6591259711E-02
    1.8000100000E-01    4.9551734823E-01    3.6644238135E-02
    1.8100100000E-01    4.9198369478E-01    3.6697579318E-02
    1.8200100000E-01    4.8846213003E-01    3.6751284404E-02
    1.8300100000E-01    4.8495283124E-01    3.6805354542E-02
    1.8400100000E-01    4.8145597158E-01    3.6859790889E-02
    1.8500100000E-01    4.7797172020E-01    3.6914594606E-02
    1.8600100000E-01    4.7450024227E-01    3.6969766866E-02
    1.8700100000E-01    4.7104169895E-01    3.7025308842E-02
    1.8800100000E-01    4.6759624747E-01    3.7081221720E-02
    1.8900100000E-01    4.6416404110E-01    3.7137506689E-02
    1.9000100000E-01    4.6074522925E-01    3.7194164945E-02
    1.9100100000E-01    4.5733995742E-01    3.7251197693E-02
    1.9200100000E-01    4.5394836729E-01    3.7308606142E-02
    1.9300100000E-01    4.5057059669E-01    3.7366391510E-02
    1.9400100000E-01    4.4720677969E-01    3.7424555020E-02
    1.9500100000E-01    4.4385704658E-01    3.7483097903E-02
    1.9600100000E-01    4.4052152394E-01    3.7542021396E-02
    1.9700100000E-01    4.3720033464E-01    3.7601326743E-02
    1.9800100000E-01    4.3389359787E-01    3.7661015196E-02
    1.9900100000E-01    4.3060142922E-01    3.7721088012E-02
    2.0000100000E-01    4.2732394064E-01    3.7781546455E-02
    2.0100100000E-01    4.2406124052E-01    3.7842391796E-02
    2.0200100000E-01    4.2081343374E-01    3.7903625315E-02
    2.0300100000E-01    4.1758062163E-01    3.7965248295E-02
    2.0400100000E-01    4.1436290209E-01    3.8027262028E-02
    2.0500100000E-01    4.1116036956E-01    3.8089667814E-02
    2.0600100000E-01    4.0797311511E-01    3.8152466956E-02
    2.0700100000E-01    4.0480122640E-01    3.8215660768E-02
    2.0800100000E-01    4.0164478780E-01    3.8279250568E-02
    2.0900100000E-01    3.9850388037E-01    3.8343237682E-02
    2.1000100000E-01    3.9537858191E-01    3.8407623443E-02
    2.1100100000E-01    3.9226896700E-01    3.8472409190E-02
    2.1200100000E-01    3.8917510704E-01    3.8537596270E-02
    2.1300100000E-01    3.8609707028E-01    3.8603186035E-02
    2.1400100000E-01    3.8303492186E-01    3.8669179845E-02
    2.1500100000E-01    3.7998872383E-01    3.8735579068E-02
    2.1600100000E-01    3.7695853523E-01    3.8802385077E-02
    2.1700100000E-01    3.7394441207E-01    3.8869599253E-02
    2.1800100000E-01    3.7094640741E-01    3.8937222982E-02
    2.1900100000E-01    3.6796457141E-01    3.9005257660E-02
    2.2000100000E-01    3.6499895130E-01    3.9073704687E-02
    2.2100100000E-01    3.6204959150E-01    3.9142565471E-02
    2.2200100000E-01    3.5911653359E-01    3.9211841428E-02
    2.2300100000E-01    3.5619981638E-01    3.9281533978E-02
    2.2400100000E-01    3.5329947597E-01    3.9351644551E-02
    2.2500100000E-01    3.5041554574E-01    3.9422174581E-02
    2.2600100000E-01    3.4754805642E-01    3.9493125512E-02
    2.2700100000E-01    3.4469703611E-01    3.9564498792E-02
    2.2800100000E-01    3.4186251033E-01    3.9636295878E-02
    2.2900100000E-01    3.3904450207E-01    3.9708518233E-02
    2.3000100000E-01    3.3624303180E-01    3.9781167326E-02
    2.3100100000E-01    3.3345811751E-01    3.9854244634E-02
    2.3200100000E-01    3.3068977479E-01    3.9927751641E-02
    2.3300100000E-01    3.2793801681E-01    4.0001689838E-02
    2.3400100000E-01    3.2520285439E-01    4.0076060722E-02
    2.3500100000E-01    3.2248429605E-01    4.0150865797E-02
    2.3600100000E-01    3.1978234800E-01    4.0226106575E-02
    2.3700100000E-01    3.1709701422E-01    4.0301784574E-02
    2.3800100000E-01    3.1442829650E-01    4.0377901319E-02
    2.3900100000E-01    3.1177619444E-01    4.0454458342E-02
    2.4000100000E-01    3.0914070551E-01    4.0531457183E-02
    2.4100100000E-01    3.0652182510E-01    4.0608899386E-02
    2.4200100000E-01    3.0391954653E-01    4.0686786505E-02
    2.4300100000E-01    3.0133386110E-01    4.0765120099E-02
    2.4400100000E-01    2.9876475812E-01    4.0843901735E-02
    2.4500100000E-01    2.9621222497E-01    4.0923132987E-02
    2.4600100000E-01    2.9367624708E-01    4.1002815435E-02
    2.4700100000E-01    2.9115680804E-01    4.1082950666E-02
    2.4800100000E-01    2.8865388958E-01    4.1163540275E-02
    2.4900100000E-01    2.8616747161E-01    4.1244585863E-02
    2.5000100000E-01    2.8369753230E-01    4.1326089038E-02
    2.5100100000E-01    2.8124404805E-01    4.1408051416E-02
    2.5200100000E-01    2.7880699357E-01    4.1490474617E-02
    2.5300100000E-01    2.7638634191E-01    4.1573360272E-02
    2.5400100000E-01    2.7398206447E-01    4.1656710016E-02
    2.5500100000E-01    2.7159413106E-01    4.1740525493E-02
    2.5600100000E-01    2.6922250990E-01    4.1824808351E-02
    2.5700100000E-01    2.6686716772E-01    4.1909560247E-02
    2.5800100000E-01    2.6452806970E-01    4.1994782846E-02
    2.5900100000E-01    2.6220517959E-01    4.2080477817E-02
    2.6000100000E-01    2.5989845966E-01    4.2166646839E-02
    2.6100100000E-01    2.5760787083E-01    4.2253291595E-02
    2.6200100000E-01    2.5533337259E-01    4.2340413778E-02
    2.6300100000E-01    2.5307492314E-01    4.2428015085E-02
    2.6400100000E-01    2.5083247933E-01    4.2516097222E-02
    2.6500100000E-01    2.4860599675E-01    4.2604661901E-02
    2.6600100000E-01    2.4639542975E-01    4.2693710842E-02
    2.6700100000E-01    2.4420073144E-01    4.2783245769E-02
    2.6800100000E-01    2.4202185375E-01    4.2873268417E-02
    2.6900100000E-01    2.3985874745E-01    4.2963780526E-02
    2.7000100000E-01    2.3771136219E-01    4.3054783841E-02
    2.7100100000E-01    2.3557964650E-01    4.3146280118E-02
    2.7200100000E-01    2.3346354786E-01    4.3238271117E-02
    2.7300100000E-01    2.3136301270E-01    4.3330758605E-02
    2.7400100000E-01    2.2927798642E-01    4.3423744358E-02
    2.7500100000E-01    2.2720841344E-01    4.3517230157E-02
    2.7600100000E-01    2.2515423723E-01    4.3611217790E-02
    2.7700100000E-01    2.2311540031E-01    4.3705709054E-02
    2.7800100000E-01    2.2109184431E-01    4.3800705750E-02
    2.7900100000E-01    2.1908350996E-01    4.3896209688E-02
    2.8000100000E-01    2.1709033715E-01    4.3992222683E-02
    2.8100100000E-01    2.1511226494E-01    4.4088746561E-02
    2.8200100000E-01    2.1314923158E-01    4.4185783149E-02
    2.8300100000E-01    2.1120117454E-01    4.4283334287E-02
    2.8400100000E-01    2.0926803056E-01    4.4381401816E-02
    2.8500100000E-01    2.0734973561E-01    4.4479987590E-02
    2.8600100000E-01    2.0544622498E-01    4.4579093464E-02
    2.8700100000E-01    2.0355743329E-01    4.4678721305E-02
    2.8800100000E-01    2.0168329447E-01    4.4778872984E-02
    2.8900100000E-01    1.9982374185E-01    4.4879550378E-02
    2.9000100000E-01    1.9797870811E-01    4.4980755375E-02
    2.9100100000E-01    1.9614812538E-01    4.5082489866E-02
    2.9200100000E-01    1.9433192518E-01    4.5184755751E-02
    2.9300100000E-01    1.9253003852E-01    4.5287554936E-02
    2.9400100000E-01    1.9074239587E-01    4.5390889334E-02
    2.9500100000E-01    1.8896892719E-01    4.5494760865E-02
    2.9600100000E-01    1.8720956197E-01    4.5599171456E-02
    2.9700100000E-01    1.8546422924E-01    4.5704123041E-02
    2.9800100000E-01    1.8373285756E-01    4.5809617561E-02
    2.9900100000E-01    1.8201537510E-01    4.5915656963E-02
    3.0000100000E-01    1.8031170962E-01    4.6022243203E-02
    3.0100100000E-01    1.7862178847E-01    4.6129378240E-02
    3.0200100000E-01    1.7694553868E-01    4.6237064044E-02
    3.0300100000E-01    1.7528288689E-01    4.6345302590E-02
    3.0400100000E-01    1.7363375944E-01    4.6454095859E-02
    3.0500100000E-01    1.7199808235E-01    4.6563445842E-02
    3.0600100000E-01    1.7037578134E-01    4.6673354532E-02
    3.0700100000E-01    1.6876678188E-01    4.6783823935E-02
    3.0800100000E-01    1.6717100915E-01    4.6894856057E-02
    3.0900100000E-01    1.6558838811E-01    4.7006452917E-02
    3.1000100000E-01    1.6401884348E-01    4.7118616537E-02
    3.1100100000E-01    1.6246229979E-01    4.7231348947E-02
    3.1200100000E-01    1.6091868136E-01    4.7344652185E-02
    3.1300100000E-01    1.5938791234E-01    4.7458528294E-02
    3.1400100000E-01    1.5786991671E-01    4.7572979324E-02
    3.1500100000E-01    1.5636461831E-01    4.7688007333E-02
    3.1600100000E-01    1.5487194086E-01    4.7803614385E-02
    3.1700100000E-01    1.5339180793E-01    4.7919802552E-02
    3.1800100000E-01    1.5192414300E-01    4.8036573910E-02
    3.1900100000E-01    1.5046886949E-01    4.8153930545E-02
    3.2000100000E-01    1.4902591069E-01    4.8271874549E-02
    3.2100100000E-01    1.4759518986E-01    4.8390408019E-02
    3.2200100000E-01    1.4617663020E-01    4.8509533060E-02
    3.2300100000E-01    1.4477015489E-01    4.8629251785E-02
    3.2400100000E-01    1.4337568705E-01    4.8749566312E-02
    3.2500100000E-01    1.4199314982E-01    4.8870478767E-02
    3.2600100000E-01    1.4062246631E-01    4.8991991281E-02
    3.2700100000E-01    1.3926355968E-01    4.9114105993E-02
    3.2800100000E-01    1.3791635308E-01    4.9236825050E-02
    3.2900100000E-01    1.3658076969E-01    4.9360150603E-02
    3.3000100000E-01    1.3525673276E-01    4.9484084812E-02
    3.3100100000E-01    1.3394416559E-01    4.9608629843E-02
    3.3200100000E-01    1.3264299152E-01    4.9733787868E-02
    3.3300100000E-01    1.3135313400E-01    4.9859561067E-02
    3.3400100000E-01    1.3007451654E-01    4.9985951625E-02
    3.3500100000E-01    1.2880706277E-01    5.0112961737E-02
    3.3600100000E-01    1.2755069641E-01    5.0240593600E-02
    3.3700100000E-01    1.2630534129E-01    5.0368849422E-02
    3.3800100000E-01    1.2507092137E-01    5.0497731415E-02
    3.3900100000E-01    1.2384736076E-01    5.0627241798E-02
    3.4000100000E-01    1.2263458369E-01    5.0757382799E-02
    3.4100100000E-01    1.2143251455E-01    5.0888156649E-02
    3.4200100000E-01    1.2024107787E-01    5.1019565589E-02
    3.4300100000E-01    1.1906019839E-01    5.1151611865E-02
    3.4400100000E-01    1.1788980097E-01    5.1284297728E-02
    3.4500100000E-01    1.1672981070E-01    5.1417625440E-02
    3.4600100000E-01    1.1558015282E-01    5.1551597266E-02
    3.4700100000E-01    1.1444075281E-01    5.1686215478E-02
    3.4800100000E-01    1.1331153631E-01    5.1821482357E-02
    3.4900100000E-01    1.1219242919E-01    5.1957400187E-02
    3.5000100000E-01    1.1108335755E-01    5.2093971262E-02
    3.5100100000E-01    1.0998424769E-01    5.2231197880E-02
    3.5200100000E-01    1.0889502617E-01    5.2369082347E-02
    3.5300100000E-01    1.0781561975E-01    5.2507626976E-02
    3.5400100000E-01    1.0674595546E-01    5.2646834084E-02
    3.5500100000E-01    1.0568596057E-01    5.2786705998E-02
    3.5600100000E-01    1.0463556260E-01    5.2927245049E-02
    3.5700100000E-01    1.0359468934E-01    5.3068453575E-02
    3.5800100000E-01    1.0256326883E-01    5.3210333922E-02
    3.5900100000E-01    1.0154122940E-01    5.3352888441E-02
    3.6000100000E-01    1.0052849962E-01    5.3496119489E-02
    3.6100100000E-01    9.9525008381E-02    5.3640029431E-02
    3.6200100000E-01    9.8530684832E-02    5.3784620637E-02
    3.6300100000E-01    9.7545458419E-02    5.3929895486E-02
    3.6400100000E-01    9.6569258878E-02    5.4075856360E-02
    3.6500100000E-01    9.5602016244E-02    5.4222505649E-02
    3.6600100000E-01    9.4643660855E-02    5.4369845751E-02
    3.6700100000E-01    9.3694123350E-02    5.4517879069E-02
    3.6800100000E-01    9.2753334680E-02    5.4666608011E-02
    3.6900100000E-01    9.1821226108E-02    5.4816034993E-02
    3.7000100000E-01    9.0897729211E-02    5.4966162438E-02
    3.7100100000E-01    8.9982775890E-02    5.5116992774E-02
    3.7200100000E-01    8.9076298363E-02    5.5268528436E-02
    3.7300100000E-01    8.8178229178E-02    5.5420771865E-02
    3.7400100000E-01    8.7288501209E-02    5.5573725509E-02
    3.7500100000E-01    8.6407047664E-02    5.5727391822E-02
    3.7600100000E-01    8.5533802083E-02    5.5881773263E-02
    3.7700100000E-01    8.4668698343E-02    5.6036872300E-02
    3.7800100000E-01    8.3811670662E-02    5.6192691405E-02
    3.7900100000E-01    8.2962653599E-02    5.6349233056E-02
    3.8000100000E-01    8.2121582056E-02    5.6506499741E-02
    3.8100100000E-01    8.1288391282E-02    5.6664493949E-02
    3.8200100000E-01    8.0463016873E-02    5.6823218178E-02
    3.8300100000E-01    7.9645394778E-02    5.6982674933E-02
    3.8400100000E-01    7.8835461295E-02    5.7142866724E-02
    3.8500100000E-01    7.8033153077E-02    5.7303796068E-02
    3.8600100000E-01    7.7238407131E-02    5.7465465485E-02
    3.8700100000E-01    7.6451160822E-02    5.7627877507E-02
    3.8800100000E-01    7.5671351872E-02    5.7791034666E-02
    3.8900100000E-01    7.4898918365E-02    5.7954939505E-02
    3.9000100000E-01    7.4133798743E-02    5.8119594570E-02
    3.9100100000E-01    7.3375931811E-02    5.8285002415E-02
    3.9200100000E-01    7.2625256738E-02    5.8451165598E-02
    3.9300100000E-01    7.1881713055E-02    5.8618086686E-02
    3.9400100000E-01    7.1145240659E-02    5.8785768249E-02
    3.9500100000E-01    7.0415779813E-02    5.8954212865E-02
    3.9600100000E-01    6.9693271147E-02    5.9123423118E-02
    3.9700100000E-01    6.8977655655E-02    5.9293401598E-02
    3.9800100000E-01    6.8268874702E-02    5.9464150898E-02
    3.9900100000E-01    6.7566870019E-02    5.9635673622E-02
    4.0000100000E-01    6.6871583707E-02    5.9807972377E-02
    4.0100100000E-01    6.6182958235E-02    5.9981049776E-02
    4.0200100000E-01    6.5500936442E-02    6.0154908438E-02
    4.0300100000E-01    6.4825461534E-02    6.0329550988E-02
    4.0400100000E-01    6.4156477090E-02    6.0504980059E-02
    4.0500100000E-01    6.3493927057E-02    6.0681198287E-02
    4.0600100000E-01    6.2837755751E-02    6.0858208314E-02
    4.0700100000E-01    6.2187907857E-02    6.1036012790E-02
    4.0800100000E-01    6.1544328431E-02    6.1214614369E-02
    4.0900100000E-01    6.0906962899E-02    6.1394015712E-02
    4.1000100000E-01    6.0275757053E-02    6.1574219485E-02
    4.1100100000E-01    5.9650657057E-02    6.1755228359E-02
    4.1200100000E-01    5.9031609441E-02    6.1937045014E-02
    4.1300100000E-01    5.8418561103E-02    6.2119672132E-02
    4.1400100000E-01    5.7811459311E-02    6.2303112402E-02
    4.1500100000E-01    5.7210251697E-02    6.2487368520E-02
    4.1600100000E-01    5.6614886262E-02    6.2672443186E-02
    4.1700100000E-01    5.6025311372E-02    6.2858339106E-02
    4.1800100000E-01    5.5441475756E-02    6.3045058993E-02
    4.1900100000E-01    5.4863328511E-02    6.3232605565E-02
    4.2000100000E-01    5.4290819097E-02    6.3420981543E-02
    4.2100100000E-01    5.3723897334E-02    6.3610189658E-02
    4.2200100000E-01    5.3162513409E-02    6.3800232644E-02
    4.2300100000E-01    5.2606617866E-02    6.3991113241E-02
    4.2400100000E-01    5.2056161611E-02    6.4182834194E-02
    4.2500100000E-01    5.1511095911E-02    6.4375398255E-02
    4.2600100000E-01    5.0971372388E-02    6.4568808180E-02
    4.2700100000E-01    5.0436943026E-02    6.4763066731E-02
    4.2800100000E-01    4.9907760161E-02    6.4958176675E-02
    4.2900100000E-01    4.9383776487E-02    6.5154140786E-02
    4.3000100000E-01    4.8864945050E-02    6.5350961843E-02
    4.3100100000E-01    4.8351219252E-02    6.5548642628E-02
    4.3200100000E-01    4.7842552844E-02    6.5747185932E-02
    4.3300100000E-01    4.7338899928E-02    6.5946594549E-02
    4.3400100000E-01    4.6840214957E-02    6.6146871278E-02
    4.3500100000E-01    4.6346452731E-02    6.6348018925E-02
    4.3600100000E-01    4.5857568397E-02    6.6550040301E-02
    4.3700100000E-01    4.5373517446E-02    6.6752938221E-02
    4.3800100000E-01    4.4894255714E-02    6.6956715506E-02
    4.3900100000E-01    4.4419739382E-02    6.7161374983E-02
    4.4000100000E-01    4.3949924968E-02    6.7366919484E-02
    4.4100100000E-01    4.3484769332E-02    6.7573351845E-02
    4.4200100000E-01    4.3024229674E-02    6.7780674908E-02
    4.4300100000E-01    4.2568263527E-02    6.7988891520E-02
    4.4400100000E-01    4.2116828763E-02    6.8198004533E-02
    4.4500100000E-01    4.1669883585E-02    6.8408016805E-02
    4.4600100000E-01    4.1227386532E-02    6.8618931198E-02
    4.4700100000E-01    4.0789296469E-02    6.8830750579E-02
    4.4800100000E-01    4.0355572594E-02    6.9043477822E-02
    4.4900100000E-01    3.9926174431E-02    6.9257115803E-02
    4.5000100000E-01    3.9501061831E-02    6.9471667405E-02
    4.5100100000E-01    3.9080194968E-02    6.9687135516E-02
    4.5200100000E-01    3.8663534340E-02    6.9903523028E-02
    4.5300100000E-01    3.8251040765E-02    7.0120832838E-02
    4.5400100000E-01    3.7842675382E-02    7.0339067850E-02
    4.5500100000E-01    3.7438399645E-02    7.0558230969E-02
    4.5600100000E-01    3.7038175328E-02    7.0778325107E-02
    4.5700100000E-01    3.6641964516E-02    7.0999353183E-02
    4.5800100000E-01    3.6249729608E-02    7.1221318117E-02
    4.5900100000E-01    3.5861433314E-02    7.1444222836E-02
    4.6000100000E-01    3.5477038654E-02    7.1668070270E-02
    4.6100100000E-01    3.5096508953E-02    7.1892863357E-02
    4.6200100000E-01    3.4719807844E-02    7.2118605036E-02
    4.6300100000E-01    3.4346899263E-02    7.2345298253E-02
    4.6400100000E-01    3.3977747450E-02    7.2572945958E-02
    4.6500100000E-01    3.3612316941E-02    7.2801551106E-02
    4.6600100000E-01    3.3250572576E-02    7.3031116655E-02
    4.6700100000E-01    3.2892479488E-02    7.3261645570E-02
    4.6800100000E-01    3.2538003107E-02    7.3493140818E-02
    4.6900100000E-01    3.2187109156E-02    7.3725605374E-02
    4.7000100000E-01    3.1839763649E-02    7.3959042213E-02
    4.7100100000E-01    3.1495932889E-02    7.4193454319E-02
    4.7200100000E-01    3.1155583470E-02    7.4428844677E-02
    4.7300100000E-01    3.0818682267E-02    7.4665216279E-02
    4.7400100000E-01    3.0485196444E-02    7.4902572119E-02
    4.7500100000E-01    3.0155093445E-02    7.5140915197E-02
    4.7600100000E-01    2.9828340995E-02    7.5380248518E-02
    4.7700100000E-01    2.9504907097E-02    7.5620575088E-02
    4.7800100000E-01    2.9184760033E-02    7.5861897921E-02
    4.7900100000E-01    2.8867868359E-02    7.6104220034E-02
    4.8000100000E-01    2.8554200904E-02    7.6347544448E-02
    4.8100100000E-01    2.8243726768E-02    7.6591874187E-02
    4.8200100000E-01    2.7936415323E-02    7.6837212282E-02
    4.8300100000E-01    2.7632236205E-02    7.7083561767E-02
    4.8400100000E-01    2.7331159320E-02    7.7330925678E-02
    4.8500100000E-01    2.7033154836E-02    7.7579307058E-02
    4.8600100000E-01    2.6738193184E-02    7.7828708952E-02
    4.8700100000E-01    2.6446245054E-02    7.8079134412E-02
    4.8800100000E-01    2.6157281398E-02    7.8330586490E-02
    4.8900100000E-01    2.5871273421E-02    7.8583068246E-02
    4.9000100000E-01    2.5588192587E-02    7.8836582740E-02
    4.9100100000E-01    2.5308010611E-02    7.9091133039E-02
    4.9200100000E-01    2.5030699458E-02    7.9346722213E-02
    4.9300100000E-01    2.4756231347E-02    7.9603353336E-02
    4.9400100000E-01    2.4484578741E-02    7.9861029485E-02
    4.9500100000E-01    2.4215714351E-02    8.0119753741E-02
    4.9600100000E-01    2.3949611131E-02    8.0379529190E-02
    4.9700100000E-01    2.3686242279E-02    8.0640358921E-02
    4.9800100000E-01    2.3425581233E-02    8.0902246027E-02
    4.9900100000E-01    2.3167601669E-02    8.1165193604E-02
    5.0000100000E-01    2.2912277502E-02    8.1429204752E-02
    5.0100100000E-01    2.2659582881E-02    8.1694282575E-02
    5.0200100000E-01    2.2409492189E-02    8.1960430181E-02
    5.0300100000E-01    2.2161980041E-02    8.2227650680E-02
    5.0400100000E-01    2.1917021282E-02    8.2495947187E-02
    5.0500100000E-01    2.1674590986E-02    8.2765322820E-02
    5.0600100000E-01    2.1434664452E-02    8.3035780702E-02
    5.0700100000E-01    2.1197217205E-02    8.3307323956E-02
    5.0800100000E-01    2.0962224993E-02    8.3579955711E-02
    5.0900100000E-01    2.0729663786E-02    8.3853679100E-02
    5.1000100000E-01    2.0499509772E-02    8.4128497258E-02
    5.1100100000E-01    2.0271739360E-02    8.4404413322E-02
    5.1200100000E-01    2.0046329171E-02    8.4681430437E-02
    5.1300100000E-01    1.9823256044E-02    8.4959551746E-02
    5.1400100000E-01    1.9602497031E-02    8.5238780398E-02
    5.1500100000E-01    1.9384029392E-02    8.5519119545E-02
    5.1600100000E-01    1.9167830600E-02    8.5800572342E-02
    5.1700100000E-01    1.8953878334E-02    8.6083141947E-02
    5.1800100000E-01    1.8742150480E-02    8.6366831522E-02
    5.1900100000E-01    1.8532625128E-02    8.6651644230E-02
    5.2000100000E-01    1.8325280571E-02    8.6937583240E-02
    5.2100100000E-01    1.8120095304E-02    8.7224651721E-02
    5.2200100000E-01    1.7917048021E-02    8.7512852847E-02
    5.2300100000E-01    1.7716117614E-02    8.7802189795E-02
    5.2400100000E-01    1.7517283171E-02    8.8092665745E-02
    5.2500100000E-01    1.7320523976E-02    8.8384283877E-02
    5.2600100000E-01    1.7125819506E-02    8.8677047378E-02
    5.2700100000E-01    1.6933149428E-02    8.8970959436E-02
    5.2800100000E-01    1.6742493600E-02    8.9266023242E-02
    5.2900100000E-01    1.6553832070E-02    8.9562241988E-02
    5.3000100000E-01    1.6367145070E-02    8.9859618872E-02
    5.3100100000E-01    1.6182413020E-02    9.0158157093E-02
    5.3200100000E-01    1.5999616523E-02    9.0457859853E-02
    5.3300100000E-01    1.5818736363E-02    9.0758730356E-02
    5.3400100000E-01    1.5639753506E-02    9.1060771808E-02
    5.3500100000E-01    1.5462649097E-02    9.1363987421E-02
    5.3600100000E-01    1.5287404459E-02    9.1668380405E-02
    5.3700100000E-01    1.5114001090E-02    9.1973953977E-02
    5.3800100000E-01    1.4942420664E-02    9.2280711352E-02
    5.3900100000E-01    1.4772645028E-02    9.2588655751E-02
    5.4000100000E-01    1.4604656200E-02    9.2897790396E-02
    5.4100100000E-01    1.4438436368E-02    9.3208118511E-02
    5.4200100000E-01    1.4273967891E-02    9.3519643324E-02
    5.4300100000E-01    1.4111233294E-02    9.3832368063E-02
    5.4400100000E-01    1.3950215267E-02    9.4146295959E-02
    5.4500100000E-01    1.3790896665E-02    9.4461430247E-02
    5.4600100000E-01    1.3633260508E-02    9.4777774163E-02
    5.4700100000E-01    1.3477289974E-02    9.5095330944E-02
    5.4800100000E-01    1.3322968406E-02    9.5414103831E-02
    5.4900100000E-01    1.3170279301E-02    9.5734096067E-02
    5.5000100000E-01    1.3019206317E-02    9.6055310895E-02
    5.5100100000E-01    1.2869733267E-02    9.6377751563E-02
    5.5200100000E-01    1.2721844118E-02    9.6701421318E-02
    5.5300100000E-01    1.2575522991E-02    9.7026323412E-02
    5.5400100000E-01    1.2430754159E-02    9.7352461096E-02
    5.5500100000E-01    1.2287522046E-02    9.7679837626E-02
    5.5600100000E-01    1.2145811226E-02    9.8008456258E-02
    5.5700100000E-01    1.2005606418E-02    9.8338320248E-02
    5.5800100000E-01    1.1866892492E-02    9.8669432859E-02
    5.5900100000E-01    1.1729654461E-02    9.9001797350E-02
    5.6000100000E-01    1.1593877482E-02    9.9335416986E-02
    5.6100100000E-01    1.1459546855E-02    9.9670295032E-02
    5.6200100000E-01    1.1326648022E-02    1.0000643475E-01
    5.6300100000E-01    1.1195166566E-02    1.0034383942E-01
    5.6400100000E-01    1.1065088209E-02    1.0068251230E-01
    5.6500100000E-01    1.0936398808E-02    1.0102245667E-01
    5.6600100000E-01    1.0809084360E-02    1.0136367580E-01
    5.6700100000E-01    1.0683130997E-02    1.0170617296E-01
    5.6800100000E-01    1.0558524983E-02    1.0204995144E-01
    5.6900100000E-01    1.0435252716E-02    1.0239501450E-01
    5.7000100000E-01    1.0313300726E-02    1.0274136543E-01
    5.7100100000E-01    1.0192655674E-02    1.0308900750E-01
    5.7200100000E-01    1.0073304350E-02    1.0343794400E-01
    5.7300100000E-01    9.9552336709E-03    1.0378817822E-01
    5.7400100000E-01    9.8384306821E-03    1.0413971343E-01
    5.7500100000E-01    9.7228825544E-03    1.0449255292E-01
    5.7600100000E-01    9.6085765831E-03    1.0484669998E-01
    5.7700100000E-01    9.4955001873E-03    1.0520215789E-01
    5.7800100000E-01    9.3836409084E-03    1.0555892995E-01
    5.7900100000E-01    9.2729864091E-03    1.0591701944E-01
    5.8000100000E-01    9.1635244724E-03    1.0627642965E-01
    5.8100100000E-01    9.0552430002E-03    1.0663716388E-01
    5.8200100000E-01    8.9481300126E-03    1.0699922542E-01
    5.8300100000E-01    8.8421736465E-03    1.0736261756E-01
    5.8400100000E-01    8.7373621545E-03    1.0772734360E-01
    5.8500100000E-01    8.6336839042E-03    1.0809340683E-01
    5.8600100000E-01    8.5311273766E-03    1.0846081055E-01
    5.8700100000E-01    8.4296811657E-03    1.0882955805E-01
    5.8800100000E-01    8.3293339767E-03    1.0919965264E-01
    5.8900100000E-01    8.2300746257E-03    1.0957109761E-01
    5.9000100000E-01    8.1318920381E-03    1.0994389626E-01
    5.9100100000E-01    8.0347752479E-03    1.1031805189E-01
    5.9200100000E-01    7.9387133966E-03    1.1069356780E-01
    5.9300100000E-01    7.8436957321E-03    1.1107044730E-01
    5.9400100000E-01    7.7497116079E-03    1.1144869368E-01
    5.9500100000E-01    7.6567504821E-03    1.1182831024E-01
    5.9600100000E-01    7.5648019161E-03    1.1220930029E-01
    5.9700100000E-01    7.4738555739E-03    1.1259166714E-01
    5.9800100000E-01    7.3839012214E-03    1.1297541407E-01
    5.9900100000E-01    7.2949287248E-03    1.1336054441E-01
    6.0000100000E-01    7.2069280502E-03    1.1374706145E-01
    6.0100100000E-01    7.1198892623E-03    1.1413496849E-01
    6.0200100000E-01    7.0338025237E-03    1.1452426884E-01
    6.0300100000E-01    6.9486580941E-03    1.1491496581E-01
    6.0400100000E-01    6.8644463289E-03    1.1530706270E-01
    6.0500100000E-01    6.7811576786E-03    1.1570056281E-01
    6.0600100000E-01    6.6987826882E-03    1.1609546945E-01
    6.0700100000E-01    6.6173119957E-03    1.1649178593E-01
    6.0800100000E-01    6.5367363316E-03    1.1688951555E-01
    6.0900100000E-01    6.4570465179E-03    1.1728866161E-01
    6.1000100000E-01    6.3782334673E-03    1.1768922742E-01
    6.1100100000E-01    6.3002881823E-03    1.1809121629E-01
    6.1200100000E-01    6.2232017543E-03    1.1849463151E-01
    6.1300100000E-01    6.1469653628E-03    1.1889947640E-01
    6.1400100000E-01    6.0715702747E-03    1.1930575426E-01
    6.1500100000E-01    5.9970078432E-03    1.1971346839E-01
    6.1600100000E-01    5.9232695071E-03    1.2012262210E-01
    6.1700100000E-01    5.8503467900E-03    1.2053321869E-01
    6.1800100000E-01    5.7782312995E-03    1.2094526146E-01
    6.1900100000E-01    5.7069147264E-03    1.2135875372E-01
    6.2000100000E-01    5.6363888436E-03    1.2177369877E-01
    6.2100100000E-01    5.5666455061E-03    1.2219009991E-01
    6.2200100000E-01    5.4976766492E-03    1.2260796044E-01
    6.2300100000E-01    5.4294742885E-03    1.2302728367E-01
    6.2400100000E-01    5.3620305188E-03    1.2344807290E-01
    6.2500100000E-01    5.2953375134E-03    1.2387033141E-01
    6.2600100000E-01    5.2293875232E-03    1.2429406252E-01
    6.2700100000E-01    5.1641728763E-03    1.2471926953E-01
    6.2800100000E-01    5.0996859769E-03    1.2514595572E-01
    6.2900100000E-01    5.0359193048E-03    1.2557412440E-01
    6.3000100000E-01    4.9728654145E-03    1.2600377887E-01
    6.3100100000E-01    4.9105169347E-03    1.2643492241E-01
    6.3200100000E-01    4.8488665672E-03    1.2686755833E-01
    6.3300100000E-01    4.7879070867E-03    1.2730168992E-01
    6.3400100000E-01    4.7276313397E-03    1.2773732047E-01
    6.3500100000E-01    4.6680322439E-03    1.2817445328E-01
    6.3600100000E-01    4.6091027876E-03    1.2861309162E-01
    6.3700100000E-01    4.5508360290E-03    1.2905323881E-01
    6.3800100000E-01    4.4932250955E-03    1.2949489811E-01
    6.3900100000E-01    4.4362631828E-03    1.2993807283E-01
    6.4000100000E-01    4.3799435546E-03    1.3038276625E-01
    6.4100100000E-01    4.3242595420E-03    1.3082898165E-01
    6.4200100000E-01    4.2692045421E-03    1.3127672232E-01
    6.4300100000E-01    4.2147720185E-03    1.3172599154E-01
    6.4400100000E-01    4.1609554996E-03    1.3217679259E-01
    6.4500100000E-01    4.1077485785E-03    1.3262912876E-01
    6.4600100000E-01    4.0551449125E-03    1.3308300333E-01
    6.4700100000E-01    4.0031382220E-03    1.3353841956E-01
    6.4800100000E-01    3.9517222901E-03    1.3399538074E-01
    6.4900100000E-01    3.9008909624E-03    1.3445389014E-01
    6.5000100000E-01    3.8506381456E-03    1.3491395104E-01
    6.5100100000E-01    3.8009578074E-03    1.3537556671E-01
    6.5200100000E-01    3.7518439761E-03    1.3583874042E-01
    6.5300100000E-01    3.7032907395E-03    1.3630347544E-01
    6.5400100000E-01    3.6552922444E-03    1.3676977503E-01
    6.5500100000E-01    3.6078426965E-03    1.3723764247E-01
    6.5600100000E-01    3.5609363592E-03    1.3770708100E-01
    6.5700100000E-01    3.5145675536E-03    1.3817809391E-01
    6.5800100000E-01    3.4687306574E-03    1.3865068445E-01
    6.5900100000E-01    3.4234201048E-03    1.3912485587E-01
    6.6000100000E-01    3.3786303856E-03    1.3960061143E-01
    6.6100100000E-01    3.3343560448E-03    1.4007795440E-01
    6.6200100000E-01    3.2905916823E-03    1.4055688802E-01
    6.6300100000E-01    3.2473319518E-03    1.4103741554E-01
    6.6400100000E-01    3.2045715608E-03    1.4151954021E-01
    6.6500100000E-01    3.1623052697E-03    1.4200326528E-01
    6.6600100000E-01    3.1205278917E-03    1.4248859400E-01
    6.6700100000E-01    3.0792342918E-03    1.4297552961E-01
    6.6800100000E-01    3.0384193865E-03    1.4346407535E-01
    6.6900100000E-01    2.9980781434E-03    1.4395423446E-01
    6.7000100000E-01    2.9582055806E-03    1.4444601017E-01
    6.7100100000E-01    2.9187967661E-03    1.4493940573E-01
    6.7200100000E-01    2.8798468176E-03    1.4543442436E-01
    6.7300100000E-01    2.8413509016E-03    1.4593106929E-01
    6.7400100000E-01    2.8033042333E-03    1.4642934376E-01
    6.7500100000E-01    2.7657020759E-03    1.4692925098E-01
    6.7600100000E-01    2.7285397401E-03    1.4743079418E-01
    6.7700100000E-01    2.6918125839E-03    1.4793397659E-01
    6.7800100000E-01    2.6555160117E-03    1.4843880142E-01
    6.7900100000E-01    2.6196454743E-03    1.4894527188E-01
    6.8000100000E-01    2.5841964682E-03    1.4945339119E-01
    6.8100100000E-01    2.5491645350E-03    1.4996316257E-01
    6.8200100000E-01    2.5145452613E-03    1.5047458922E-01
    6.8300100000E-01    2.4803342780E-03    1.5098767434E-01
    6.8400100000E-01    2.4465272600E-03    1.5150242114E-01
    6.8500100000E-01    2.4131199256E-03    1.5201883282E-01
    6.8600100000E-01    2.3801080364E-03    1.5253691259E-01
    6.8700100000E-01    2.3474873964E-03    1.5305666362E-01
    6.8800100000E-01    2.3152538520E-03    1.5357808912E-01
    6.8900100000E-01    2.2834032913E-03    1.5410119229E-01
    6.9000100000E-01    2.2519316438E-03    1.5462597629E-01
    6.9100100000E-01    2.2208348800E-03    1.5515244432E-01
    6.9200100000E-01    2.1901090111E-03    1.5568059957E-01
    6.9300100000E-01    2.1597500883E-03    1.5621044520E-01
    6.9400100000E-01    2.1297542025E-03    1.5674198440E-01
    6.9500100000E-01    2.1001174843E-03    1.5727522033E-01
    6.9600100000E-01    2.0708361030E-03    1.5781015618E-01
    6.9700100000E-01    2.0419062666E-03    1.5834679510E-01
    6.9800100000E-01    2.0133242214E-03    1.5888514025E-01
    6.9900100000E-01    1.9850862513E-03    1.5942519481E-01
    7.0000100000E-01    1.9571886778E-03    1.5996696192E-01
    7.0100100000E-01    1.9296278596E-03    1.6051044474E-01
    7.0200100000E-01    1.9024001920E-03    1.6105564643E-01
    7.0300100000E-01    1.8755021065E-03    1.6160257013E-01
    7.0400100000E-01    1.8489300709E-03    1.6215121899E-01
    7.0500100000E-01    1.8226805884E-03    1.6270159614E-01
    7.0600100000E-01    1.7967501976E-03    1.6325370473E-01
    7.0700100000E-01    1.7711354719E-03    1.6380754790E-01
    7.0800100000E-01    1.7458330194E-03    1.6436312877E-01
    7.0900100000E-01    1.7208394823E-03    1.6492045047E-01
    7.1000100000E-01    1.6961515369E-03    1.6547951613E-01
    7.1100100000E-01    1.6717658928E-03    1.6604032888E-01
    7.1200100000E-01    1.6476792931E-03    1.6660289182E-01
    7.1300100000E-01    1.6238885134E-03    1.6716720808E-01
    7.1400100000E-01    1.6003903622E-03    1.6773328076E-01
    7.1500100000E-01    1.5771816801E-03    1.6830111298E-01
    7.1600100000E-01    1.5542593397E-03    1.6887070784E-01
    7.1700100000E-01    1.5316202451E-03    1.6944206844E-01
    7.1800100000E-01    1.5092613316E-03    1.7001519788E-01
    7.1900100000E-01    1.4871795656E-03    1.7059009925E-01
    7.2000100000E-01    1.4653719441E-03    1.7116677564E-01
    7.2100100000E-01    1.4438354946E-03    1.7174523015E-01
    7.2200100000E-01    1.4225672744E-03    1.7232546584E-01
    7.2300100000E-01    1.4015643707E-03    1.7290748581E-01
    7.2400100000E-01    1.3808239001E-03    1.7349129312E-01
    7.2500100000E-01    1.3603430083E-03    1.7407689085E-01
    7.2600100000E-01    1.3401188700E-03    1.7466428207E-01
    7.2700100000E-01    1.3201486885E-03    1.7525346985E-01
    7.2800100000E-01    1.3004296951E-03    1.7584445723E-01
    7.2900100000E-01    1.2809591494E-03    1.7643724728E-01
    7.3000100000E-01    1.2617343387E-03    1.7703184306E-01
    7.3100100000E-01    1.2427525775E-03    1.7762824760E-01
    7.3200100000E-01    1.2240112078E-03    1.7822646396E-01
    7.3300100000E-01    1.2055075982E-03    1.7882649518E-01
    7.3400100000E-01    1.1872391443E-03    1.7942834429E-01
    7.3500100000E-01    1.1692032677E-03    1.8003201433E-01
    7.3600100000E-01    1.1513974162E-03    1.8063750832E-01
    7.3700100000E-01    1.1338190637E-03    1.8124482929E-01
    7.3800100000E-01    1.1164657093E-03    1.8185398027E-01
    7.3900100000E-01    1.0993348777E-03    1.8246496427E-01
    7.4000100000E-01    1.0824241186E-03    1.8307778429E-01
    7.4100100000E-01    1.0657310064E-03    1.8369244336E-01
    7.4200100000E-01    1.0492531402E-03    1.8430894447E-01
    7.4300100000E-01    1.0329881435E-03    1.8492729063E-01
    7.4400100000E-01    1.0169336637E-03    1.8554748483E-01
    7.4500100000E-01    1.0010873722E-03    1.8616953006E-01
    7.4600100000E-01    9.8544696384E-04    1.8679342932E-01
    7.4700100000E-01    9.7001015701E-04    1.8741918558E-01
    7.4800100000E-01    9.5477469312E-04    1.8804680183E-01
    7.4900100000E-01    9.3973833651E-04    1.8867628104E-01
    7.5000100000E-01    9.2489887420E-04    1.8930762618E-01
    7.5100100000E-01    9.1025411563E-04    1.8994084021E-01
    7.5200100000E-01    8.9580189249E-04    1.9057592611E-01
    7.5300100000E-01    8.8154005845E-04    1.9121288683E-01
    7.5400100000E-01    8.6746648896E-04    1.9185172531E-01
    7.5500100000E-01    8.5357908104E-04    1.9249244452E-01
    7.5600100000E-01    8.3987575304E-04    1.9313504739E-01
    7.5700100000E-01    8.2635444444E-04    1.9377953687E-01
    7.5800100000E-01    8.1301311564E-04    1.9442591589E-01
    7.5900100000E-01    7.9984974776E-04    1.9507418738E-01
    7.6000100000E-01    7.8686234239E-04    1.9572435427E-01
    7.6100100000E-01    7.7404892145E-04    1.9637641949E-01
    7.6200100000E-01    7.6140752692E-04    1.9703038595E-01
    7.6300100000E-01    7.4893622068E-04    1.9768625656E-01
    7.6400100000E-01    7.3663308431E-04    1.9834403423E-01
    7.6500100000E-01    7.2449621887E-04    1.9900372187E-01
    7.6600100000E-01    7.1252374473E-04    1.9966532238E-01
    7.6700100000E-01    7.0071380134E-04    2.0032883865E-01
    7.6800100000E-01    6.8906454710E-04    2.0099427357E-01
    7.6900100000E-01    6.7757415909E-04    2.0166163004E-01
    7.7000100000E-01    6.6624083295E-04    2.0233091092E-01
    7.7100100000E-01    6.5506278266E-04    2.0300211910E-01
    7.7200100000E-01    6.4403824039E-04    2.0367525746E-01
    7.7300100000E-01    6.3316545624E-04    2.0435032885E-01
    7.7400100000E-01    6.2244269816E-04    2.0502733614E-01
    7.7500100000E-01    6.1186825171E-04    2.0570628219E-01
    7.7600100000E-01    6.0144041988E-04    2.0638716985E-01
    7.7700100000E-01    5.9115752295E-04    2.0707000197E-01
    7.7800100000E-01    5.8101789830E-04    2.0775478140E-01
    7.7900100000E-01    5.7101990023E-04    2.0844151097E-01
    7.8000100000E-01    5.6116189979E-04    2.0913019353E-01
    7.8100100000E-01    5.5144228464E-04    2.0982083189E-01
    7.8200100000E-01    5.4185945884E-04    2.1051342888E-01
    7.8300100000E-01    5.3241184272E-04    2.1120798733E-01
    7.8400100000E-01    5.2309787271E-04    2.1190451005E-01
    7.8500100000E-01    5.1391600117E-04    2.1260299985E-01
    7.8600100000E-01    5.0486469622E-04    2.1330345954E-01
    7.8700100000E-01    4.9594244162E-04    2.1400589192E-01
    7.8800100000E-01    4.8714773656E-04    2.1471029978E-01
    7.8900100000E-01    4.7847909556E-04    2.1541668591E-01
    7.9000100000E-01    4.6993504829E-04    2.1612505311E-01
    7.9100100000E-01    4.6151413939E-04    2.1683540415E-01
    7.9200100000E-01    4.5321492837E-04    2.1754774182E-01
    7.9300100000E-01    4.4503598945E-04    2.1826206887E-01
    7.9400100000E-01    4.3697591137E-04    2.1897838809E-01
    7.9500100000E-01    4.2903329730E-04    2.1969670223E-01
    7.9600100000E-01    4.2120676467E-04    2.2041701405E-01
    7.9700100000E-01    4.1349494502E-04    2.2113932631E-01
    7.9800100000E-01    4.0589648386E-04    2.2186364175E-01
    7.9900100000E-01    3.9841004055E-04    2.2258996311E-01
    8.0000100000E-01    3.9103428815E-04    2.2331829313E-01
    8.0100100000E-01    3.8376791326E-04    2.2404863454E-01
    8.0200100000E-01    3.7660961593E-04    2.2478099008E-01
    8.0300100000E-01    3.6955810948E-04    2.2551536247E-01
    8.0400100000E-01    3.6261212039E-04    2.2625175442E-01
    8.0500100000E-01    3.5577038818E-04    2.2699016865E-01
    8.0600100000E-01    3.4903166524E-04    2.2773060786E-01
    8.0700100000E-01    3.4239471673E-04    2.2847307476E-01
    8.0800100000E-01    3.3585832047E-04    2.2921757206E-01
    8.0900100000E-01    3.2942126676E-04    2.2996410243E-01
    8.1000100000E-01    3.2308235830E-04    2.3071266857E-01
    8.1100100000E-01    3.1684041005E-04    2.3146327317E-01
    8.1200100000E-01    3.1069424909E-04    2.3221591891E-01
    8.1300100000E-01    3.0464271455E-04    2.3297060845E-01
    8.1400100000E-01    2.9868465741E-04    2.3372734446E-01
    8.1500100000E-01    2.9281894047E-04    2.3448612962E-01
    8.1600100000E-01    2.8704443816E-04    2.3524696657E-01
    8.1700100000E-01    2.8136003645E-04    2.3600985798E-01
    8.1800100000E-01    2.7576463276E-04    2.3677480649E-01
    8.1900100000E-01    2.7025713580E-04    2.3754181475E-01
    8.2000100000E-01    2.6483646547E-04    2.3831088540E-01
    8.2100100000E-01    2.5950155278E-04    2.3908202106E-01
    8.2200100000E-01    2.5425133970E-04    2.3985522437E-01
    8.2300100000E-01    2.4908477905E-04    2.4063049796E-01
    8.2400100000E-01    2.4400083444E-04    2.4140784445E-01
    8.2500100000E-01    2.3899848009E-04    2.4218726644E-01
    8.2600100000E-01    2.3407670079E-04    2.4296876655E-01
    8.2700100000E-01    2.2923449174E-04    2.4375234738E-01
    8.2800100000E-01    2.2447085850E-04    2.4453801154E-01
    8.2900100000E-01    2.1978481682E-04    2.4532576161E-01
    8.3000100000E-01    2.1517539261E-04    2.4611560020E-01
    8.3100100000E-01    2.1064162177E-04    2.4690752987E-01
    8.3200100000E-01    2.0618255016E-04    2.4770155322E-01
    8.3300100000E-01    2.0179723343E-04    2.4849767282E-01
    8.3400100000E-01    1.9748473696E-04    2.4929589124E-01
    8.3500100000E-01    1.9324413579E-04    2.5009621104E-01
    8.3600100000E-01    1.8907451444E-04    2.5089863479E-01
    8.3700100000E-01    1.8497496690E-04    2.5170316504E-01
    8.3800100000E-01    1.8094459649E-04    2.5250980434E-01
    8.3900100000E-01    1.7698251579E-04    2.5331855524E-01
    8.4000100000E-01    1.7308784650E-04    2.5412942028E-01
    8.4100100000E-01    1.6925971943E-04    2.5494240200E-01
    8.4200100000E-01    1.6549727433E-04    2.5575750293E-01
    8.4300100000E-01    1.6179965984E-04    2.5657472559E-01
    8.4400100000E-01    1.5816603340E-04    2.5739407251E-01
    8.4500100000E-01    1.5459556114E-04    2.5821554620E-01
    8.4600100000E-01    1.5108741783E-04    2.5903914918E-01
    8.4700100000E-01    1.4764078675E-04    2.5986488395E-01
    8.4800100000E-01    1.4425485964E-04    2.6069275302E-01
    8.4900100000E-01    1.4092883661E-04    2.6152275889E-01
    8.5000100000E-01    1.3766192602E-04    2.6235490404E-01
    8.5100100000E-01    1.3445334445E-04    2.6318919097E-01
    8.5200100000E-01    1.3130231659E-04    2.6402562217E-01
    8.5300100000E-01    1.2820807516E-04    2.6486420010E-01
    8.5400100000E-01    1.2516986082E-04    2.6570492725E-01
    8.5500100000E-01    1.2218692211E-04    2.6654780608E-01
    8.5600100000E-01    1.1925851538E-04    2.6739283906E-01
    8.5700100000E-01    1.1638390467E-04    2.6824002866E-01
    8.5800100000E-01    1.1356236168E-04    2.6908937732E-01
    8.5900100000E-01    1.1079316565E-04    2.6994088750E-01
    8.6000100000E-01    1.0807560332E-04    2.7079456164E-01
    8.6100100000E-01    1.0540896885E-04    2.7165040219E-01
    8.6200100000E-01    1.0279256371E-04    2.7250841158E-01
    8.6300100000E-01    1.0022569665E-04    2.7336859225E-01
    8.6400100000E-01    9.7707683627E-05    2.7423094663E-01
    8.6500100000E-01    9.5237847687E-05    2.7509547713E-01
    8.6600100000E-01    9.2815518942E-05    2.7596218618E-01
    8.6700100000E-01    9.0440034477E-05    2.7683107620E-01
    8.6800100000E-01    8.8110738284E-05    2.7770214959E-01
    8.6900100000E-01    8.5826981197E-05    2.7857540875E-01
    8.7000100000E-01    8.3588120816E-05    2.7945085610E-01
    8.7100100000E-01    8.1393521446E-05    2.8032849403E-01
    8.7200100000E-01    7.9242554027E-05    2.8120832493E-01
    8.7300100000E-01    7.7134596068E-05    2.8209035118E-01
    8.7400100000E-01    7.5069031582E-05    2.8297457518E-01
    8.7500100000E-01    7.3045251021E-05    2.8386099930E-01
    8.7600100000E-01    7.1062651209E-05    2.8474962592E-01
    8.7700100000E-01    6.9120635282E-05    2.8564045741E-01
    8.7800100000E-01    6.7218612624E-05    2.8653349613E-01
    8.7900100000E-01    6.5355998803E-05    2.8742874445E-01
    8.8000100000E-01    6.3532215509E-05    2.8832620473E-01
    8.8100100000E-01    6.1746690497E-05    2.8922587932E-01
    8.8200100000E-01    5.9998857521E-05    2.9012777056E-01
    8.8300100000E-01    5.8288156277E-05    2.9103188081E-01
    8.8400100000E-01    5.6614032342E-05    2.9193821241E-01
    8.8500100000E-01    5.4975937119E-05    2.9284676769E-01
    8.8600100000E-01    5.3373327773E-05    2.9375754899E-01
    8.8700100000E-01    5.1805667179E-05    2.9467055864E-01
    8.8800100000E-01    5.0272423860E-05    2.9558579896E-01
    8.8900100000E-01    4.8773071935E-05    2.9650327227E-01
    8.9000100000E-01    4.7307091062E-05    2.9742298089E-01
    8.9100100000E-01    4.5873966379E-05    2.9834492714E-01
    8.9200100000E-01    4.4473188453E-05    2.9926911331E-01
    8.9300100000E-01    4.3104253228E-05    3.0019554173E-01
    8.9400100000E-01    4.1766661963E-05    3.0112421469E-01
    8.9500100000E-01    4.0459921189E-05    3.0205513448E-01
    8.9600100000E-01    3.9183542648E-05    3.0298830341E-01
    8.9700100000E-01    3.7937043246E-05    3.0392372375E-01
    8.9800100000E-01    3.6719945001E-05    3.0486139781E-01
    8.9900100000E-01    3.5531774988E-05    3.0580132786E-01
    9.0000100000E-01    3.4372065295E-05    3.0674351617E-01
    9.0100100000E-01    3.3240352966E-05    3.0768796503E-01
    9.0200100000E-01    3.2136179957E-05    3.0863467671E-01
    9.0300100000E-01    3.1059093084E-05    3.0958365347E-01
    9.0400100000E-01    3.0008643976E-05    3.1053489758E-01
    9.0500100000E-01    2.8984389026E-05    3.1148841129E-01
    9.0600100000E-01    2.7985889343E-05    3.1244419688E-01
    9.0700100000E-01    2.7012710708E-05    3.1340225659E-01
    9.0800100000E-01    2.6064423522E-05    3.1436259266E-01
    9.0900100000E-01    2.5140602766E-05    3.1532520736E-01
    9.1000100000E-01    2.4240827951E-05    3.1629010292E-01
    9.1100100000E-01    2.3364683074E-05    3.1725728158E-01
    9.1200100000E-01    2.2511756573E-05    3.1822674557E-01
    9.1300100000E-01    2.1681641285E-05    3.1919849714E-01
    9.1400100000E-01    2.0873934397E-05    3.2017253852E-01
    9.1500100000E-01    2.0088237409E-05    3.2114887192E-01
    9.1600100000E-01    1.9324156087E-05    3.2212749958E-01
    9.1700100000E-01    1.8581300419E-05    3.2310842372E-01
    9.1800100000E-01    1.7859284579E-05    3.2409164655E-01
    9.1900100000E-01    1.7157726878E-05    3.2507717028E-01
    9.2000100000E-01    1.6476249727E-05    3.2606499714E-01
    9.2100100000E-01    1.5814479597E-05    3.2705512933E-01
    9.2200100000E-01    1.5172046976E-05    3.2804756905E-01
    9.2300100000E-01    1.4548586327E-05    3.2904231851E-01
    9.2400100000E-01    1.3943736055E-05    3.3003937990E-01
    9.2500100000E-01    1.3357138462E-05    3.3103875543E-01
    9.2600100000E-01    1.2788439710E-05    3.3204044729E-01
    9.2700100000E-01    1.2237289782E-05    3.3304445768E-01
    9.2800100000E-01    1.1703342446E-05    3.3405078877E-01
    9.2900100000E-01    1.1186255214E-05    3.3505944276E-01
    9.3000100000E-01    1.0685689307E-05    3.3607042183E-01
    9.3100100000E-01    1.0201309617E-05    3.3708372816E-01
    9.3200100000E-01    9.7327846717E-06    3.3809936393E-01
    9.3300100000E-01    9.2797865964E-06    3.3911733132E-01
    9.3400100000E-01    8.8419910796E-06    3.4013763250E-01
    9.3500100000E-01    8.4190773368E-06    3.4116026964E-01
    9.3600100000E-01    8.0107280755E-06    3.4218524491E-01
    9.3700100000E-01    7.6166294605E-06    3.4321256048E-01
    9.3800100000E-01    7.2364710794E-06    3.4424221851E-01
    9.3900100000E-01    6.8699459087E-06    3.4527422116E-01
    9.4000100000E-01    6.5167502794E-06    3.4630857060E-01
    9.4100100000E-01    6.1765838443E-06    3.4734526897E-01
    9.4200100000E-01    5.8491495446E-06    3.4838431845E-01
    9.4300100000E-01    5.5341535770E-06    3.4942572118E-01
    9.4400100000E-01    5.2313053617E-06    3.5046947930E-01
    9.4500100000E-01    4.9403175098E-06    3.5151559499E-01
    9.4600100000E-01    4.6609057917E-06    3.5256407037E-01
    9.4700100000E-01    4.3927891058E-06    3.5361490759E-01
    9.4800100000E-01    4.1356894471E-06    3.5466810881E-01
    9.4900100000E-01    3.8893318766E-06    3.5572367616E-01
    9.5000100000E-01    3.6534444905E-06    3.5678161178E-01
    9.5100100000E-01    3.4277583902E-06    3.5784191782E-01
    9.5200100000E-01    3.2120076521E-06    3.5890459640E-01
    9.5300100000E-01    3.0059292984E-06    3.5996964967E-01
    9.5400100000E-01    2.8092632673E-06    3.6103707976E-01
    9.5500100000E-01    2.6217523843E-06    3.6210688881E-01
    9.5600100000E-01    2.4431423332E-06    3.6317907893E-01
    9.5700100000E-01    2.2731816279E-06    3.6425365228E-01
    9.5800100000E-01    2.1116215840E-06    3.6533061096E-01
    9.5900100000E-01    1.9582162911E-06    3.6640995712E-01
    9.6000100000E-01    1.8127225848E-06    3.6749169288E-01
    9.6100100000E-01    1.6749000200E-06    3.6857582035E-01
    9.6200100000E-01    1.5445108431E-06    3.6966234168E-01
    9.6300100000E-01    1.4213199659E-06    3.7075125897E-01
    9.6400100000E-01    1.3050949385E-06    3.7184257436E-01
    9.6500100000E-01    1.1956059232E-06    3.7293628996E-01
    9.6600100000E-01    1.0926256689E-06    3.7403240790E-01
    9.6700100000E-01    9.9592948459E-07    3.7513093029E-01
    9.6800100000E-01    9.0529521458E-07    3.7623185925E-01
    9.6900100000E-01    8.2050321286E-07    3.7733519691E-01
    9.7000100000E-01    7.4133631824E-07    3.7844094537E-01
    9.7100100000E-01    6.6757982962E-07    3.7954910675E-01
    9.7200100000E-01    5.9902148147E-07    3.8065968318E-01
    9.7300100000E-01    5.3545141963E-07    3.8177267677E-01
    9.7400100000E-01    4.7666217726E-07    3.8288808963E-01
    9.7500100000E-01    4.2244865113E-07    3.8400592388E-01
    9.7600100000E-01    3.7260807807E-07    3.8512618163E-01
    9.7700100000E-01    3.2694001168E-07    3.8624886500E-01
    9.7800100000E-01    2.8524629926E-07    3.8737397611E-01
    9.7900100000E-01    2.4733105902E-07    3.8850151706E-01
    9.8000100000E-01    2.1300065746E-07    3.8963148997E-01
    9.8100100000E-01    1.8206368699E-07    3.9076389696E-01
    9.8200100000E-01    1.5433094377E-07    3.9189874014E-01
    9.8300100000E-01    1.2961540581E-07    3.9303602162E-01
    9.8400100000E-01    1.0773221124E-07    3.9417574353E-01
    9.8500100000E-01    8.8498636800E-08    3.9531790796E-01
    9.8600100000E-01    7.1734076589E-08    3.9646251705E-01
    9.8700100000E-01    5.7260020971E-08    3.9760957291E-01
    9.8800100000E-01    4.4900035723E-08    3.9875907764E-01
    9.8900100000E-01    3.4479741386E-08    3.9991103338E-01
    9.9000100000E-01    2.5826792814E-08    4.0106544223E-01
    9.9100100000E-01    1.8770858934E-08    4.0222230632E-01
    9.9200100000E-01    1.3143602705E-08    4.0338162776E-01
    9.9300100000E-01    8.7786612743E-09    4.0454340867E-01
    9.9400100000E-01    5.5116263348E-09    4.0570765118E-01
    9.9500100000E-01    3.1800246770E-09    4.0687435740E-01
    9.9600100000E-01    1.6232989337E-09    4.0804352945E-01
    9.9700100000E-01    6.8278851650E-10    4.0921516947E-01
    9.9800100000E-01    2.0171074312E-10    4.1038927957E-01
    9.9900100000E-01    2.5142151475E-11    4.1156586188E-01
