    1.0000000000E-06    1.0000000000E+00    3.3061029056E-04
    1.0010000000E-03    9.9923871049E-01    3.3065346158E-04
    2.0010000000E-03    9.9696265075E-01    3.3078282299E-04
    3.0010000000E-03    9.9318606724E-01    3.3099843423E-04
    4.0010000000E-03    9.8793248481E-01    3.3130039473E-04
    5.0010000000E-03    9.8123439781E-01    3.3168884358E-04
    6.0010000000E-03    9.7313284535E-01    3.3216395944E-04
    7.0010000000E-03    9.6367688163E-01    3.3272596044E-04
    8.0010000000E-03    9.5292295284E-01    3.3337510399E-04
    9.0010000000E-03    9.4093419400E-01    3.3411168668E-04
    1.0001000000E-02    9.2777966026E-01    3.3493604403E-04
    1.1001000000E-02    9.1353350820E-01    3.3584855029E-04
    1.2001000000E-02    8.9827414311E-01    3.3684961823E-04
    1.3001000000E-02    8.8208334805E-01    3.3793969886E-04
    1.4001000000E-02    8.6504541033E-01    3.3911928111E-04
    1.5001000000E-02    8.4724625983E-01    3.4038889161E-04
    1.6001000000E-02    8.2877263280E-01    3.4174909430E-04
    1.7001000000E-02    8.0971127314E-01    3.4320049012E-04
    1.8001000000E-02    7.9014818153E-01    3.4474371662E-04
    1.9001000000E-02    7.7016792118E-01    3.4637944763E-04
    2.0001000000E-02    7.4985298690E-01    3.4810839286E-04
    2.1001000000E-02    7.2928324258E-01    3.4993129746E-04
    2.2001000000E-02    7.0853543024E-01    3.5184894162E-04
    2.3001000000E-02    6.8768275214E-01    3.5386214016E-04
    2.4001000000E-02    6.6679452595E-01    3.5597174207E-04
    2.5001000000E-02    6.4593591146E-01    3.5817863005E-04
    2.6001000000E-02    6.2516770634E-01    3.6048372005E-04
    2.7001000000E-02    6.0454620711E-01    3.6288796080E-04
    2.8001000000E-02    5.8412313101E-01    3.6539233335E-04
    2.9001000000E-02    5.6394559369E-01    3.6799785057E-04
    3.0001000000E-02    5.4405613718E-01    3.7070555665E-04
    3.1001000000E-02    5.2449280246E-01    3.7351652660E-04
    3.2001000000E-02    5.0528924077E-01    3.7643186581E-04
    3.3001000000E-02    4.8647485797E-01    3.7945270946E-04
    3.4001000000E-02    4.6807498623E-01    3.8258022209E-04
    3.5001000000E-02    4.5011107772E-01    3.8581559706E-04
    3.6001000000E-02    4.3260091529E-01    3.8916005606E-04
    3.7001000000E-02    4.1555883550E-01    3.9261484857E-04
    3.8001000000E-02    3.9899595964E-01    3.9618125143E-04
    3.9001000000E-02    3.8292042918E-01    3.9986056824E-04
    4.0001000000E-02    3.6733764200E-01    4.0365412896E-04
    4.1001000000E-02    3.5225048680E-01    4.0756328933E-04
    4.2001000000E-02    3.3765957296E-01    4.1158943043E-04
    4.3001000000E-02    3.2356345398E-01    4.1573395815E-04
    4.4001000000E-02    3.0995884275E-01    4.1999830273E-04
    4.5001000000E-02    2.9684081721E-01    4.2438391827E-04
    4.6001000000E-02    2.8420301564E-01    4.2889228225E-04
    4.7001000000E-02    2.7203782067E-01    4.3352489507E-04
    4.8001000000E-02    2.6033653159E-01    4.3828327955E-04
    4.9001000000E-02    2.4908952481E-01    4.4316898050E-04
    5.0001000000E-02    2.3828640229E-01    4.4818356427E-04
    5.1001000000E-02    2.2791612815E-01    4.5332861826E-04
    5.2001000000E-02    2.1796715368E-01    4.5860575053E-04
    5.3001000000E-02    2.0842753105E-01    4.6401658932E-04
    5.4001000000E-02    1.9928501628E-01    4.6956278263E-04
    5.5001000000E-02    1.9052716181E-01    4.7524599784E-04
    5.6001000000E-02    1.8214139932E-01    4.8106792122E-04
    5.7001000000E-02    1.7411511339E-01    4.8703025758E-04
    5.8001000000E-02    1.6643570652E-01    4.9313472985E-04
    5.9001000000E-02    1.5909065615E-01    4.9938307868E-04
    6.0001000000E-02    1.5206756434E-01    5.0577706206E-04
    6.1001000000E-02    1.4535420054E-01    5.1231845493E-04
    6.2001000000E-02    1.3893853824E-01    5.1900904882E-04
    6.3001000000E-02    1.3280878580E-01    5.2585065147E-04
    6.4001000000E-02    1.2695341226E-01    5.3284508648E-04
    6.5001000000E-02    1.2136116837E-01    5.3999419297E-04
    6.6001000000E-02    1.1602110351E-01    5.4729982519E-04
    6.7001000000E-02    1.1092257880E-01    5.5476385224E-04
    6.8001000000E-02    1.0605527692E-01    5.6238815769E-04
    6.9001000000E-02    1.0140920892E-01    5.7017463931E-04
    7.0001000000E-02    9.6974718471E-02    5.7812520869E-04
    7.1001000000E-02    9.2742483795E-02    5.8624179096E-04
    7.2001000000E-02    8.8703517602E-02    5.9452632450E-04
    7.3001000000E-02    8.4849165316E-02    6.0298076063E-04
    7.4001000000E-02    8.1171101811E-02    6.1160706328E-04
    7.5001000000E-02    7.7661326889E-02    6.2040720880E-04
    7.6001000000E-02    7.4312159688E-02    6.2938318556E-04
    7.7001000000E-02    7.1116232211E-02    6.3853699378E-04
    7.8001000000E-02    6.8066482121E-02    6.4787064521E-04
    7.9001000000E-02    6.5156144951E-02    6.5738616289E-04
    8.0001000000E-02    6.2378745857E-02    6.6708558088E-04
    8.1001000000E-02    5.9728091012E-02    6.7697094401E-04
    8.2001000000E-02    5.7198258752E-02    6.8704430765E-04
    8.3001000000E-02    5.4783590554E-02    6.9730773749E-04
    8.4001000000E-02    5.2478681910E-02    7.0776330925E-04
    8.5001000000E-02    5.0278373180E-02    7.1841310851E-04
    8.6001000000E-02    4.8177740465E-02    7.2925923045E-04
    8.7001000000E-02    4.6172086550E-02    7.4030377966E-04
    8.8001000000E-02    4.4256931960E-02    7.5154886989E-04
    8.9001000000E-02    4.2428006155E-02    7.6299662391E-04
    9.0001000000E-02    4.0681238907E-02    7.7464917322E-04
    9.1001000000E-02    3.9012751858E-02    7.8650865793E-04
    9.2001000000E-02    3.7418850307E-02    7.9857722652E-04
    9.3001000000E-02    3.5896015207E-02    8.1085703567E-04
    9.4001000000E-02    3.4440895418E-02    8.2335025005E-04
    9.5001000000E-02    3.3050300187E-02    8.3605904219E-04
    9.6001000000E-02    3.1721191901E-02    8.4898559226E-04
    9.7001000000E-02    3.0450679072E-02    8.6213208790E-04
    9.8001000000E-02    2.9236009598E-02    8.7550072409E-04
    9.9001000000E-02    2.8074564265E-02    8.8909370292E-04
    1.0000100000E-01    2.6963850510E-02    9.0291323350E-04
    1.0100100000E-01    2.5901496431E-02    9.1696153176E-04
    1.0200100000E-01    2.4885245043E-02    9.3124082031E-04
    1.0300100000E-01    2.3912948779E-02    9.4575332828E-04
    1.0400100000E-01    2.2982564223E-02    9.6050129118E-04
    1.0500100000E-01    2.2092147073E-02    9.7548695078E-04
    1.0600100000E-01    2.1239847328E-02    9.9071255492E-04
    1.0700100000E-01    2.0423904695E-02    1.0061803574E-03
    1.0800100000E-01    1.9642644197E-02    1.0218926179E-03
    1.0900100000E-01    1.8894471992E-02    1.0378516018E-03
    1.1000100000E-01    1.8177871382E-02    1.0540595798E-03
    1.1100100000E-01    1.7491399010E-02    1.0705188285E-03
    1.1200100000E-01    1.6833681240E-02    1.0872316295E-03
    1.1300100000E-01    1.6203410706E-02    1.1042002696E-03
    1.1400100000E-01    1.5599343034E-02    1.1214270409E-03
    1.1500100000E-01    1.5020293716E-02    1.1389142403E-03
    1.1600100000E-01    1.4465135140E-02    1.1566641696E-03
    1.1700100000E-01    1.3932793766E-02    1.1746791353E-03
    1.1800100000E-01    1.3422247438E-02    1.1929614487E-03
    1.1900100000E-01    1.2932522836E-02    1.2115134255E-03
    1.2000100000E-01    1.2462693045E-02    1.2303373859E-03
    1.2100100000E-01    1.2011875255E-02    1.2494356545E-03
    1.2200100000E-01    1.1579228568E-02    1.2688105601E-03
    1.2300100000E-01    1.1163951919E-02    1.2884644356E-03
    1.2400100000E-01    1.0765282103E-02    1.3083996179E-03
    1.2500100000E-01    1.0382491896E-02    1.3286184482E-03
    1.2600100000E-01    1.0014888277E-02    1.3491232711E-03
    1.2700100000E-01    9.6618107355E-03    1.3699164354E-03
    1.2800100000E-01    9.3226296666E-03    1.3910002934E-03
    1.2900100000E-01    8.9967448467E-03    1.4123772010E-03
    1.3000100000E-01    8.6835839868E-03    1.4340495178E-03
    1.3100100000E-01    8.3826013588E-03    1.4560196068E-03
    1.3200100000E-01    8.0932764922E-03    1.4782898342E-03
    1.3300100000E-01    7.8151129360E-03    1.5008625698E-03
    1.3400100000E-01    7.5476370839E-03    1.5237401865E-03
    1.3500100000E-01    7.2903970595E-03    1.5469250603E-03
    1.3600100000E-01    7.0429616568E-03    1.5704195704E-03
    1.3700100000E-01    6.8049193362E-03    1.5942260990E-03
    1.3800100000E-01    6.5758772693E-03    1.6183470312E-03
    1.3900100000E-01    6.3554604339E-03    1.6427847549E-03
    1.4000100000E-01    6.1433107536E-03    1.6675416611E-03
    1.4100100000E-01    5.9390862810E-03    1.6926201433E-03
    1.4200100000E-01    5.7424604226E-03    1.7180225978E-03
    1.4300100000E-01    5.5531212027E-03    1.7437514235E-03
    1.4400100000E-01    5.3707705634E-03    1.7698090219E-03
    1.4500100000E-01    5.1951237011E-03    1.7961977969E-03
    1.4600100000E-01    5.0259084357E-03    1.8229201552E-03
    1.4700100000E-01    4.8628646109E-03    1.8499785054E-03
    1.4800100000E-01    4.7057435255E-03    1.8773752588E-03
    1.4900100000E-01    4.5543073922E-03    1.9051128289E-03
    1.5000100000E-01    4.4083288240E-03    1.9331936314E-03
    1.5100100000E-01    4.2675903458E-03    1.9616200842E-03
    1.5200100000E-01    4.1318839302E-03    1.9903946074E-03
    1.5300100000E-01    4.0010105567E-03    2.0195196230E-03
    1.5400100000E-01    3.8747797920E-03    2.0489975553E-03
    1.5500100000E-01    3.7530093920E-03    2.0788308303E-03
    1.5600100000E-01    3.6355249221E-03    2.1090218763E-03
    1.5700100000E-01    3.5221593975E-03    2.1395731231E-03
    1.5800100000E-01    3.4127529401E-03    2.1704870026E-03
    1.5900100000E-01    3.3071524527E-03    2.2017659485E-03
    1.6000100000E-01    3.2052113085E-03    2.2334123962E-03
    1.6100100000E-01    3.1067890570E-03    2.2654287828E-03
    1.6200100000E-01    3.0117511425E-03    2.2978175471E-03
    1.6300100000E-01    2.9199686372E-03    2.3305811296E-03
    1.6400100000E-01    2.8313179874E-03    2.3637219723E-03
    1.6500100000E-01    2.7456807711E-03    2.3972425189E-03
    1.6600100000E-01    2.6629434677E-03    2.4311452145E-03
    1.6700100000E-01    2.5829972389E-03    2.4654325057E-03
    1.6800100000E-01    2.5057377199E-03    2.5001068407E-03
    1.6900100000E-01    2.4310648202E-03    2.5351706688E-03
    1.7000100000E-01    2.3588825344E-03    2.5706264411E-03
    1.7100100000E-01    2.2890987618E-03    2.6064766096E-03
    1.7200100000E-01    2.2216251341E-03    2.6427236280E-03
    1.7300100000E-01    2.1563768523E-03    2.6793699510E-03
    1.7400100000E-01    2.0932725295E-03    2.7164180347E-03
    1.7500100000E-01    2.0322340432E-03    2.7538703364E-03
    1.7600100000E-01    1.9731863925E-03    2.7917293146E-03
    1.7700100000E-01    1.9160575636E-03    2.8299974287E-03
    1.7800100000E-01    1.8607784000E-03    2.8686771396E-03
    1.7900100000E-01    1.8072824804E-03    2.9077709091E-03
    1.8000100000E-01    1.7555060006E-03    2.9472812001E-03
    1.8100100000E-01    1.7053876622E-03    2.9872104764E-03
    1.8200100000E-01    1.6568685650E-03    3.0275612031E-03
    1.8300100000E-01    1.6098921062E-03    3.0683358460E-03
    1.8400100000E-01    1.5644038821E-03    3.1095368720E-03
    1.8500100000E-01    1.5203515959E-03    3.1511667489E-03
    1.8600100000E-01    1.4776849688E-03    3.1932279455E-03
    1.8700100000E-01    1.4363556556E-03    3.2357229312E-03
    1.8800100000E-01    1.3963171636E-03    3.2786541765E-03
    1.8900100000E-01    1.3575247758E-03    3.3220241528E-03
    1.9000100000E-01    1.3199354769E-03    3.3658353320E-03
    1.9100100000E-01    1.2835078830E-03    3.4100901870E-03
    1.9200100000E-01    1.2482021743E-03    3.4547911914E-03
    1.9300100000E-01    1.2139800307E-03    3.4999408197E-03
    1.9400100000E-01    1.1808045708E-03    3.5455415467E-03
    1.9500100000E-01    1.1486402923E-03    3.5915958485E-03
    1.9600100000E-01    1.1174530169E-03    3.6381062013E-03
    1.9700100000E-01    1.0872098357E-03    3.6850750822E-03
    1.9800100000E-01    1.0578790584E-03    3.7325049690E-03
    1.9900100000E-01    1.0294301639E-03    3.7803983401E-03
    2.0000100000E-01    1.0018337537E-03    3.8287576743E-03
    2.0100100000E-01    9.7506150652E-04    3.8775854512E-03
    2.0200100000E-01    9.4908613548E-04    3.9268841508E-03
    2.0300100000E-01    9.2388134706E-04    3.9766562538E-03
    2.0400100000E-01    8.9942180160E-04    4.0269042413E-03
    2.0500100000E-01    8.7568307564E-04    4.0776305948E-03
    2.0600100000E-01    8.5264162584E-04    4.1288377966E-03
    2.0700100000E-01    8.3027475438E-04    4.1805283291E-03
    2.0800100000E-01    8.0856057593E-04    4.2327046755E-03
    2.0900100000E-01    7.8747798594E-04    4.2853693191E-03
    2.1000100000E-01    7.6700663024E-04    4.3385247440E-03
    2.1100100000E-01    7.4712687602E-04    4.3921734343E-03
    2.1200100000E-01    7.2781978395E-04    4.4463178747E-03
    2.1300100000E-01    7.0906708144E-04    4.5009605503E-03
    2.1400100000E-01    6.9085113709E-04    4.5561039465E-03
    2.1500100000E-01    6.7315493616E-04    4.6117505491E-03
    2.1600100000E-01    6.5596205703E-04    4.6679028441E-03
    2.1700100000E-01    6.3925664866E-04    4.7245633180E-03
    2.1800100000E-01    6.2302340899E-04    4.7817344574E-03
    2.1900100000E-01    6.0724756420E-04    4.8394187493E-03
    2.2000100000E-01    5.9191484879E-04    4.8976186809E-03
    2.2100100000E-01    5.7701148656E-04    4.9563367399E-03
    2.2200100000E-01    5.6252417226E-04    5.0155754140E-03
    2.2300100000E-01    5.4844005404E-04    5.0753371911E-03
    2.2400100000E-01    5.3474671661E-04    5.1356245596E-03
    2.2500100000E-01    5.2143216504E-04    5.1964400078E-03
    2.2600100000E-01    5.0848480925E-04    5.2577860245E-03
    2.2700100000E-01    4.9589344909E-04    5.3196650984E-03
    2.2800100000E-01    4.8364726006E-04    5.3820797185E-03
    2.2900100000E-01    4.7173577950E-04    5.4450323741E-03
    2.3000100000E-01    4.6014889346E-04    5.5085255545E-03
    2.3100100000E-01    4.4887682397E-04    5.5725617492E-03
    2.3200100000E-01    4.3791011689E-04    5.6371434477E-03
    2.3300100000E-01    4.2723963019E-04    5.7022731399E-03
    2.3400100000E-01    4.1685652271E-04    5.7679533156E-03
    2.3500100000E-01    4.0675224338E-04    5.8341864647E-03
    2.3600100000E-01    3.9691852078E-04    5.9009750773E-03
    2.3700100000E-01    3.8734735320E-04    5.9683216436E-03
    2.3800100000E-01    3.7803099903E-04    6.0362286537E-03
    2.3900100000E-01    3.6896196755E-04    6.1046985980E-03
    2.4000100000E-01    3.6013301002E-04    6.1737339667E-03
    2.4100100000E-01    3.5153711117E-04    6.2433372504E-03
    2.4200100000E-01    3.4316748101E-04    6.3135109393E-03
    2.4300100000E-01    3.3501754690E-04    6.3842575241E-03
    2.4400100000E-01    3.2708094598E-04    6.4555794951E-03
    2.4500100000E-01    3.1935151786E-04    6.5274793429E-03
    2.4600100000E-01    3.1182329757E-04    6.5999595580E-03
    2.4700100000E-01    3.0449050881E-04    6.6730226309E-03
    2.4800100000E-01    2.9734755746E-04    6.7466710521E-03
    2.4900100000E-01    2.9038902524E-04    6.8209073121E-03
    2.5000100000E-01    2.8360966376E-04    6.8957339013E-03
    2.5100100000E-01    2.7700438864E-04    6.9711533103E-03
    2.5200100000E-01    2.7056827397E-04    7.0471680294E-03
    2.5300100000E-01    2.6429654686E-04    7.1237805489E-03
    2.5400100000E-01    2.5818458231E-04    7.2009933593E-03
    2.5500100000E-01    2.5222789818E-04    7.2788089506E-03
    2.5600100000E-01    2.4642215037E-04    7.3572298132E-03
    2.5700100000E-01    2.4076312819E-04    7.4362584371E-03
    2.5800100000E-01    2.3524674988E-04    7.5158973123E-03
    2.5900100000E-01    2.2986905833E-04    7.5961489290E-03
    2.6000100000E-01    2.2462621689E-04    7.6770157768E-03
    2.6100100000E-01    2.1951450537E-04    7.7585003456E-03
    2.6200100000E-01    2.1453031621E-04    7.8406051250E-03
    2.6300100000E-01    2.0967015074E-04    7.9233326048E-03
    2.6400100000E-01    2.0493061561E-04    8.0066852742E-03
    2.6500100000E-01    2.0030841930E-04    8.0906656226E-03
    2.6600100000E-01    1.9580036881E-04    8.1752761393E-03
    2.6700100000E-01    1.9140336643E-04    8.2605193134E-03
    2.6800100000E-01    1.8711440665E-04    8.3463976338E-03
    2.6900100000E-01    1.8293057316E-04    8.4329135894E-03
    2.7000100000E-01    1.7884903596E-04    8.5200696688E-03
    2.7100100000E-01    1.7486704858E-04    8.6078683606E-03
    2.7200100000E-01    1.7098194536E-04    8.6963121532E-03
    2.7300100000E-01    1.6719113890E-04    8.7854035348E-03
    2.7400100000E-01    1.6349211754E-04    8.8751449935E-03
    2.7500100000E-01    1.5988244292E-04    8.9655390172E-03
    2.7600100000E-01    1.5635974767E-04    9.0565880936E-03
    2.7700100000E-01    1.5292173315E-04    9.1482947104E-03
    2.7800100000E-01    1.4956616727E-04    9.2406613548E-03
    2.7900100000E-01    1.4629088238E-04    9.3336905141E-03
    2.8000100000E-01    1.4309377326E-04    9.4273846754E-03
    2.8100100000E-01    1.3997279515E-04    9.5217463255E-03
    2.8200100000E-01    1.3692596186E-04    9.6167779509E-03
    2.8300100000E-01    1.3395134394E-04    9.7124820383E-03
    2.8400100000E-01    1.3104706689E-04    9.8088610737E-03
    2.8500100000E-01    1.2821130950E-04    9.9059175433E-03
    2.8600100000E-01    1.2544230215E-04    1.0003653933E-02
    2.8700100000E-01    1.2273832525E-04    1.0102072728E-02
    2.8800100000E-01    1.2009770769E-04    1.0201176414E-02
    2.8900100000E-01    1.1751882533E-04    1.0300967477E-02
    2.9000100000E-01    1.1500009960E-04    1.0401448401E-02
    2.9100100000E-01    1.1253999607E-04    1.0502621671E-02
    2.9200100000E-01    1.1013702313E-04    1.0604489771E-02
    2.9300100000E-01    1.0778973065E-04    1.0707055186E-02
    2.9400100000E-01    1.0549670877E-04    1.0810320400E-02
    2.9500100000E-01    1.0325658667E-04    1.0914287897E-02
    2.9600100000E-01    1.0106803137E-04    1.1018960160E-02
    2.9700100000E-01    9.8929746589E-05    1.1124339673E-02
    2.9800100000E-01    9.6840471689E-05    1.1230428919E-02
    2.9900100000E-01    9.4798980561E-05    1.1337230380E-02
    3.0000100000E-01    9.2804080614E-05    1.1444746540E-02
    3.0100100000E-01    9.0854611776E-05    1.1552979881E-02
    3.0200100000E-01    8.8949445526E-05    1.1661932884E-02
    3.0300100000E-01    8.7087483959E-05    1.1771608032E-02
    3.0400100000E-01    8.5267658885E-05    1.1882007807E-02
    3.0500100000E-01    8.3488930947E-05    1.1993134690E-02
    3.0600100000E-01    8.1750288779E-05    1.2104991161E-02
    3.0700100000E-01    8.0050748183E-05    1.2217579702E-02
    3.0800100000E-01    7.8389351335E-05    1.2330902794E-02
    3.0900100000E-01    7.6765166014E-05    1.2444962916E-02
    3.1000100000E-01    7.5177284858E-05    1.2559762548E-02
    3.1100100000E-01    7.3624824644E-05    1.2675304172E-02
    3.1200100000E-01    7.2106925585E-05    1.2791590265E-02
    3.1300100000E-01    7.0622750658E-05    1.2908623308E-02
    3.1400100000E-01    6.9171484944E-05    1.3026405778E-02
    3.1500100000E-01    6.7752334995E-05    1.3144940156E-02
    3.1600100000E-01    6.6364528218E-05    1.3264228919E-02
    3.1700100000E-01    6.5007312278E-05    1.3384274546E-02
    3.1800100000E-01    6.3679954521E-05    1.3505079513E-02
    3.1900100000E-01    6.2381741413E-05    1.3626646300E-02
    3.2000100000E-01    6.1111977997E-05    1.3748977383E-02
    3.2100100000E-01    5.9869987370E-05    1.3872075239E-02
    3.2200100000E-01    5.8655110167E-05    1.3995942345E-02
    3.2300100000E-01    5.7466704074E-05    1.4120581178E-02
    3.2400100000E-01    5.6304143341E-05    1.4245994213E-02
    3.2500100000E-01    5.5166818324E-05    1.4372183926E-02
    3.2600100000E-01    5.4054135032E-05    1.4499152793E-02
    3.2700100000E-01    5.2965514686E-05    1.4626903290E-02
    3.2800100000E-01    5.1900393304E-05    1.4755437891E-02
    3.2900100000E-01    5.0858221283E-05    1.4884759070E-02
    3.3000100000E-01    4.9838463000E-05    1.5014869304E-02
    3.3100100000E-01    4.8840596433E-05    1.5145771064E-02
    3.3200100000E-01    4.7864112777E-05    1.5277466826E-02
    3.3300100000E-01    4.6908516086E-05    1.5409959063E-02
    3.3400100000E-01    4.5973322919E-05    1.5543250247E-02
    3.3500100000E-01    4.5058061993E-05    1.5677342853E-02
    3.3600100000E-01    4.4162273859E-05    1.5812239352E-02
    3.3700100000E-01    4.3285510571E-05    1.5947942217E-02
    3.3800100000E-01    4.2427335380E-05    1.6084453920E-02
    3.3900100000E-01    4.1587322425E-05    1.6221776933E-02
    3.4000100000E-01    4.0765056440E-05    1.6359913727E-02
    3.4100100000E-01    3.9960132471E-05    1.6498866773E-02
    3.4200100000E-01    3.9172155592E-05    1.6638638542E-02
    3.4300100000E-01    3.8400740640E-05    1.6779231505E-02
    3.4400100000E-01    3.7645511952E-05    1.6920648131E-02
    3.4500100000E-01    3.6906103108E-05    1.7062890891E-02
    3.4600100000E-01    3.6182156689E-05    1.7205962255E-02
    3.4700100000E-01    3.5473324034E-05    1.7349864691E-02
    3.4800100000E-01    3.4779265008E-05    1.7494600668E-02
    3.4900100000E-01    3.4099647773E-05    1.7640172657E-02
    3.5000100000E-01    3.3434148576E-05    1.7786583123E-02
    3.5100100000E-01    3.2782451525E-05    1.7933834537E-02
    3.5200100000E-01    3.2144248392E-05    1.8081929365E-02
    3.5300100000E-01    3.1519238403E-05    1.8230870076E-02
    3.5400100000E-01    3.0907128049E-05    1.8380659135E-02
    3.5500100000E-01    3.0307630892E-05    1.8531299011E-02
    3.5600100000E-01    2.9720467382E-05    1.8682792169E-02
    3.5700100000E-01    2.9145364675E-05    1.8835141077E-02
    3.5800100000E-01    2.8582056464E-05    1.8988348199E-02
    3.5900100000E-01    2.8030282801E-05    1.9142416002E-02
    3.6000100000E-01    2.7489789943E-05    1.9297346951E-02
    3.6100100000E-01    2.6960330181E-05    1.9453143510E-02
    3.6200100000E-01    2.6441661691E-05    1.9609808146E-02
    3.6300100000E-01    2.5933548383E-05    1.9767343321E-02
    3.6400100000E-01    2.5435759748E-05    1.9925751501E-02
    3.6500100000E-01    2.4948070722E-05    2.0085035149E-02
    3.6600100000E-01    2.4470261541E-05    2.0245196728E-02
    3.6700100000E-01    2.4002117611E-05    2.0406238702E-02
    3.6800100000E-01    2.3543429371E-05    2.0568163534E-02
    3.6900100000E-01    2.3093992170E-05    2.0730973685E-02
    3.7000100000E-01    2.2653606140E-05    2.0894671620E-02
    3.7100100000E-01    2.2222076076E-05    2.1059259799E-02
    3.7200100000E-01    2.1799211316E-05    2.1224740684E-02
    3.7300100000E-01    2.1384825630E-05    2.1391116736E-02
    3.7400100000E-01    2.0978737107E-05    2.1558390417E-02
    3.7500100000E-01    2.0580768046E-05    2.1726564188E-02
    3.7600100000E-01    2.0190744851E-05    2.1895640508E-02
    3.7700100000E-01    1.9808497929E-05    2.2065621839E-02
    3.7800100000E-01    1.9433861591E-05    2.2236510639E-02
    3.7900100000E-01    1.9066673952E-05    2.2408309368E-02
    3.8000100000E-01    1.8706776839E-05    2.2581020487E-02
    3.8100100000E-01    1.8354015700E-05    2.2754646452E-02
    3.8200100000E-01    1.8008239510E-05    2.2929189725E-02
    3.8300100000E-01    1.7669300688E-05    2.3104652761E-02
    3.8400100000E-01    1.7337055011E-05    2.3281038021E-02
    3.8500100000E-01    1.7011361532E-05    2.3458347960E-02
    3.8600100000E-01    1.6692082499E-05    2.3636585038E-02
    3.8700100000E-01    1.6379083275E-05    2.3815751711E-02
    3.8800100000E-01    1.6072232265E-05    2.3995850435E-02
    3.8900100000E-01    1.5771400842E-05    2.4176883668E-02
    3.9000100000E-01    1.5476463271E-05    2.4358853866E-02
    3.9100100000E-01    1.5187296642E-05    2.4541763484E-02
    3.9200100000E-01    1.4903780801E-05    2.4725614979E-02
    3.9300100000E-01    1.4625798282E-05    2.4910410805E-02
    3.9400100000E-01    1.4353234243E-05    2.5096153418E-02
    3.9500100000E-01    1.4085976405E-05    2.5282845272E-02
    3.9600100000E-01    1.3823914985E-05    2.5470488823E-02
    3.9700100000E-01    1.3566942641E-05    2.5659086523E-02
    3.9800100000E-01    1.3314954412E-05    2.5848640828E-02
    3.9900100000E-01    1.3067847659E-05    2.6039154191E-02
    4.0000100000E-01    1.2825522014E-05    2.6230629064E-02
    4.0100100000E-01    1.2587879320E-05    2.6423067902E-02
    4.0200100000E-01    1.2354823585E-05    2.6616473156E-02
    4.0300100000E-01    1.2126260925E-05    2.6810847280E-02
    4.0400100000E-01    1.1902099518E-05    2.7006192725E-02
    4.0500100000E-01    1.1682249552E-05    2.7202511944E-02
    4.0600100000E-01    1.1466623180E-05    2.7399807387E-02
    4.0700100000E-01    1.1255134474E-05    2.7598081506E-02
    4.0800100000E-01    1.1047699377E-05    2.7797336753E-02
    4.0900100000E-01    1.0844235661E-05    2.7997575577E-02
    4.1000100000E-01    1.0644662886E-05    2.8198800430E-02
    4.1100100000E-01    1.0448902354E-05    2.8401013761E-02
    4.1200100000E-01    1.0256877072E-05    2.8604218021E-02
    4.1300100000E-01    1.0068511711E-05    2.8808415659E-02
    4.1400100000E-01    9.8837325655E-06    2.9013609124E-02
    4.1500100000E-01    9.7024675193E-06    2.9219800865E-02
    4.1600100000E-01    9.5246460061E-06    2.9426993331E-02
    4.1700100000E-01    9.3501989747E-06    2.9635188971E-02
    4.1800100000E-01    9.1790588537E-06    2.9844390233E-02
    4.1900100000E-01    9.0111595174E-06    3.0054599564E-02
    4.2000100000E-01    8.8464362530E-06    3.0265819413E-02
    4.2100100000E-01    8.6848257273E-06    3.0478052226E-02
    4.2200100000E-01    8.5262659559E-06    3.0691300452E-02
    4.2300100000E-01    8.3706962720E-06    3.0905566535E-02
    4.2400100000E-01    8.2180572963E-06    3.1120852924E-02
    4.2500100000E-01    8.0682909078E-06    3.1337162065E-02
    4.2600100000E-01    7.9213402149E-06    3.1554496403E-02
    4.2700100000E-01    7.7771495277E-06    3.1772858384E-02
    4.2800100000E-01    7.6356643307E-06    3.1992250453E-02
    4.2900100000E-01    7.4968312562E-06    3.2212675057E-02
    4.3000100000E-01    7.3605980584E-06    3.2434134639E-02
    4.3100100000E-01    7.2269135880E-06    3.2656631645E-02
    4.3200100000E-01    7.0957277677E-06    3.2880168519E-02
    4.3300100000E-01    6.9669915678E-06    3.3104747704E-02
    4.3400100000E-01    6.8406569829E-06    3.3330371646E-02
    4.3500100000E-01    6.7166770091E-06    3.3557042786E-02
    4.3600100000E-01    6.5950056212E-06    3.3784763570E-02
    4.3700100000E-01    6.4755977511E-06    3.4013536440E-02
    4.3800100000E-01    6.3584092665E-06    3.4243363838E-02
    4.3900100000E-01    6.2433969501E-06    3.4474248208E-02
    4.4000100000E-01    6.1305184791E-06    3.4706191991E-02
    4.4100100000E-01    6.0197324053E-06    3.4939197630E-02
    4.4200100000E-01    5.9109981362E-06    3.5173267566E-02
    4.4300100000E-01    5.8042759155E-06    3.5408404241E-02
    4.4400100000E-01    5.6995268052E-06    3.5644610096E-02
    4.4500100000E-01    5.5967126671E-06    3.5881887573E-02
    4.4600100000E-01    5.4957961454E-06    3.6120239112E-02
    4.4700100000E-01    5.3967406498E-06    3.6359667153E-02
    4.4800100000E-01    5.2995103381E-06    3.6600174138E-02
    4.4900100000E-01    5.2040701005E-06    3.6841762505E-02
    4.5000100000E-01    5.1103855431E-06    3.7084434695E-02
    4.5100100000E-01    5.0184229725E-06    3.7328193147E-02
    4.5200100000E-01    4.9281493806E-06    3.7573040301E-02
    4.5300100000E-01    4.8395324295E-06    3.7818978595E-02
    4.5400100000E-01    4.7525404372E-06    3.8066010468E-02
    4.5500100000E-01    4.6671423632E-06    3.8314138360E-02
    4.5600100000E-01    4.5833077947E-06    3.8563364708E-02
    4.5700100000E-01    4.5010069328E-06    3.8813691949E-02
    4.5800100000E-01    4.4202105799E-06    3.9065122524E-02
    4.5900100000E-01    4.3408901259E-06    3.9317658867E-02
    4.6000100000E-01    4.2630175363E-06    3.9571303418E-02
    4.6100100000E-01    4.1865653394E-06    3.9826058613E-02
    4.6200100000E-01    4.1115066143E-06    4.0081926889E-02
    4.6300100000E-01    4.0378149794E-06    4.0338910683E-02
    4.6400100000E-01    3.9654645805E-06    4.0597012431E-02
    4.6500100000E-01    3.8944300798E-06    4.0856234569E-02
    4.6600100000E-01    3.8246866449E-06    4.1116579534E-02
    4.6700100000E-01    3.7562099376E-06    4.1378049760E-02
    4.6800100000E-01    3.6889761043E-06    4.1640647684E-02
    4.6900100000E-01    3.6229617649E-06    4.1904375741E-02
    4.7000100000E-01    3.5581440030E-06    4.2169236365E-02
    4.7100100000E-01    3.4945003564E-06    4.2435231992E-02
    4.7200100000E-01    3.4320088071E-06    4.2702365056E-02
    4.7300100000E-01    3.3706477724E-06    4.2970637991E-02
    4.7400100000E-01    3.3103960951E-06    4.3240053232E-02
    4.7500100000E-01    3.2512330353E-06    4.3510613212E-02
    4.7600100000E-01    3.1931382610E-06    4.3782320366E-02
    4.7700100000E-01    3.1360918399E-06    4.4055177126E-02
    4.7800100000E-01    3.0800742312E-06    4.4329185926E-02
    4.7900100000E-01    3.0250662769E-06    4.4604349200E-02
    4.8000100000E-01    2.9710491942E-06    4.4880669378E-02
    4.8100100000E-01    2.9180045677E-06    4.5158148895E-02
    4.8200100000E-01    2.8659143415E-06    4.5436790183E-02
    4.8300100000E-01    2.8147608121E-06    4.5716595674E-02
    4.8400100000E-01    2.7645266208E-06    4.5997567799E-02
    4.8500100000E-01    2.7151947466E-06    4.6279708991E-02
    4.8600100000E-01    2.6667484992E-06    4.6563021681E-02
    4.8700100000E-01    2.6191715126E-06    4.6847508300E-02
    4.8800100000E-01    2.5724477377E-06    4.7133171280E-02
    4.8900100000E-01    2.5265614362E-06    4.7420013052E-02
    4.9000100000E-01    2.4814971744E-06    4.7708036045E-02
    4.9100100000E-01    2.4372398163E-06    4.7997242691E-02
    4.9200100000E-01    2.3937745183E-06    4.8287635419E-02
    4.9300100000E-01    2.3510867226E-06    4.8579216661E-02
    4.9400100000E-01    2.3091621515E-06    4.8871988846E-02
    4.9500100000E-01    2.2679868019E-06    4.9165954402E-02
    4.9600100000E-01    2.2275469396E-06    4.9461115761E-02
    4.9700100000E-01    2.1878290937E-06    4.9757475351E-02
    4.9800100000E-01    2.1488200513E-06    5.0055035602E-02
    4.9900100000E-01    2.1105068523E-06    5.0353798941E-02
    5.0000100000E-01    2.0728767844E-06    5.0653767799E-02
    5.0100100000E-01    2.0359173779E-06    5.0954944603E-02
    5.0200100000E-01    1.9996164007E-06    5.1257331781E-02
    5.0300100000E-01    1.9639618539E-06    5.1560931763E-02
    5.0400100000E-01    1.9289419667E-06    5.1865746975E-02
    5.0500100000E-01    1.8945451921E-06    5.2171779845E-02
    5.0600100000E-01    1.8607602021E-06    5.2479032801E-02
    5.0700100000E-01    1.8275758835E-06    5.2787508271E-02
    5.0800100000E-01    1.7949813338E-06    5.3097208681E-02
    5.0900100000E-01    1.7629658565E-06    5.3408136458E-02
    5.1000100000E-01    1.7315189573E-06    5.3720294029E-02
    5.1100100000E-01    1.7006303399E-06    5.4033683822E-02
    5.1200100000E-01    1.6702899023E-06    5.4348308261E-02
    5.1300100000E-01    1.6404877327E-06    5.4664169774E-02
    5.1400100000E-01    1.6112141058E-06    5.4981270786E-02
    5.1500100000E-01    1.5824594789E-06    5.5299613724E-02
    5.1600100000E-01    1.5542144888E-06    5.5619201012E-02
    5.1700100000E-01    1.5264699477E-06    5.5940035077E-02
    5.1800100000E-01    1.4992168398E-06    5.6262118344E-02
    5.1900100000E-01    1.4724463184E-06    5.6585453238E-02
    5.2000100000E-01    1.4461497018E-06    5.6910042184E-02
    5.2100100000E-01    1.4203184707E-06    5.7235887607E-02
    5.2200100000E-01    1.3949442646E-06    5.7562991931E-02
    5.2300100000E-01    1.3700188789E-06    5.7891357581E-02
    5.2400100000E-01    1.3455342618E-06    5.8220986982E-02
    5.2500100000E-01    1.3214825112E-06    5.8551882556E-02
    5.2600100000E-01    1.2978558718E-06    5.8884046729E-02
    5.2700100000E-01    1.2746467322E-06    5.9217481924E-02
    5.2800100000E-01    1.2518476223E-06    5.9552190565E-02
    5.2900100000E-01    1.2294512104E-06    5.9888175075E-02
    5.3000100000E-01    1.2074503004E-06    6.0225437877E-02
    5.3100100000E-01    1.1858378292E-06    6.0563981395E-02
    5.3200100000E-01    1.1646068642E-06    6.0903808051E-02
    5.3300100000E-01    1.1437506008E-06    6.1244920269E-02
    5.3400100000E-01    1.1232623599E-06    6.1587320471E-02
    5.3500100000E-01    1.1031355852E-06    6.1931011079E-02
    5.3600100000E-01    1.0833638411E-06    6.2275994515E-02
    5.3700100000E-01    1.0639408106E-06    6.2622273203E-02
    5.3800100000E-01    1.0448602922E-06    6.2969849564E-02
    5.3900100000E-01    1.0261161987E-06    6.3318726019E-02
    5.4000100000E-01    1.0077025542E-06    6.3668904991E-02
    5.4100100000E-01    9.8961349226E-07    6.4020388901E-02
    5.4200100000E-01    9.7184325384E-07    6.4373180170E-02
    5.4300100000E-01    9.5438618519E-07    6.4727281220E-02
    5.4400100000E-01    9.3723673581E-07    6.5082694472E-02
    5.4500100000E-01    9.2038945647E-07    6.5439422346E-02
    5.4600100000E-01    9.0383899732E-07    6.5797467264E-02
    5.4700100000E-01    8.8758010594E-07    6.6156831646E-02
    5.4800100000E-01    8.7160762552E-07    6.6517517913E-02
    5.4900100000E-01    8.5591649300E-07    6.6879528484E-02
    5.5000100000E-01    8.4050173733E-07    6.7242865781E-02
    5.5100100000E-01    8.2535847769E-07    6.7607532223E-02
    5.5200100000E-01    8.1048192175E-07    6.7973530230E-02
    5.5300100000E-01    7.9586736408E-07    6.8340862222E-02
    5.5400100000E-01    7.8151018440E-07    6.8709530618E-02
    5.5500100000E-01    7.6740584604E-07    6.9079537839E-02
    5.5600100000E-01    7.5354989431E-07    6.9450886303E-02
    5.5700100000E-01    7.3993795501E-07    6.9823578429E-02
    5.5800100000E-01    7.2656573283E-07    7.0197616637E-02
    5.5900100000E-01    7.1342900996E-07    7.0573003346E-02
    5.6000100000E-01    7.0052364454E-07    7.0949740975E-02
    5.6100100000E-01    6.8784556929E-07    7.1327831941E-02
    5.6200100000E-01    6.7539079008E-07    7.1707278665E-02
    5.6300100000E-01    6.6315538458E-07    7.2088083563E-02
    5.6400100000E-01    6.5113550088E-07    7.2470249055E-02
    5.6500100000E-01    6.3932735623E-07    7.2853777558E-02
    5.6600100000E-01    6.2772723567E-07    7.3238671491E-02
    5.6700100000E-01    6.1633149082E-07    7.3624933271E-02
    5.6800100000E-01    6.0513653862E-07    7.4012565316E-02
    5.6900100000E-01    5.9413886010E-07    7.4401570045E-02
    5.7000100000E-01    5.8333499921E-07    7.4791949874E-02
    5.7100100000E-01    5.7272156163E-07    7.5183707220E-02
    5.7200100000E-01    5.6229521364E-07    7.5576844502E-02
    5.7300100000E-01    5.5205268095E-07    7.5971364135E-02
    5.7400100000E-01    5.4199074767E-07    7.6367268538E-02
    5.7500100000E-01    5.3210625515E-07    7.6764560127E-02
    5.7600100000E-01    5.2239610100E-07    7.7163241319E-02
    5.7700100000E-01    5.1285723798E-07    7.7563314531E-02
    5.7800100000E-01    5.0348667301E-07    7.7964782178E-02
    5.7900100000E-01    4.9428146617E-07    7.8367646678E-02
    5.8000100000E-01    4.8523872973E-07    7.8771910447E-02
    5.8100100000E-01    4.7635562716E-07    7.9177575901E-02
    5.8200100000E-01    4.6762937221E-07    7.9584645456E-02
    5.8300100000E-01    4.5905722799E-07    7.9993121528E-02
    5.8400100000E-01    4.5063650605E-07    8.0403006533E-02
    5.8500100000E-01    4.4236456548E-07    8.0814302886E-02
    5.8600100000E-01    4.3423881206E-07    8.1227013004E-02
    5.8700100000E-01    4.2625669741E-07    8.1641139302E-02
    5.8800100000E-01    4.1841571813E-07    8.2056684195E-02
    5.8900100000E-01    4.1071341497E-07    8.2473650098E-02
    5.9000100000E-01    4.0314737207E-07    8.2892039427E-02
    5.9100100000E-01    3.9571521612E-07    8.3311854597E-02
    5.9200100000E-01    3.8841461560E-07    8.3733098023E-02
    5.9300100000E-01    3.8124328004E-07    8.4155772119E-02
    5.9400100000E-01    3.7419895923E-07    8.4579879301E-02
    5.9500100000E-01    3.6727944253E-07    8.5005421983E-02
    5.9600100000E-01    3.6048255813E-07    8.5432402580E-02
    5.9700100000E-01    3.5380617234E-07    8.5860823506E-02
    5.9800100000E-01    3.4724818893E-07    8.6290687175E-02
    5.9900100000E-01    3.4080654841E-07    8.6721996002E-02
    6.0000100000E-01    3.3447922738E-07    8.7154752401E-02
    6.0100100000E-01    3.2826423791E-07    8.7588958787E-02
    6.0200100000E-01    3.2215962685E-07    8.8024617572E-02
    6.0300100000E-01    3.1616347522E-07    8.8461731171E-02
    6.0400100000E-01    3.1027389761E-07    8.8900301998E-02
    6.0500100000E-01    3.0448904156E-07    8.9340332466E-02
    6.0600100000E-01    2.9880708696E-07    8.9781824989E-02
    6.0700100000E-01    2.9322624550E-07    9.0224781981E-02
    6.0800100000E-01    2.8774476005E-07    9.0669205854E-02
    6.0900100000E-01    2.8236090413E-07    9.1115099023E-02
    6.1000100000E-01    2.7707298138E-07    9.1562463900E-02
    6.1100100000E-01    2.7187932498E-07    9.2011302898E-02
    6.1200100000E-01    2.6677829712E-07    9.2461618432E-02
    6.1300100000E-01    2.6176828854E-07    9.2913412912E-02
    6.1400100000E-01    2.5684771793E-07    9.3366688754E-02
    6.1500100000E-01    2.5201503151E-07    9.3821448368E-02
    6.1600100000E-01    2.4726870251E-07    9.4277694168E-02
    6.1700100000E-01    2.4260723066E-07    9.4735428567E-02
    6.1800100000E-01    2.3802914176E-07    9.5194653978E-02
    6.1900100000E-01    2.3353298720E-07    9.5655372811E-02
    6.2000100000E-01    2.2911734349E-07    9.6117587481E-02
    6.2100100000E-01    2.2478081184E-07    9.6581300398E-02
    6.2200100000E-01    2.2052201771E-07    9.7046513976E-02
    6.2300100000E-01    2.1633961035E-07    9.7513230627E-02
    6.2400100000E-01    2.1223226244E-07    9.7981452762E-02
    6.2500100000E-01    2.0819866962E-07    9.8451182794E-02
    6.2600100000E-01    2.0423755011E-07    9.8922423134E-02
    6.2700100000E-01    2.0034764431E-07    9.9395176194E-02
    6.2800100000E-01    1.9652771437E-07    9.9869444387E-02
    6.2900100000E-01    1.9277654389E-07    1.0034523012E-01
    6.3000100000E-01    1.8909293744E-07    1.0082253581E-01
    6.3100100000E-01    1.8547572026E-07    1.0130136387E-01
    6.3200100000E-01    1.8192373787E-07    1.0178171671E-01
    6.3300100000E-01    1.7843585572E-07    1.0226359673E-01
    6.3400100000E-01    1.7501095884E-07    1.0274700636E-01
    6.3500100000E-01    1.7164795148E-07    1.0323194800E-01
    6.3600100000E-01    1.6834575679E-07    1.0371842406E-01
    6.3700100000E-01    1.6510331647E-07    1.0420643696E-01
    6.3800100000E-01    1.6191959048E-07    1.0469598910E-01
    6.3900100000E-01    1.5879355667E-07    1.0518708289E-01
    6.4000100000E-01    1.5572421051E-07    1.0567972076E-01
    6.4100100000E-01    1.5271056475E-07    1.0617390510E-01
    6.4200100000E-01    1.4975164914E-07    1.0666963833E-01
    6.4300100000E-01    1.4684651011E-07    1.0716692286E-01
    6.4400100000E-01    1.4399421052E-07    1.0766576110E-01
    6.4500100000E-01    1.4119382931E-07    1.0816615546E-01
    6.4600100000E-01    1.3844446128E-07    1.0866810836E-01
    6.4700100000E-01    1.3574521676E-07    1.0917162219E-01
    6.4800100000E-01    1.3309522140E-07    1.0967669937E-01
    6.4900100000E-01    1.3049361584E-07    1.1018334232E-01
    6.5000100000E-01    1.2793955549E-07    1.1069155344E-01
    6.5100100000E-01    1.2543221027E-07    1.1120133514E-01
    6.5200100000E-01    1.2297076434E-07    1.1171268984E-01
    6.5300100000E-01    1.2055441585E-07    1.1222561994E-01
    6.5400100000E-01    1.1818237673E-07    1.1274012785E-01
    6.5500100000E-01    1.1585387242E-07    1.1325621598E-01
    6.5600100000E-01    1.1356814164E-07    1.1377388674E-01
    6.5700100000E-01    1.1132443616E-07    1.1429314255E-01
    6.5800100000E-01    1.0912202061E-07    1.1481398581E-01
    6.5900100000E-01    1.0696017218E-07    1.1533641893E-01
    6.6000100000E-01    1.0483818048E-07    1.1586044433E-01
    6.6100100000E-01    1.0275534728E-07    1.1638606440E-01
    6.6200100000E-01    1.0071098633E-07    1.1691328157E-01
    6.6300100000E-01    9.8704423111E-08    1.1744209823E-01
    6.6400100000E-01    9.6734994679E-08    1.1797251681E-01
    6.6500100000E-01    9.4802049433E-08    1.1850453970E-01
    6.6600100000E-01    9.2904946934E-08    1.1903816933E-01
    6.6700100000E-01    9.1043057709E-08    1.1957340809E-01
    6.6800100000E-01    8.9215763063E-08    1.2011025840E-01
    6.6900100000E-01    8.7422454889E-08    1.2064872266E-01
    6.7000100000E-01    8.5662535493E-08    1.2118880329E-01
    6.7100100000E-01    8.3935417410E-08    1.2173050270E-01
    6.7200100000E-01    8.2240523229E-08    1.2227382328E-01
    6.7300100000E-01    8.0577285421E-08    1.2281876747E-01
    6.7400100000E-01    7.8945146168E-08    1.2336533765E-01
    6.7500100000E-01    7.7343557199E-08    1.2391353624E-01
    6.7600100000E-01    7.5771979624E-08    1.2446336566E-01
    6.7700100000E-01    7.4229883771E-08    1.2501482830E-01
    6.7800100000E-01    7.2716749035E-08    1.2556792658E-01
    6.7900100000E-01    7.1232063714E-08    1.2612266290E-01
    6.8000100000E-01    6.9775324865E-08    1.2667903968E-01
    6.8100100000E-01    6.8346038145E-08    1.2723705932E-01
    6.8200100000E-01    6.6943717674E-08    1.2779672424E-01
    6.8300100000E-01    6.5567885882E-08    1.2835803684E-01
    6.8400100000E-01    6.4218073371E-08    1.2892099952E-01
    6.8500100000E-01    6.2893818773E-08    1.2948561470E-01
    6.8600100000E-01    6.1594668618E-08    1.3005188479E-01
    6.8700100000E-01    6.0320177192E-08    1.3061981220E-01
    6.8800100000E-01    5.9069906410E-08    1.3118939933E-01
    6.8900100000E-01    5.7843425685E-08    1.3176064858E-01
    6.9000100000E-01    5.6640311797E-08    1.3233356238E-01
    6.9100100000E-01    5.5460148772E-08    1.3290814313E-01
    6.9200100000E-01    5.4302527756E-08    1.3348439323E-01
    6.9300100000E-01    5.3167046894E-08    1.3406231510E-01
    6.9400100000E-01    5.2053311211E-08    1.3464191114E-01
    6.9500100000E-01    5.0960932495E-08    1.3522318377E-01
    6.9600100000E-01    4.9889529184E-08    1.3580613538E-01
    6.9700100000E-01    4.8838726249E-08    1.3639076839E-01
    6.9800100000E-01    4.7808155086E-08    1.3697708520E-01
    6.9900100000E-01    4.6797453405E-08    1.3756508823E-01
    7.0000100000E-01    4.5806265126E-08    1.3815477988E-01
    7.0100100000E-01    4.4834240270E-08    1.3874616256E-01
    7.0200100000E-01    4.3881034857E-08    1.3933923868E-01
    7.0300100000E-01    4.2946310804E-08    1.3993401064E-01
    7.0400100000E-01    4.2029735825E-08    1.4053048086E-01
    7.0500100000E-01    4.1130983334E-08    1.4112865174E-01
    7.0600100000E-01    4.0249732347E-08    1.4172852568E-01
    7.0700100000E-01    3.9385667386E-08    1.4233010511E-01
    7.0800100000E-01    3.8538478390E-08    1.4293339241E-01
    7.0900100000E-01    3.7707860618E-08    1.4353839002E-01
    7.1000100000E-01    3.6893514563E-08    1.4414510032E-01
    7.1100100000E-01    3.6095145861E-08    1.4475352573E-01
    7.1200100000E-01    3.5312465206E-08    1.4536366865E-01
    7.1300100000E-01    3.4545188264E-08    1.4597553150E-01
    7.1400100000E-01    3.3793035586E-08    1.4658911668E-01
    7.1500100000E-01    3.3055732530E-08    1.4720442659E-01
    7.1600100000E-01    3.2333009178E-08    1.4782146366E-01
    7.1700100000E-01    3.1624600253E-08    1.4844023028E-01
    7.1800100000E-01    3.0930245048E-08    1.4906072886E-01
    7.1900100000E-01    3.0249687342E-08    1.4968296180E-01
    7.2000100000E-01    2.9582675325E-08    1.5030693153E-01
    7.2100100000E-01    2.8928961528E-08    1.5093264044E-01
    7.2200100000E-01    2.8288302747E-08    1.5156009094E-01
    7.2300100000E-01    2.7660459970E-08    1.5218928544E-01
    7.2400100000E-01    2.7045198307E-08    1.5282022634E-01
    7.2500100000E-01    2.6442286922E-08    1.5345291606E-01
    7.2600100000E-01    2.5851498964E-08    1.5408735700E-01
    7.2700100000E-01    2.5272611498E-08    1.5472355157E-01
    7.2800100000E-01    2.4705405443E-08    1.5536150218E-01
    7.2900100000E-01    2.4149665501E-08    1.5600121122E-01
    7.3000100000E-01    2.3605180101E-08    1.5664268112E-01
    7.3100100000E-01    2.3071741328E-08    1.5728591428E-01
    7.3200100000E-01    2.2549144868E-08    1.5793091310E-01
    7.3300100000E-01    2.2037189946E-08    1.5857768000E-01
    7.3400100000E-01    2.1535679262E-08    1.5922621737E-01
    7.3500100000E-01    2.1044418938E-08    1.5987652763E-01
    7.3600100000E-01    2.0563218459E-08    1.6052861319E-01
    7.3700100000E-01    2.0091890613E-08    1.6118247645E-01
    7.3800100000E-01    1.9630251442E-08    1.6183811981E-01
    7.3900100000E-01    1.9178120180E-08    1.6249554570E-01
    7.4000100000E-01    1.8735319205E-08    1.6315475650E-01
    7.4100100000E-01    1.8301673982E-08    1.6381575464E-01
    7.4200100000E-01    1.7877013013E-08    1.6447854251E-01
    7.4300100000E-01    1.7461167788E-08    1.6514312253E-01
    7.4400100000E-01    1.7053972732E-08    1.6580949710E-01
    7.4500100000E-01    1.6655265153E-08    1.6647766863E-01
    7.4600100000E-01    1.6264885201E-08    1.6714763953E-01
    7.4700100000E-01    1.5882675814E-08    1.6781941220E-01
    7.4800100000E-01    1.5508482674E-08    1.6849298905E-01
    7.4900100000E-01    1.5142154159E-08    1.6916837249E-01
    7.5000100000E-01    1.4783541299E-08    1.6984556492E-01
    7.5100100000E-01    1.4432497731E-08    1.7052456875E-01
    7.5200100000E-01    1.4088879656E-08    1.7120538640E-01
    7.5300100000E-01    1.3752545795E-08    1.7188802026E-01
    7.5400100000E-01    1.3423357347E-08    1.7257247274E-01
    7.5500100000E-01    1.3101177945E-08    1.7325874625E-01
    7.5600100000E-01    1.2785873621E-08    1.7394684320E-01
    7.5700100000E-01    1.2477312760E-08    1.7463676600E-01
    7.5800100000E-01    1.2175366060E-08    1.7532851704E-01
    7.5900100000E-01    1.1879906500E-08    1.7602209875E-01
    7.6000100000E-01    1.1590809294E-08    1.7671751352E-01
    7.6100100000E-01    1.1307951858E-08    1.7741476376E-01
    7.6200100000E-01    1.1031213771E-08    1.7811385188E-01
    7.6300100000E-01    1.0760476738E-08    1.7881478029E-01
    7.6400100000E-01    1.0495624557E-08    1.7951755139E-01
    7.6500100000E-01    1.0236543082E-08    1.8022216759E-01
    7.6600100000E-01    9.9831201886E-09    1.8092863130E-01
    7.6700100000E-01    9.7352457389E-09    1.8163694492E-01
    7.6800100000E-01    9.4928115500E-09    1.8234711087E-01
    7.6900100000E-01    9.2557113602E-09    1.8305913154E-01
    7.7000100000E-01    9.0238407966E-09    1.8377300936E-01
    7.7100100000E-01    8.7970973434E-09    1.8448874671E-01
    7.7200100000E-01    8.5753803106E-09    1.8520634601E-01
    7.7300100000E-01    8.3585908035E-09    1.8592580967E-01
    7.7400100000E-01    8.1466316921E-09    1.8664714009E-01
    7.7500100000E-01    7.9394075815E-09    1.8737033969E-01
    7.7600100000E-01    7.7368247827E-09    1.8809541086E-01
    7.7700100000E-01    7.5387912841E-09    1.8882235602E-01
    7.7800100000E-01    7.3452167227E-09    1.8955117756E-01
    7.7900100000E-01    7.1560123566E-09    1.9028187791E-01
    7.8000100000E-01    6.9710910379E-09    1.9101445946E-01
    7.8100100000E-01    6.7903671851E-09    1.9174892463E-01
    7.8200100000E-01    6.6137567576E-09    1.9248527582E-01
    7.8300100000E-01    6.4411772289E-09    1.9322351543E-01
    7.8400100000E-01    6.2725475616E-09    1.9396364588E-01
    7.8500100000E-01    6.1077881817E-09    1.9470566956E-01
    7.8600100000E-01    5.9468209545E-09    1.9544958890E-01
    7.8700100000E-01    5.7895691598E-09    1.9619540629E-01
    7.8800100000E-01    5.6359574683E-09    1.9694312414E-01
    7.8900100000E-01    5.4859119177E-09    1.9769274486E-01
    7.9000100000E-01    5.3393598902E-09    1.9844427086E-01
    7.9100100000E-01    5.1962300892E-09    1.9919770454E-01
    7.9200100000E-01    5.0564525169E-09    1.9995304831E-01
    7.9300100000E-01    4.9199584529E-09    2.0071030458E-01
    7.9400100000E-01    4.7866804320E-09    2.0146947576E-01
    7.9500100000E-01    4.6565522233E-09    2.0223056424E-01
    7.9600100000E-01    4.5295088087E-09    2.0299357244E-01
    7.9700100000E-01    4.4054863633E-09    2.0375850277E-01
    7.9800100000E-01    4.2844222341E-09    2.0452535763E-01
    7.9900100000E-01    4.1662549209E-09    2.0529413944E-01
    8.0000100000E-01    4.0509240564E-09    2.0606485058E-01
    8.0100100000E-01    3.9383703869E-09    2.0683749349E-01
    8.0200100000E-01    3.8285357536E-09    2.0761207055E-01
    8.0300100000E-01    3.7213630735E-09    2.0838858418E-01
    8.0400100000E-01    3.6167963219E-09    2.0916703679E-01
    8.0500100000E-01    3.5147805137E-09    2.0994743078E-01
    8.0600100000E-01    3.4152616859E-09    2.1072976856E-01
    8.0700100000E-01    3.3181868803E-09    2.1151405253E-01
    8.0800100000E-01    3.2235041262E-09    2.1230028511E-01
    8.0900100000E-01    3.1311624236E-09    2.1308846871E-01
    8.1000100000E-01    3.0411117269E-09    2.1387860572E-01
    8.1100100000E-01    2.9533029282E-09    2.1467069855E-01
    8.1200100000E-01    2.8676878413E-09    2.1546474962E-01
    8.1300100000E-01    2.7842191865E-09    2.1626076133E-01
    8.1400100000E-01    2.7028505744E-09    2.1705873608E-01
    8.1500100000E-01    2.6235364909E-09    2.1785867629E-01
    8.1600100000E-01    2.5462322824E-09    2.1866058437E-01
    8.1700100000E-01    2.4708941410E-09    2.1946446271E-01
    8.1800100000E-01    2.3974790895E-09    2.2027031372E-01
    8.1900100000E-01    2.3259449681E-09    2.2107813982E-01
    8.2000100000E-01    2.2562504193E-09    2.2188794342E-01
    8.2100100000E-01    2.1883548750E-09    2.2269972690E-01
    8.2200100000E-01    2.1222185422E-09    2.2351349270E-01
    8.2300100000E-01    2.0578023902E-09    2.2432924321E-01
    8.2400100000E-01    1.9950681374E-09    2.2514698083E-01
    8.2500100000E-01    1.9339782378E-09    2.2596670799E-01
    8.2600100000E-01    1.8744958692E-09    2.2678842708E-01
    8.2700100000E-01    1.8165849202E-09    2.2761214051E-01
    8.2800100000E-01    1.7602099777E-09    2.2843785069E-01
    8.2900100000E-01    1.7053363154E-09    2.2926556003E-01
    8.3000100000E-01    1.6519298816E-09    2.3009527093E-01
    8.3100100000E-01    1.5999572873E-09    2.3092698580E-01
    8.3200100000E-01    1.5493857951E-09    2.3176070705E-01
    8.3300100000E-01    1.5001833079E-09    2.3259643709E-01
    8.3400100000E-01    1.4523183573E-09    2.3343417833E-01
    8.3500100000E-01    1.4057600932E-09    2.3427393316E-01
    8.3600100000E-01    1.3604782727E-09    2.3511570400E-01
    8.3700100000E-01    1.3164432498E-09    2.3595949326E-01
    8.3800100000E-01    1.2736259647E-09    2.3680530334E-01
    8.3900100000E-01    1.2319979338E-09    2.3765313666E-01
    8.4000100000E-01    1.1915312395E-09    2.3850299561E-01
    8.4100100000E-01    1.1521985203E-09    2.3935488261E-01
    8.4200100000E-01    1.1139729613E-09    2.4020880007E-01
    8.4300100000E-01    1.0768282843E-09    2.4106475038E-01
    8.4400100000E-01    1.0407387384E-09    2.4192273597E-01
    8.4500100000E-01    1.0056790911E-09    2.4278275923E-01
    8.4600100000E-01    9.7162461884E-10    2.4364482257E-01
    8.4700100000E-01    9.3855109813E-10    2.4450892841E-01
    8.4800100000E-01    9.0643479679E-10    2.4537507915E-01
    8.4900100000E-01    8.7525246522E-10    2.4624327719E-01
    8.5000100000E-01    8.4498132793E-10    2.4711352495E-01
    8.5100100000E-01    8.1559907511E-10    2.4798582483E-01
    8.5200100000E-01    7.8708385443E-10    2.4886017925E-01
    8.5300100000E-01    7.5941426288E-10    2.4973659060E-01
    8.5400100000E-01    7.3256933883E-10    2.5061506129E-01
    8.5500100000E-01    7.0652855418E-10    2.5149559375E-01
    8.5600100000E-01    6.8127180663E-10    2.5237819036E-01
    8.5700100000E-01    6.5677941210E-10    2.5326285354E-01
    8.5800100000E-01    6.3303209728E-10    2.5414958569E-01
    8.5900100000E-01    6.1001099226E-10    2.5503838924E-01
    8.6000100000E-01    5.8769762334E-10    2.5592926657E-01
    8.6100100000E-01    5.6607390593E-10    2.5682222011E-01
    8.6200100000E-01    5.4512213753E-10    2.5771725225E-01
    8.6300100000E-01    5.2482499091E-10    2.5861436541E-01
    8.6400100000E-01    5.0516550734E-10    2.5951356199E-01
    8.6500100000E-01    4.8612708991E-10    2.6041484441E-01
    8.6600100000E-01    4.6769349708E-10    2.6131821507E-01
    8.6700100000E-01    4.4984883616E-10    2.6222367637E-01
    8.6800100000E-01    4.3257755705E-10    2.6313123073E-01
    8.6900100000E-01    4.1586444604E-10    2.6404088055E-01
    8.7000100000E-01    3.9969461962E-10    2.6495262825E-01
    8.7100100000E-01    3.8405351856E-10    2.6586647622E-01
    8.7200100000E-01    3.6892690195E-10    2.6678242688E-01
    8.7300100000E-01    3.5430084138E-10    2.6770048264E-01
    8.7400100000E-01    3.4016171524E-10    2.6862064590E-01
    8.7500100000E-01    3.2649620311E-10    2.6954291908E-01
    8.7600100000E-01    3.1329128021E-10    2.7046730457E-01
    8.7700100000E-01    3.0053421196E-10    2.7139380479E-01
    8.7800100000E-01    2.8821254863E-10    2.7232242215E-01
    8.7900100000E-01    2.7631412011E-10    2.7325315906E-01
    8.8000100000E-01    2.6482703070E-10    2.7418601791E-01
    8.8100100000E-01    2.5373965405E-10    2.7512100113E-01
    8.8200100000E-01    2.4304062815E-10    2.7605811111E-01
    8.8300100000E-01    2.3271885039E-10    2.7699735028E-01
    8.8400100000E-01    2.2276347275E-10    2.7793872103E-01
    8.8500100000E-01    2.1316389704E-10    2.7888222577E-01
    8.8600100000E-01    2.0390977020E-10    2.7982786691E-01
    8.8700100000E-01    1.9499097973E-10    2.8077564687E-01
    8.8800100000E-01    1.8639764913E-10    2.8172556804E-01
    8.8900100000E-01    1.7812013348E-10    2.8267763284E-01
    8.9000100000E-01    1.7014901506E-10    2.8363184368E-01
    8.9100100000E-01    1.6247509901E-10    2.8458820295E-01
    8.9200100000E-01    1.5508940917E-10    2.8554671308E-01
    8.9300100000E-01    1.4798318384E-10    2.8650737648E-01
    8.9400100000E-01    1.4114787177E-10    2.8747019554E-01
    8.9500100000E-01    1.3457512806E-10    2.8843517267E-01
    8.9600100000E-01    1.2825681025E-10    2.8940231030E-01
    8.9700100000E-01    1.2218497440E-10    2.9037161081E-01
    8.9800100000E-01    1.1635187132E-10    2.9134307663E-01
    8.9900100000E-01    1.1074994273E-10    2.9231671016E-01
    9.0000100000E-01    1.0537181763E-10    2.9329251381E-01
    9.0100100000E-01    1.0021030860E-10    2.9427048999E-01
    9.0200100000E-01    9.5258408282E-11    2.9525064111E-01
    9.0300100000E-01    9.0509285833E-11    2.9623296957E-01
    9.0400100000E-01    8.5956283462E-11    2.9721747778E-01
    9.0500100000E-01    8.1592913045E-11    2.9820416816E-01
    9.0600100000E-01    7.7412852770E-11    2.9919304311E-01
    9.0700100000E-01    7.3409943857E-11    3.0018410504E-01
    9.0800100000E-01    6.9578187318E-11    3.0117735635E-01
    9.0900100000E-01    6.5911740785E-11    3.0217279947E-01
    9.1000100000E-01    6.2404915380E-11    3.0317043679E-01
    9.1100100000E-01    5.9052172644E-11    3.0417027072E-01
    9.1200100000E-01    5.5848121514E-11    3.0517230368E-01
    9.1300100000E-01    5.2787515352E-11    3.0617653807E-01
    9.1400100000E-01    4.9865249025E-11    3.0718297630E-01
    9.1500100000E-01    4.7076356032E-11    3.0819162078E-01
    9.1600100000E-01    4.4416005678E-11    3.0920247392E-01
    9.1700100000E-01    4.1879500301E-11    3.1021553812E-01
    9.1800100000E-01    3.9462272539E-11    3.1123081580E-01
    9.1900100000E-01    3.7159882646E-11    3.1224830937E-01
    9.2000100000E-01    3.4968015853E-11    3.1326802123E-01
    9.2100100000E-01    3.2882479775E-11    3.1428995379E-01
    9.2200100000E-01    3.0899201856E-11    3.1531410947E-01
    9.2300100000E-01    2.9014226864E-11    3.1634049066E-01
    9.2400100000E-01    2.7223714422E-11    3.1736909979E-01
    9.2500100000E-01    2.5523936586E-11    3.1839993925E-01
    9.2600100000E-01    2.3911275456E-11    3.1943301146E-01
    9.2700100000E-01    2.2382220840E-11    3.2046831883E-01
    9.2800100000E-01    2.0933367941E-11    3.2150586376E-01
    9.2900100000E-01    1.9561415098E-11    3.2254564867E-01
    9.3000100000E-01    1.8263161553E-11    3.2358767596E-01
    9.3100100000E-01    1.7035505265E-11    3.2463194804E-01
    9.3200100000E-01    1.5875440754E-11    3.2567846733E-01
    9.3300100000E-01    1.4780056986E-11    3.2672723622E-01
    9.3400100000E-01    1.3746535288E-11    3.2777825714E-01
    9.3500100000E-01    1.2772147307E-11    3.2883153248E-01
    9.3600100000E-01    1.1854252992E-11    3.2988706467E-01
    9.3700100000E-01    1.0990298621E-11    3.3094485610E-01
    9.3800100000E-01    1.0177814852E-11    3.3200490918E-01
    9.3900100000E-01    9.4144148127E-12    3.3306722634E-01
    9.4000100000E-01    8.6977922204E-12    3.3413180997E-01
    9.4100100000E-01    8.0257195322E-12    3.3519866248E-01
    9.4200100000E-01    7.3960461286E-12    3.3626778629E-01
    9.4300100000E-01    6.8066965257E-12    3.3733918380E-01
    9.4400100000E-01    6.2556686180E-12    3.3841285742E-01
    9.4500100000E-01    5.7410319509E-12    3.3948880956E-01
    9.4600100000E-01    5.2609260216E-12    3.4056704263E-01
    9.4700100000E-01    4.8135586088E-12    3.4164755905E-01
    9.4800100000E-01    4.3972041296E-12    3.4273036121E-01
    9.4900100000E-01    4.0102020248E-12    3.4381545154E-01
    9.5000100000E-01    3.6509551699E-12    3.4490283243E-01
    9.5100100000E-01    3.3179283136E-12    3.4599250630E-01
    9.5200100000E-01    3.0096465412E-12    3.4708447555E-01
    9.5300100000E-01    2.7246937640E-12    3.4817874261E-01
    9.5400100000E-01    2.4617112337E-12    3.4927530987E-01
    9.5500100000E-01    2.2193960806E-12    3.5037417974E-01
    9.5600100000E-01    1.9964998766E-12    3.5147535464E-01
    9.5700100000E-01    1.7918272209E-12    3.5257883698E-01
    9.5800100000E-01    1.6042343497E-12    3.5368462916E-01
    9.5900100000E-01    1.4326277673E-12    3.5479273359E-01
    9.6000100000E-01    1.2759629007E-12    3.5590315268E-01
    9.6100100000E-01    1.1332427743E-12    3.5701588885E-01
    9.6200100000E-01    1.0035167073E-12    3.5813094451E-01
    9.6300100000E-01    8.8587903089E-13    3.5924832205E-01
    9.6400100000E-01    7.7946782603E-13    3.6036802389E-01
    9.6500100000E-01    6.8346368100E-13    3.6149005245E-01
    9.6600100000E-01    5.9708846842E-13    3.6261441013E-01
    9.6700100000E-01    5.1960414099E-13    3.6374109934E-01
    9.6800100000E-01    4.5031154583E-13    3.6487012249E-01
    9.6900100000E-01    3.8854925663E-13    3.6600148199E-01
    9.7000100000E-01    3.3369242334E-13    3.6713518025E-01
    9.7100100000E-01    2.8515163884E-13    3.6827121968E-01
    9.7200100000E-01    2.4237182203E-13    3.6940960268E-01
    9.7300100000E-01    2.0483111697E-13    3.7055033168E-01
    9.7400100000E-01    1.7203980737E-13    3.7169340908E-01
    9.7500100000E-01    1.4353924607E-13    3.7283883728E-01
    9.7600100000E-01    1.1890079878E-13    3.7398661871E-01
    9.7700100000E-01    9.7724801608E-14    3.7513675576E-01
    9.7800100000E-01    7.9639531747E-14    3.7628925085E-01
    9.7900100000E-01    6.4300190599E-14    3.7744410639E-01
    9.8000100000E-01    5.1387898747E-14    3.7860132479E-01
    9.8100100000E-01    4.0608701991E-14    3.7976090845E-01
    9.8200100000E-01    3.1692587659E-14    3.8092285980E-01
    9.8300100000E-01    2.4392510361E-14    3.8208718123E-01
    9.8400100000E-01    1.8483426219E-14    3.8325387515E-01
    9.8500100000E-01    1.3761334563E-14    3.8442294399E-01
    9.8600100000E-01    1.0042325908E-14    3.8559439014E-01
    9.8700100000E-01    7.1616349159E-15    3.8676821602E-01
    9.8800100000E-01    4.9726968258E-15    3.8794442404E-01
    9.8900100000E-01    3.3462056113E-15    3.8912301661E-01
    9.9000100000E-01    2.1691717902E-15    3.9030399613E-01
    9.9100100000E-01    1.3439774087E-15    3.9148736502E-01
    9.9200100000E-01    7.8742515479E-16    3.9267312569E-01
    9.9300100000E-01    4.2977778137E-16    3.9386128055E-01
    9.9400100000E-01    2.1378291769E-16    3.9505183200E-01
    9.9500100000E-01    9.3676713141E-17    3.9624478247E-01
    9.9600100000E-01    3.4157218588E-17    3.9744013435E-01
    9.9700100000E-01    9.3141974229E-18    3.9863789006E-01
    9.9800100000E-01    1.4944190867E-18    3.9983805200E-01
    9.9900100000E-01    6.5610069228E-20    4.0104062260E-01
