    1.0000000000E-06    1.0000000000E+00    3.1081800739E-03
    1.0010000000E-03    9.9985028521E-01    3.1082598550E-03
    2.0010000000E-03    9.9940191869E-01    3.1084988896E-03
    3.0010000000E-03    9.9865544304E-01    3.1088972022E-03
    4.0010000000E-03    9.9761176028E-01    3.1094548345E-03
    5.0010000000E-03    9.9627212988E-01    3.1101718447E-03
    6.0010000000E-03    9.9463816557E-01    3.1110483079E-03
    7.0010000000E-03    9.9271183126E-01    3.1120843157E-03
    8.0010000000E-03    9.9049543604E-01    3.1132799761E-03
    9.0010000000E-03    9.8799162841E-01    3.1146354142E-03
    1.0001000000E-02    9.8520338963E-01    3.1161507712E-03
    1.1001000000E-02    9.8213402625E-01    3.1178262054E-03
    1.2001000000E-02    9.7878716197E-01    3.1196618913E-03
    1.3001000000E-02    9.7516672866E-01    3.1216580201E-03
    1.4001000000E-02    9.7127695674E-01    3.1238147996E-03
    1.5001000000E-02    9.6712236489E-01    3.1261324541E-03
    1.6001000000E-02    9.6270774913E-01    3.1286112244E-03
    1.7001000000E-02    9.5803817140E-01    3.1312513678E-03
    1.8001000000E-02    9.5311894751E-01    3.1340531581E-03
    1.9001000000E-02    9.4795563466E-01    3.1370168855E-03
    2.0001000000E-02    9.4255401858E-01    3.1401428567E-03
    2.1001000000E-02    9.3692010022E-01    3.1434313948E-03
    2.2001000000E-02    9.3106008212E-01    3.1468828391E-03
    2.3001000000E-02    9.2498035455E-01    3.1504975454E-03
    2.4001000000E-02    9.1868748135E-01    3.1542758859E-03
    2.5001000000E-02    9.1218818568E-01    3.1582182489E-03
    2.6001000000E-02    9.0548933554E-01    3.1623250390E-03
    2.7001000000E-02    8.9859792928E-01    3.1665966770E-03
    2.8001000000E-02    8.9152108108E-01    3.1710336001E-03
    2.9001000000E-02    8.8426600644E-01    3.1756362612E-03
    3.0001000000E-02    8.7684000768E-01    3.1804051299E-03
    3.1001000000E-02    8.6925045965E-01    3.1853406912E-03
    3.2001000000E-02    8.6150479549E-01    3.1904434467E-03
    3.3001000000E-02    8.5361049267E-01    3.1957139137E-03
    3.4001000000E-02    8.4557505922E-01    3.2011526255E-03
    3.5001000000E-02    8.3740602019E-01    3.2067601314E-03
    3.6001000000E-02    8.2911090451E-01    3.2125369963E-03
    3.7001000000E-02    8.2069723212E-01    3.2184838012E-03
    3.8001000000E-02    8.1217250146E-01    3.2246011427E-03
    3.9001000000E-02    8.0354417741E-01    3.2308896332E-03
    4.0001000000E-02    7.9481967958E-01    3.2373499008E-03
    4.1001000000E-02    7.8600637112E-01    3.2439825891E-03
    4.2001000000E-02    7.7711154791E-01    3.2507883573E-03
    4.3001000000E-02    7.6814242833E-01    3.2577678803E-03
    4.4001000000E-02    7.5910614337E-01    3.2649218482E-03
    4.5001000000E-02    7.5000972746E-01    3.2722509667E-03
    4.6001000000E-02    7.4086010960E-01    3.2797559568E-03
    4.7001000000E-02    7.3166410517E-01    3.2874375548E-03
    4.8001000000E-02    7.2242840821E-01    3.2952965123E-03
    4.9001000000E-02    7.1315958421E-01    3.3033335961E-03
    5.0001000000E-02    7.0386406350E-01    3.3115495879E-03
    5.1001000000E-02    6.9454813511E-01    3.3199452849E-03
    5.2001000000E-02    6.8521794118E-01    3.3285214989E-03
    5.3001000000E-02    6.7587947193E-01    3.3372790569E-03
    5.4001000000E-02    6.6653856107E-01    3.3462188008E-03
    5.5001000000E-02    6.5720088180E-01    3.3553415873E-03
    5.6001000000E-02    6.4787194329E-01    3.3646482878E-03
    5.7001000000E-02    6.3855708758E-01    3.3741397884E-03
    5.8001000000E-02    6.2926148706E-01    3.3838169900E-03
    5.9001000000E-02    6.1999014236E-01    3.3936808080E-03
    6.0001000000E-02    6.1074788066E-01    3.4037321724E-03
    6.1001000000E-02    6.0153935451E-01    3.4139720274E-03
    6.2001000000E-02    5.9236904096E-01    3.4244013318E-03
    6.3001000000E-02    5.8324124123E-01    3.4350210588E-03
    6.4001000000E-02    5.7416008062E-01    3.4458321956E-03
    6.5001000000E-02    5.6512950888E-01    3.4568357439E-03
    6.6001000000E-02    5.5615330089E-01    3.4680327192E-03
    6.7001000000E-02    5.4723505767E-01    3.4794241513E-03
    6.8001000000E-02    5.3837820768E-01    3.4910110838E-03
    6.9001000000E-02    5.2958600850E-01    3.5027945744E-03
    7.0001000000E-02    5.2086154862E-01    3.5147756945E-03
    7.1001000000E-02    5.1220774967E-01    3.5269555293E-03
    7.2001000000E-02    5.0362736875E-01    3.5393351778E-03
    7.3001000000E-02    4.9512300101E-01    3.5519157525E-03
    7.4001000000E-02    4.8669708246E-01    3.5646983796E-03
    7.5001000000E-02    4.7835189298E-01    3.5776841986E-03
    7.6001000000E-02    4.7008955937E-01    3.5908743626E-03
    7.7001000000E-02    4.6191205874E-01    3.6042700380E-03
    7.8001000000E-02    4.5382122184E-01    3.6178724045E-03
    7.9001000000E-02    4.4581873667E-01    3.6316826549E-03
    8.0001000000E-02    4.3790615206E-01    3.6457019952E-03
    8.1001000000E-02    4.3008488144E-01    3.6599316444E-03
    8.2001000000E-02    4.2235620662E-01    3.6743728346E-03
    8.3001000000E-02    4.1472128166E-01    3.6890268108E-03
    8.4001000000E-02    4.0718113674E-01    3.7038948307E-03
    8.5001000000E-02    3.9973668218E-01    3.7189781649E-03
    8.6001000000E-02    3.9238871230E-01    3.7342780965E-03
    8.7001000000E-02    3.8513790952E-01    3.7497959216E-03
    8.8001000000E-02    3.7798484824E-01    3.7655329484E-03
    8.9001000000E-02    3.7092999888E-01    3.7814904978E-03
    9.0001000000E-02    3.6397373181E-01    3.7976699030E-03
    9.1001000000E-02    3.5711632129E-01    3.8140725097E-03
    9.2001000000E-02    3.5035794941E-01    3.8306996757E-03
    9.3001000000E-02    3.4369870991E-01    3.8475527709E-03
    9.4001000000E-02    3.3713861202E-01    3.8646331774E-03
    9.5001000000E-02    3.3067758425E-01    3.8819422893E-03
    9.6001000000E-02    3.2431547806E-01    3.8994815127E-03
    9.7001000000E-02    3.1805207157E-01    3.9172522655E-03
    9.8001000000E-02    3.1188707309E-01    3.9352559774E-03
    9.9001000000E-02    3.0582012466E-01    3.9534940897E-03
    1.0000100000E-01    2.9985080552E-01    3.9719680557E-03
    1.0100100000E-01    2.9397863541E-01    3.9906793400E-03
    1.0200100000E-01    2.8820307791E-01    4.0096294187E-03
    1.0300100000E-01    2.8252354362E-01    4.0288197793E-03
    1.0400100000E-01    2.7693939328E-01    4.0482519208E-03
    1.0500100000E-01    2.7144994081E-01    4.0679273535E-03
    1.0600100000E-01    2.6605445626E-01    4.0878475987E-03
    1.0700100000E-01    2.6075216864E-01    4.1080141888E-03
    1.0800100000E-01    2.5554226873E-01    4.1284286676E-03
    1.0900100000E-01    2.5042391173E-01    4.1490925896E-03
    1.1000100000E-01    2.4539621988E-01    4.1700075202E-03
    1.1100100000E-01    2.4045828495E-01    4.1911750356E-03
    1.1200100000E-01    2.3560917064E-01    4.2125967231E-03
    1.1300100000E-01    2.3084791494E-01    4.2342741802E-03
    1.1400100000E-01    2.2617353236E-01    4.2562090154E-03
    1.1500100000E-01    2.2158501605E-01    4.2784028474E-03
    1.1600100000E-01    2.1708133994E-01    4.3008573058E-03
    1.1700100000E-01    2.1266146064E-01    4.3235740301E-03
    1.1800100000E-01    2.0832431942E-01    4.3465546704E-03
    1.1900100000E-01    2.0406884399E-01    4.3698008871E-03
    1.2000100000E-01    1.9989395025E-01    4.3933143506E-03
    1.2100100000E-01    1.9579854394E-01    4.4170967415E-03
    1.2200100000E-01    1.9178152225E-01    4.4411497504E-03
    1.2300100000E-01    1.8784177534E-01    4.4654750779E-03
    1.2400100000E-01    1.8397818772E-01    4.4900744344E-03
    1.2500100000E-01    1.8018963971E-01    4.5149495402E-03
    1.2600100000E-01    1.7647500866E-01    4.5401021253E-03
    1.2700100000E-01    1.7283317021E-01    4.5655339294E-03
    1.2800100000E-01    1.6926299948E-01    4.5912467018E-03
    1.2900100000E-01    1.6576337215E-01    4.6172422013E-03
    1.3000100000E-01    1.6233316548E-01    4.6435221962E-03
    1.3100100000E-01    1.5897125934E-01    4.6700884642E-03
    1.3200100000E-01    1.5567653713E-01    4.6969427923E-03
    1.3300100000E-01    1.5244788661E-01    4.7240869767E-03
    1.3400100000E-01    1.4928420074E-01    4.7515228230E-03
    1.3500100000E-01    1.4618437846E-01    4.7792521456E-03
    1.3600100000E-01    1.4314732540E-01    4.8072767681E-03
    1.3700100000E-01    1.4017195451E-01    4.8355985233E-03
    1.3800100000E-01    1.3725718675E-01    4.8642192525E-03
    1.3900100000E-01    1.3440195159E-01    4.8931408061E-03
    1.4000100000E-01    1.3160518763E-01    4.9223650432E-03
    1.4100100000E-01    1.2886584301E-01    4.9518938317E-03
    1.4200100000E-01    1.2618287593E-01    4.9817290479E-03
    1.4300100000E-01    1.2355525503E-01    5.0118725771E-03
    1.4400100000E-01    1.2098195980E-01    5.0423263127E-03
    1.4500100000E-01    1.1846198092E-01    5.0730921567E-03
    1.4600100000E-01    1.1599432055E-01    5.1041720195E-03
    1.4700100000E-01    1.1357799268E-01    5.1355678197E-03
    1.4800100000E-01    1.1121202331E-01    5.1672814844E-03
    1.4900100000E-01    1.0889545074E-01    5.1993149485E-03
    1.5000100000E-01    1.0662732573E-01    5.2316701554E-03
    1.5100100000E-01    1.0440671171E-01    5.2643490563E-03
    1.5200100000E-01    1.0223268490E-01    5.2973536105E-03
    1.5300100000E-01    1.0010433448E-01    5.3306857851E-03
    1.5400100000E-01    9.8020762659E-02    5.3643475552E-03
    1.5500100000E-01    9.5981084780E-02    5.3983409036E-03
    1.5600100000E-01    9.3984429395E-02    5.4326678209E-03
    1.5700100000E-01    9.2029938308E-02    5.4673303054E-03
    1.5800100000E-01    9.0116766608E-02    5.5023303629E-03
    1.5900100000E-01    8.8244082690E-02    5.5376700068E-03
    1.6000100000E-01    8.6411068258E-02    5.5733512579E-03
    1.6100100000E-01    8.4616918308E-02    5.6093761446E-03
    1.6200100000E-01    8.2860841108E-02    5.6457467026E-03
    1.6300100000E-01    8.1142058160E-02    5.6824649748E-03
    1.6400100000E-01    7.9459804147E-02    5.7195330114E-03
    1.6500100000E-01    7.7813326876E-02    5.7569528697E-03
    1.6600100000E-01    7.6201887207E-02    5.7947266144E-03
    1.6700100000E-01    7.4624758973E-02    5.8328563169E-03
    1.6800100000E-01    7.3081228894E-02    5.8713440559E-03
    1.6900100000E-01    7.1570596474E-02    5.9101919167E-03
    1.7000100000E-01    7.0092173904E-02    5.9494019919E-03
    1.7100100000E-01    6.8645285948E-02    5.9889763806E-03
    1.7200100000E-01    6.7229269825E-02    6.0289171888E-03
    1.7300100000E-01    6.5843475087E-02    6.0692265292E-03
    1.7400100000E-01    6.4487263490E-02    6.1099065210E-03
    1.7500100000E-01    6.3160008864E-02    6.1509592903E-03
    1.7600100000E-01    6.1861096970E-02    6.1923869695E-03
    1.7700100000E-01    6.0589925361E-02    6.2341916975E-03
    1.7800100000E-01    5.9345903241E-02    6.2763756197E-03
    1.7900100000E-01    5.8128451308E-02    6.3189408878E-03
    1.8000100000E-01    5.6937001614E-02    6.3618896599E-03
    1.8100100000E-01    5.5770997403E-02    6.4052241002E-03
    1.8200100000E-01    5.4629892960E-02    6.4489463793E-03
    1.8300100000E-01    5.3513153454E-02    6.4930586737E-03
    1.8400100000E-01    5.2420254778E-02    6.5375631663E-03
    1.8500100000E-01    5.1350683388E-02    6.5824620457E-03
    1.8600100000E-01    5.0303936149E-02    6.6277575067E-03
    1.8700100000E-01    4.9279520163E-02    6.6734517501E-03
    1.8800100000E-01    4.8276952619E-02    6.7195469823E-03
    1.8900100000E-01    4.7295760620E-02    6.7660454157E-03
    1.9000100000E-01    4.6335481031E-02    6.8129492684E-03
    1.9100100000E-01    4.5395660308E-02    6.8602607644E-03
    1.9200100000E-01    4.4475854342E-02    6.9079821331E-03
    1.9300100000E-01    4.3575628297E-02    6.9561156096E-03
    1.9400100000E-01    4.2694556449E-02    7.0046634347E-03
    1.9500100000E-01    4.1832222024E-02    7.0536278546E-03
    1.9600100000E-01    4.0988217042E-02    7.1030111209E-03
    1.9700100000E-01    4.0162142160E-02    7.1528154906E-03
    1.9800100000E-01    3.9353606511E-02    7.2030432263E-03
    1.9900100000E-01    3.8562227551E-02    7.2536965956E-03
    2.0000100000E-01    3.7787630907E-02    7.3047778715E-03
    2.0100100000E-01    3.7029450220E-02    7.3562893322E-03
    2.0200100000E-01    3.6287326996E-02    7.4082332611E-03
    2.0300100000E-01    3.5560910457E-02    7.4606119466E-03
    2.0400100000E-01    3.4849857391E-02    7.5134276823E-03
    2.0500100000E-01    3.4153832006E-02    7.5666827666E-03
    2.0600100000E-01    3.3472505786E-02    7.6203795030E-03
    2.0700100000E-01    3.2805557348E-02    7.6745202001E-03
    2.0800100000E-01    3.2152672301E-02    7.7291071709E-03
    2.0900100000E-01    3.1513543107E-02    7.7841427337E-03
    2.1000100000E-01    3.0887868941E-02    7.8396292113E-03
    2.1100100000E-01    3.0275355561E-02    7.8955689313E-03
    2.1200100000E-01    2.9675715168E-02    7.9519642259E-03
    2.1300100000E-01    2.9088666282E-02    8.0088174321E-03
    2.1400100000E-01    2.8513933604E-02    8.0661308913E-03
    2.1500100000E-01    2.7951247897E-02    8.1239069496E-03
    2.1600100000E-01    2.7400345854E-02    8.1821479575E-03
    2.1700100000E-01    2.6860969978E-02    8.2408562701E-03
    2.1800100000E-01    2.6332868460E-02    8.3000342465E-03
    2.1900100000E-01    2.5815795057E-02    8.3596842507E-03
    2.2000100000E-01    2.5309508980E-02    8.4198086507E-03
    2.2100100000E-01    2.4813774773E-02    8.4804098188E-03
    2.2200100000E-01    2.4328362203E-02    8.5414901315E-03
    2.2300100000E-01    2.3853046147E-02    8.6030519697E-03
    2.2400100000E-01    2.3387606483E-02    8.6650977181E-03
    2.2500100000E-01    2.2931827984E-02    8.7276297659E-03
    2.2600100000E-01    2.2485500209E-02    8.7906505059E-03
    2.2700100000E-01    2.2048417405E-02    8.8541623354E-03
    2.2800100000E-01    2.1620378399E-02    8.9181676553E-03
    2.2900100000E-01    2.1201186504E-02    8.9826688705E-03
    2.3000100000E-01    2.0790649416E-02    9.0476683899E-03
    2.3100100000E-01    2.0388579122E-02    9.1131686263E-03
    2.3200100000E-01    1.9994791807E-02    9.1791719960E-03
    2.3300100000E-01    1.9609107756E-02    9.2456809193E-03
    2.3400100000E-01    1.9231351270E-02    9.3126978203E-03
    2.3500100000E-01    1.8861350572E-02    9.3802251266E-03
    2.3600100000E-01    1.8498937726E-02    9.4482652694E-03
    2.3700100000E-01    1.8143948546E-02    9.5168206837E-03
    2.3800100000E-01    1.7796222516E-02    9.5858938079E-03
    2.3900100000E-01    1.7455602710E-02    9.6554870841E-03
    2.4000100000E-01    1.7121935708E-02    9.7256029577E-03
    2.4100100000E-01    1.6795071518E-02    9.7962438776E-03
    2.4200100000E-01    1.6474863504E-02    9.8674122961E-03
    2.4300100000E-01    1.6161168306E-02    9.9391106690E-03
    2.4400100000E-01    1.5853845768E-02    1.0011341455E-02
    2.4500100000E-01    1.5552758868E-02    1.0084107117E-02
    2.4600100000E-01    1.5257773644E-02    1.0157410120E-02
    2.4700100000E-01    1.4968759128E-02    1.0231252933E-02
    2.4800100000E-01    1.4685587276E-02    1.0305638028E-02
    2.4900100000E-01    1.4408132907E-02    1.0380567880E-02
    2.5000100000E-01    1.4136273631E-02    1.0456044967E-02
    2.5100100000E-01    1.3869889792E-02    1.0532071771E-02
    2.5200100000E-01    1.3608864404E-02    1.0608650775E-02
    2.5300100000E-01    1.3353083088E-02    1.0685784468E-02
    2.5400100000E-01    1.3102434018E-02    1.0763475338E-02
    2.5500100000E-01    1.2856807859E-02    1.0841725881E-02
    2.5600100000E-01    1.2616097714E-02    1.0920538590E-02
    2.5700100000E-01    1.2380199063E-02    1.0999915967E-02
    2.5800100000E-01    1.2149009715E-02    1.1079860511E-02
    2.5900100000E-01    1.1922429752E-02    1.1160374728E-02
    2.6000100000E-01    1.1700361478E-02    1.1241461125E-02
    2.6100100000E-01    1.1482709369E-02    1.1323122212E-02
    2.6200100000E-01    1.1269380020E-02    1.1405360502E-02
    2.6300100000E-01    1.1060282102E-02    1.1488178510E-02
    2.6400100000E-01    1.0855326313E-02    1.1571578753E-02
    2.6500100000E-01    1.0654425328E-02    1.1655563753E-02
    2.6600100000E-01    1.0457493759E-02    1.1740136032E-02
    2.6700100000E-01    1.0264448110E-02    1.1825298116E-02
    2.6800100000E-01    1.0075206731E-02    1.1911052532E-02
    2.6900100000E-01    9.8896897760E-03    1.1997401813E-02
    2.7000100000E-01    9.7078191671E-03    1.2084348489E-02
    2.7100100000E-01    9.5295185482E-03    1.2171895097E-02
    2.7200100000E-01    9.3547132486E-03    1.2260044174E-02
    2.7300100000E-01    9.1833302440E-03    1.2348798261E-02
    2.7400100000E-01    9.0152981189E-03    1.2438159899E-02
    2.7500100000E-01    8.8505470299E-03    1.2528131632E-02
    2.7600100000E-01    8.6890086701E-03    1.2618716009E-02
    2.7700100000E-01    8.5306162338E-03    1.2709915576E-02
    2.7800100000E-01    8.3753043823E-03    1.2801732887E-02
    2.7900100000E-01    8.2230092105E-03    1.2894170493E-02
    2.8000100000E-01    8.0736682143E-03    1.2987230950E-02
    2.8100100000E-01    7.9272202587E-03    1.3080916816E-02
    2.8200100000E-01    7.7836055465E-03    1.3175230650E-02
    2.8300100000E-01    7.6427655880E-03    1.3270175013E-02
    2.8400100000E-01    7.5046431708E-03    1.3365752469E-02
    2.8500100000E-01    7.3691823316E-03    1.3461965584E-02
    2.8600100000E-01    7.2363283268E-03    1.3558816923E-02
    2.8700100000E-01    7.1060276056E-03    1.3656309058E-02
    2.8800100000E-01    6.9782277823E-03    1.3754444558E-02
    2.8900100000E-01    6.8528776101E-03    1.3853225997E-02
    2.9000100000E-01    6.7299269554E-03    1.3952655950E-02
    2.9100100000E-01    6.6093267722E-03    1.4052736993E-02
    2.9200100000E-01    6.4910290775E-03    1.4153471704E-02
    2.9300100000E-01    6.3749869276E-03    1.4254862663E-02
    2.9400100000E-01    6.2611543939E-03    1.4356912452E-02
    2.9500100000E-01    6.1494865406E-03    1.4459623655E-02
    2.9600100000E-01    6.0399394015E-03    1.4562998856E-02
    2.9700100000E-01    5.9324699588E-03    1.4667040642E-02
    2.9800100000E-01    5.8270361212E-03    1.4771751602E-02
    2.9900100000E-01    5.7235967031E-03    1.4877134324E-02
    3.0000100000E-01    5.6221114042E-03    1.4983191402E-02
    3.0100100000E-01    5.5225407894E-03    1.5089925426E-02
    3.0200100000E-01    5.4248462695E-03    1.5197338993E-02
    3.0300100000E-01    5.3289900819E-03    1.5305434697E-02
    3.0400100000E-01    5.2349352722E-03    1.5414215135E-02
    3.0500100000E-01    5.1426456760E-03    1.5523682908E-02
    3.0600100000E-01    5.0520859010E-03    1.5633840614E-02
    3.0700100000E-01    4.9632213098E-03    1.5744690855E-02
    3.0800100000E-01    4.8760180029E-03    1.5856236234E-02
    3.0900100000E-01    4.7904428021E-03    1.5968479354E-02
    3.1000100000E-01    4.7064632344E-03    1.6081422822E-02
    3.1100100000E-01    4.6240475164E-03    1.6195069244E-02
    3.1200100000E-01    4.5431645385E-03    1.6309421228E-02
    3.1300100000E-01    4.4637838501E-03    1.6424481382E-02
    3.1400100000E-01    4.3858756447E-03    1.6540252318E-02
    3.1500100000E-01    4.3094107459E-03    1.6656736646E-02
    3.1600100000E-01    4.2343605929E-03    1.6773936980E-02
    3.1700100000E-01    4.1606972270E-03    1.6891855932E-02
    3.1800100000E-01    4.0883932782E-03    1.7010496118E-02
    3.1900100000E-01    4.0174219523E-03    1.7129860154E-02
    3.2000100000E-01    3.9477570175E-03    1.7249950657E-02
    3.2100100000E-01    3.8793727928E-03    1.7370770244E-02
    3.2200100000E-01    3.8122441351E-03    1.7492321535E-02
    3.2300100000E-01    3.7463464274E-03    1.7614607150E-02
    3.2400100000E-01    3.6816555676E-03    1.7737629709E-02
    3.2500100000E-01    3.6181479565E-03    1.7861391835E-02
    3.2600100000E-01    3.5558004871E-03    1.7985896150E-02
    3.2700100000E-01    3.4945905336E-03    1.8111145278E-02
    3.2800100000E-01    3.4344959409E-03    1.8237141844E-02
    3.2900100000E-01    3.3754950141E-03    1.8363888473E-02
    3.3000100000E-01    3.3175665086E-03    1.8491387792E-02
    3.3100100000E-01    3.2606896197E-03    1.8619642427E-02
    3.3200100000E-01    3.2048439736E-03    1.8748655007E-02
    3.3300100000E-01    3.1500096176E-03    1.8878428160E-02
    3.3400100000E-01    3.0961670109E-03    1.9008964515E-02
    3.3500100000E-01    3.0432970155E-03    1.9140266704E-02
    3.3600100000E-01    2.9913808876E-03    1.9272337356E-02
    3.3700100000E-01    2.9404002690E-03    1.9405179103E-02
    3.3800100000E-01    2.8903371785E-03    1.9538794578E-02
    3.3900100000E-01    2.8411740037E-03    1.9673186414E-02
    3.4000100000E-01    2.7928934932E-03    1.9808357244E-02
    3.4100100000E-01    2.7454787485E-03    1.9944309702E-02
    3.4200100000E-01    2.6989132165E-03    2.0081046423E-02
    3.4300100000E-01    2.6531806820E-03    2.0218570043E-02
    3.4400100000E-01    2.6082652602E-03    2.0356883197E-02
    3.4500100000E-01    2.5641513898E-03    2.0495988522E-02
    3.4600100000E-01    2.5208238259E-03    2.0635888654E-02
    3.4700100000E-01    2.4782676330E-03    2.0776586232E-02
    3.4800100000E-01    2.4364681787E-03    2.0918083894E-02
    3.4900100000E-01    2.3954111268E-03    2.1060384277E-02
    3.5000100000E-01    2.3550824312E-03    2.1203490021E-02
    3.5100100000E-01    2.3154683295E-03    2.1347403765E-02
    3.5200100000E-01    2.2765553368E-03    2.1492128148E-02
    3.5300100000E-01    2.2383302402E-03    2.1637665812E-02
    3.5400100000E-01    2.2007800925E-03    2.1784019396E-02
    3.5500100000E-01    2.1638922066E-03    2.1931191542E-02
    3.5600100000E-01    2.1276541503E-03    2.2079184890E-02
    3.5700100000E-01    2.0920537405E-03    2.2228002083E-02
    3.5800100000E-01    2.0570790378E-03    2.2377645761E-02
    3.5900100000E-01    2.0227183418E-03    2.2528118568E-02
    3.6000100000E-01    1.9889601855E-03    2.2679423146E-02
    3.6100100000E-01    1.9557933306E-03    2.2831562138E-02
    3.6200100000E-01    1.9232067627E-03    2.2984538186E-02
    3.6300100000E-01    1.8911896863E-03    2.3138353933E-02
    3.6400100000E-01    1.8597315205E-03    2.3293012025E-02
    3.6500100000E-01    1.8288218942E-03    2.3448515103E-02
    3.6600100000E-01    1.7984506418E-03    2.3604865811E-02
    3.6700100000E-01    1.7686077987E-03    2.3762066795E-02
    3.6800100000E-01    1.7392835974E-03    2.3920120697E-02
    3.6900100000E-01    1.7104684631E-03    2.4079030163E-02
    3.7000100000E-01    1.6821530095E-03    2.4238797836E-02
    3.7100100000E-01    1.6543280353E-03    2.4399426362E-02
    3.7200100000E-01    1.6269845199E-03    2.4560918384E-02
    3.7300100000E-01    1.6001136198E-03    2.4723276548E-02
    3.7400100000E-01    1.5737066651E-03    2.4886503498E-02
    3.7500100000E-01    1.5477551552E-03    2.5050601880E-02
    3.7600100000E-01    1.5222507563E-03    2.5215574337E-02
    3.7700100000E-01    1.4971852968E-03    2.5381423515E-02
    3.7800100000E-01    1.4725507648E-03    2.5548152060E-02
    3.7900100000E-01    1.4483393044E-03    2.5715762615E-02
    3.8000100000E-01    1.4245432125E-03    2.5884257826E-02
    3.8100100000E-01    1.4011549356E-03    2.6053640337E-02
    3.8200100000E-01    1.3781670668E-03    2.6223912794E-02
    3.8300100000E-01    1.3555723427E-03    2.6395077841E-02
    3.8400100000E-01    1.3333636406E-03    2.6567138123E-02
    3.8500100000E-01    1.3115339753E-03    2.6740096284E-02
    3.8600100000E-01    1.2900764963E-03    2.6913954970E-02
    3.8700100000E-01    1.2689844855E-03    2.7088716823E-02
    3.8800100000E-01    1.2482513539E-03    2.7264384490E-02
    3.8900100000E-01    1.2278706392E-03    2.7440960613E-02
    3.9000100000E-01    1.2078360032E-03    2.7618447837E-02
    3.9100100000E-01    1.1881412294E-03    2.7796848806E-02
    3.9200100000E-01    1.1687802201E-03    2.7976166163E-02
    3.9300100000E-01    1.1497469944E-03    2.8156402552E-02
    3.9400100000E-01    1.1310356856E-03    2.8337560616E-02
    3.9500100000E-01    1.1126405389E-03    2.8519642998E-02
    3.9600100000E-01    1.0945559093E-03    2.8702652342E-02
    3.9700100000E-01    1.0767762590E-03    2.8886591290E-02
    3.9800100000E-01    1.0592961557E-03    2.9071462483E-02
    3.9900100000E-01    1.0421102699E-03    2.9257268565E-02
    4.0000100000E-01    1.0252133733E-03    2.9444012178E-02
    4.0100100000E-01    1.0086003367E-03    2.9631695962E-02
    4.0200100000E-01    9.9226612756E-04    2.9820322559E-02
    4.0300100000E-01    9.7620580870E-04    3.0009894611E-02
    4.0400100000E-01    9.6041453585E-04    3.0200414758E-02
    4.0500100000E-01    9.4488755605E-04    3.0391885640E-02
    4.0600100000E-01    9.2962020573E-04    3.0584309897E-02
    4.0700100000E-01    9.1460790896E-04    3.0777690170E-02
    4.0800100000E-01    8.9984617565E-04    3.0972029098E-02
    4.0900100000E-01    8.8533059985E-04    3.1167329319E-02
    4.1000100000E-01    8.7105685809E-04    3.1363593473E-02
    4.1100100000E-01    8.5702070770E-04    3.1560824197E-02
    4.1200100000E-01    8.4321798522E-04    3.1759024129E-02
    4.1300100000E-01    8.2964460482E-04    3.1958195908E-02
    4.1400100000E-01    8.1629655674E-04    3.2158342170E-02
    4.1500100000E-01    8.0316990583E-04    3.2359465552E-02
    4.1600100000E-01    7.9026078999E-04    3.2561568690E-02
    4.1700100000E-01    7.7756541879E-04    3.2764654219E-02
    4.1800100000E-01    7.6508007204E-04    3.2968724777E-02
    4.1900100000E-01    7.5280109838E-04    3.3173782996E-02
    4.2000100000E-01    7.4072491394E-04    3.3379831512E-02
    4.2100100000E-01    7.2884800099E-04    3.3586872958E-02
    4.2200100000E-01    7.1716690667E-04    3.3794909969E-02
    4.2300100000E-01    7.0567824169E-04    3.4003945176E-02
    4.2400100000E-01    6.9437867910E-04    3.4213981214E-02
    4.2500100000E-01    6.8326495305E-04    3.4425020712E-02
    4.2600100000E-01    6.7233385759E-04    3.4637066305E-02
    4.2700100000E-01    6.6158224554E-04    3.4850120621E-02
    4.2800100000E-01    6.5100702729E-04    3.5064186291E-02
    4.2900100000E-01    6.4060516970E-04    3.5279265947E-02
    4.3000100000E-01    6.3037369501E-04    3.5495362215E-02
    4.3100100000E-01    6.2030967974E-04    3.5712477727E-02
    4.3200100000E-01    6.1041025366E-04    3.5930615109E-02
    4.3300100000E-01    6.0067259873E-04    3.6149776990E-02
    4.3400100000E-01    5.9109394811E-04    3.6369965996E-02
    4.3500100000E-01    5.8167158517E-04    3.6591184754E-02
    4.3600100000E-01    5.7240284248E-04    3.6813435890E-02
    4.3700100000E-01    5.6328510093E-04    3.7036722029E-02
    4.3800100000E-01    5.5431578872E-04    3.7261045797E-02
    4.3900100000E-01    5.4549238051E-04    3.7486409816E-02
    4.4000100000E-01    5.3681239650E-04    3.7712816710E-02
    4.4100100000E-01    5.2827340155E-04    3.7940269103E-02
    4.4200100000E-01    5.1987300434E-04    3.8168769616E-02
    4.4300100000E-01    5.1160885652E-04    3.8398320871E-02
    4.4400100000E-01    5.0347865188E-04    3.8628925489E-02
    4.4500100000E-01    4.9548012555E-04    3.8860586090E-02
    4.4600100000E-01    4.8761105324E-04    3.9093305294E-02
    4.4700100000E-01    4.7986925042E-04    3.9327085720E-02
    4.4800100000E-01    4.7225257157E-04    3.9561929985E-02
    4.4900100000E-01    4.6475890948E-04    3.9797840708E-02
    4.5000100000E-01    4.5738619446E-04    4.0034820504E-02
    4.5100100000E-01    4.5013239370E-04    4.0272871992E-02
    4.5200100000E-01    4.4299551051E-04    4.0511997785E-02
    4.5300100000E-01    4.3597358364E-04    4.0752200499E-02
    4.5400100000E-01    4.2906468666E-04    4.0993482748E-02
    4.5500100000E-01    4.2226692725E-04    4.1235847144E-02
    4.5600100000E-01    4.1557844659E-04    4.1479296302E-02
    4.5700100000E-01    4.0899741872E-04    4.1723832832E-02
    4.5800100000E-01    4.0252204989E-04    4.1969459346E-02
    4.5900100000E-01    3.9615057802E-04    4.2216178454E-02
    4.6000100000E-01    3.8988127204E-04    4.2463992766E-02
    4.6100100000E-01    3.8371243136E-04    4.2712904891E-02
    4.6200100000E-01    3.7764238526E-04    4.2962917436E-02
    4.6300100000E-01    3.7166949236E-04    4.3214033010E-02
    4.6400100000E-01    3.6579214005E-04    4.3466254220E-02
    4.6500100000E-01    3.6000874398E-04    4.3719583670E-02
    4.6600100000E-01    3.5431774750E-04    4.3974023966E-02
    4.6700100000E-01    3.4871762118E-04    4.4229577713E-02
    4.6800100000E-01    3.4320686227E-04    4.4486247514E-02
    4.6900100000E-01    3.3778399423E-04    4.4744035972E-02
    4.7000100000E-01    3.3244756624E-04    4.5002945688E-02
    4.7100100000E-01    3.2719615271E-04    4.5262979265E-02
    4.7200100000E-01    3.2202835283E-04    4.5524139301E-02
    4.7300100000E-01    3.1694279010E-04    4.5786428398E-02
    4.7400100000E-01    3.1193811190E-04    4.6049849154E-02
    4.7500100000E-01    3.0701298901E-04    4.6314404166E-02
    4.7600100000E-01    3.0216611523E-04    4.6580096032E-02
    4.7700100000E-01    2.9739620693E-04    4.6846927348E-02
    4.7800100000E-01    2.9270200262E-04    4.7114900710E-02
    4.7900100000E-01    2.8808226260E-04    4.7384018712E-02
    4.8000100000E-01    2.8353576848E-04    4.7654283948E-02
    4.8100100000E-01    2.7906132286E-04    4.7925699012E-02
    4.8200100000E-01    2.7465774892E-04    4.8198266495E-02
    4.8300100000E-01    2.7032389004E-04    4.8471988989E-02
    4.8400100000E-01    2.6605860942E-04    4.8746869084E-02
    4.8500100000E-01    2.6186078977E-04    4.9022909370E-02
    4.8600100000E-01    2.5772933290E-04    4.9300112436E-02
    4.8700100000E-01    2.5366315938E-04    4.9578480870E-02
    4.8800100000E-01    2.4966120824E-04    4.9858017258E-02
    4.8900100000E-01    2.4572243661E-04    5.0138724187E-02
    4.9000100000E-01    2.4184581936E-04    5.0420604242E-02
    4.9100100000E-01    2.3803034885E-04    5.0703660009E-02
    4.9200100000E-01    2.3427503454E-04    5.0987894069E-02
    4.9300100000E-01    2.3057890274E-04    5.1273309007E-02
    4.9400100000E-01    2.2694099627E-04    5.1559907404E-02
    4.9500100000E-01    2.2336037420E-04    5.1847691841E-02
    4.9600100000E-01    2.1983611149E-04    5.2136664899E-02
    4.9700100000E-01    2.1636729880E-04    5.2426829155E-02
    4.9800100000E-01    2.1295304211E-04    5.2718187190E-02
    4.9900100000E-01    2.0959246252E-04    5.3010741580E-02
    5.0000100000E-01    2.0628469596E-04    5.3304494902E-02
    5.0100100000E-01    2.0302889289E-04    5.3599449731E-02
    5.0200100000E-01    1.9982421808E-04    5.3895608642E-02
    5.0300100000E-01    1.9666985036E-04    5.4192974210E-02
    5.0400100000E-01    1.9356498232E-04    5.4491549008E-02
    5.0500100000E-01    1.9050882013E-04    5.4791335606E-02
    5.0600100000E-01    1.8750058324E-04    5.5092336577E-02
    5.0700100000E-01    1.8453950419E-04    5.5394554491E-02
    5.0800100000E-01    1.8162482834E-04    5.5697991917E-02
    5.0900100000E-01    1.7875581369E-04    5.6002651424E-02
    5.1000100000E-01    1.7593173060E-04    5.6308535580E-02
    5.1100100000E-01    1.7315186161E-04    5.6615646950E-02
    5.1200100000E-01    1.7041550122E-04    5.6923988101E-02
    5.1300100000E-01    1.6772195568E-04    5.7233561598E-02
    5.1400100000E-01    1.6507054275E-04    5.7544370004E-02
    5.1500100000E-01    1.6246059155E-04    5.7856415883E-02
    5.1600100000E-01    1.5989144233E-04    5.8169701797E-02
    5.1700100000E-01    1.5736244628E-04    5.8484230306E-02
    5.1800100000E-01    1.5487296533E-04    5.8800003972E-02
    5.1900100000E-01    1.5242237198E-04    5.9117025353E-02
    5.2000100000E-01    1.5001004910E-04    5.9435297008E-02
    5.2100100000E-01    1.4763538976E-04    5.9754821494E-02
    5.2200100000E-01    1.4529779704E-04    6.0075601368E-02
    5.2300100000E-01    1.4299668386E-04    6.0397639186E-02
    5.2400100000E-01    1.4073147283E-04    6.0720937503E-02
    5.2500100000E-01    1.3850159603E-04    6.1045498871E-02
    5.2600100000E-01    1.3630649490E-04    6.1371325845E-02
    5.2700100000E-01    1.3414562005E-04    6.1698420975E-02
    5.2800100000E-01    1.3201843110E-04    6.2026786814E-02
    5.2900100000E-01    1.2992439655E-04    6.2356425910E-02
    5.3000100000E-01    1.2786299358E-04    6.2687340814E-02
    5.3100100000E-01    1.2583370793E-04    6.3019534073E-02
    5.3200100000E-01    1.2383603377E-04    6.3353008235E-02
    5.3300100000E-01    1.2186947352E-04    6.3687765847E-02
    5.3400100000E-01    1.1993353771E-04    6.4023809452E-02
    5.3500100000E-01    1.1802774488E-04    6.4361141597E-02
    5.3600100000E-01    1.1615162138E-04    6.4699764825E-02
    5.3700100000E-01    1.1430470129E-04    6.5039681678E-02
    5.3800100000E-01    1.1248652628E-04    6.5380894698E-02
    5.3900100000E-01    1.1069664543E-04    6.5723406425E-02
    5.4000100000E-01    1.0893461517E-04    6.6067219401E-02
    5.4100100000E-01    1.0719999912E-04    6.6412336163E-02
    5.4200100000E-01    1.0549236797E-04    6.6758759249E-02
    5.4300100000E-01    1.0381129936E-04    6.7106491198E-02
    5.4400100000E-01    1.0215637776E-04    6.7455534544E-02
    5.4500100000E-01    1.0052719437E-04    6.7805891822E-02
    5.4600100000E-01    9.8923346971E-05    6.8157565569E-02
    5.4700100000E-01    9.7344439853E-05    6.8510558315E-02
    5.4800100000E-01    9.5790083678E-05    6.8864872595E-02
    5.4900100000E-01    9.4259895383E-05    6.9220510939E-02
    5.5000100000E-01    9.2753498070E-05    6.9577475878E-02
    5.5100100000E-01    9.1270520901E-05    6.9935769942E-02
    5.5200100000E-01    8.9810598999E-05    7.0295395659E-02
    5.5300100000E-01    8.8373373344E-05    7.0656355557E-02
    5.5400100000E-01    8.6958490678E-05    7.1018652163E-02
    5.5500100000E-01    8.5565603404E-05    7.1382288002E-02
    5.5600100000E-01    8.4194369491E-05    7.1747265601E-02
    5.5700100000E-01    8.2844452385E-05    7.2113587482E-02
    5.5800100000E-01    8.1515520911E-05    7.2481256169E-02
    5.5900100000E-01    8.0207249186E-05    7.2850274184E-02
    5.6000100000E-01    7.8919316532E-05    7.3220644049E-02
    5.6100100000E-01    7.7651407383E-05    7.3592368283E-02
    5.6200100000E-01    7.6403211207E-05    7.3965449407E-02
    5.6300100000E-01    7.5174422415E-05    7.4339889938E-02
    5.6400100000E-01    7.3964740282E-05    7.4715692395E-02
    5.6500100000E-01    7.2773868866E-05    7.5092859293E-02
    5.6600100000E-01    7.1601516928E-05    7.5471393150E-02
    5.6700100000E-01    7.0447397852E-05    7.5851296479E-02
    5.6800100000E-01    6.9311229571E-05    7.6232571794E-02
    5.6900100000E-01    6.8192734488E-05    7.6615221610E-02
    5.7000100000E-01    6.7091639405E-05    7.6999248437E-02
    5.7100100000E-01    6.6007675448E-05    7.7384654787E-02
    5.7200100000E-01    6.4940577997E-05    7.7771443170E-02
    5.7300100000E-01    6.3890086614E-05    7.8159616095E-02
    5.7400100000E-01    6.2855944974E-05    7.8549176072E-02
    5.7500100000E-01    6.1837900800E-05    7.8940125607E-02
    5.7600100000E-01    6.0835705790E-05    7.9332467208E-02
    5.7700100000E-01    5.9849115560E-05    7.9726203380E-02
    5.7800100000E-01    5.8877889569E-05    8.0121336627E-02
    5.7900100000E-01    5.7921791068E-05    8.0517869455E-02
    5.8000100000E-01    5.6980587025E-05    8.0915804365E-02
    5.8100100000E-01    5.6054048075E-05    8.1315143861E-02
    5.8200100000E-01    5.5141948452E-05    8.1715890443E-02
    5.8300100000E-01    5.4244065935E-05    8.2118046612E-02
    5.8400100000E-01    5.3360181785E-05    8.2521614867E-02
    5.8500100000E-01    5.2490080695E-05    8.2926597707E-02
    5.8600100000E-01    5.1633550726E-05    8.3332997630E-02
    5.8700100000E-01    5.0790383258E-05    8.3740817132E-02
    5.8800100000E-01    4.9960372934E-05    8.4150058709E-02
    5.8900100000E-01    4.9143317605E-05    8.4560724857E-02
    5.9000100000E-01    4.8339018281E-05    8.4972818070E-02
    5.9100100000E-01    4.7547279075E-05    8.5386340840E-02
    5.9200100000E-01    4.6767907159E-05    8.5801295661E-02
    5.9300100000E-01    4.6000712708E-05    8.6217685024E-02
    5.9400100000E-01    4.5245508855E-05    8.6635511420E-02
    5.9500100000E-01    4.4502111642E-05    8.7054777338E-02
    5.9600100000E-01    4.3770339974E-05    8.7475485267E-02
    5.9700100000E-01    4.3050015569E-05    8.7897637696E-02
    5.9800100000E-01    4.2340962918E-05    8.8321237112E-02
    5.9900100000E-01    4.1643009235E-05    8.8746286000E-02
    6.0000100000E-01    4.0955984418E-05    8.9172786848E-02
    6.0100100000E-01    4.0279720999E-05    8.9600742138E-02
    6.0200100000E-01    3.9614054109E-05    9.0030154356E-02
    6.0300100000E-01    3.8958821433E-05    9.0461025984E-02
    6.0400100000E-01    3.8313863167E-05    9.0893359503E-02
    6.0500100000E-01    3.7679021980E-05    9.1327157396E-02
    6.0600100000E-01    3.7054142973E-05    9.1762422143E-02
    6.0700100000E-01    3.6439073643E-05    9.2199156223E-02
    6.0800100000E-01    3.5833663839E-05    9.2637362115E-02
    6.0900100000E-01    3.5237765730E-05    9.3077042297E-02
    6.1000100000E-01    3.4651233765E-05    9.3518199246E-02
    6.1100100000E-01    3.4073924637E-05    9.3960835437E-02
    6.1200100000E-01    3.3505697247E-05    9.4404953348E-02
    6.1300100000E-01    3.2946412668E-05    9.4850555451E-02
    6.1400100000E-01    3.2395934113E-05    9.5297644221E-02
    6.1500100000E-01    3.1854126899E-05    9.5746222131E-02
    6.1600100000E-01    3.1320858413E-05    9.6196291653E-02
    6.1700100000E-01    3.0795998080E-05    9.6647855257E-02
    6.1800100000E-01    3.0279417331E-05    9.7100915416E-02
    6.1900100000E-01    2.9770989569E-05    9.7555474597E-02
    6.2000100000E-01    2.9270590142E-05    9.8011535270E-02
    6.2100100000E-01    2.8778096308E-05    9.8469099903E-02
    6.2200100000E-01    2.8293387204E-05    9.8928170964E-02
    6.2300100000E-01    2.7816343823E-05    9.9388750918E-02
    6.2400100000E-01    2.7346848976E-05    9.9850842231E-02
    6.2500100000E-01    2.6884787270E-05    1.0031444737E-01
    6.2600100000E-01    2.6430045075E-05    1.0077956879E-01
    6.2700100000E-01    2.5982510501E-05    1.0124620897E-01
    6.2800100000E-01    2.5542073366E-05    1.0171437036E-01
    6.2900100000E-01    2.5108625170E-05    1.0218405543E-01
    6.3000100000E-01    2.4682059070E-05    1.0265526663E-01
    6.3100100000E-01    2.4262269856E-05    1.0312800643E-01
    6.3200100000E-01    2.3849153919E-05    1.0360227729E-01
    6.3300100000E-01    2.3442609230E-05    1.0407808166E-01
    6.3400100000E-01    2.3042535319E-05    1.0455542200E-01
    6.3500100000E-01    2.2648833240E-05    1.0503430077E-01
    6.3600100000E-01    2.2261405558E-05    1.0551472043E-01
    6.3700100000E-01    2.1880156320E-05    1.0599668342E-01
    6.3800100000E-01    2.1504991032E-05    1.0648019222E-01
    6.3900100000E-01    2.1135816636E-05    1.0696524926E-01
    6.4000100000E-01    2.0772541489E-05    1.0745185701E-01
    6.4100100000E-01    2.0415075342E-05    1.0794001791E-01
    6.4200100000E-01    2.0063329315E-05    1.0842973442E-01
    6.4300100000E-01    1.9717215877E-05    1.0892100899E-01
    6.4400100000E-01    1.9376648825E-05    1.0941384406E-01
    6.4500100000E-01    1.9041543266E-05    1.0990824210E-01
    6.4600100000E-01    1.8711815591E-05    1.1040420554E-01
    6.4700100000E-01    1.8387383461E-05    1.1090173684E-01
    6.4800100000E-01    1.8068165782E-05    1.1140083844E-01
    6.4900100000E-01    1.7754082691E-05    1.1190151278E-01
    6.5000100000E-01    1.7445055532E-05    1.1240376233E-01
    6.5100100000E-01    1.7141006839E-05    1.1290758951E-01
    6.5200100000E-01    1.6841860322E-05    1.1341299678E-01
    6.5300100000E-01    1.6547540839E-05    1.1391998658E-01
    6.5400100000E-01    1.6257974389E-05    1.1442856135E-01
    6.5500100000E-01    1.5973088088E-05    1.1493872353E-01
    6.5600100000E-01    1.5692810151E-05    1.1545047557E-01
    6.5700100000E-01    1.5417069881E-05    1.1596381990E-01
    6.5800100000E-01    1.5145797645E-05    1.1647875897E-01
    6.5900100000E-01    1.4878924864E-05    1.1699529522E-01
    6.6000100000E-01    1.4616383992E-05    1.1751343108E-01
    6.6100100000E-01    1.4358108503E-05    1.1803316900E-01
    6.6200100000E-01    1.4104032874E-05    1.1855451141E-01
    6.6300100000E-01    1.3854092569E-05    1.1907746075E-01
    6.6400100000E-01    1.3608224026E-05    1.1960201945E-01
    6.6500100000E-01    1.3366364642E-05    1.2012818995E-01
    6.6600100000E-01    1.3128452753E-05    1.2065597468E-01
    6.6700100000E-01    1.2894427628E-05    1.2118537609E-01
    6.6800100000E-01    1.2664229448E-05    1.2171639659E-01
    6.6900100000E-01    1.2437799295E-05    1.2224903863E-01
    6.7000100000E-01    1.2215079139E-05    1.2278330464E-01
    6.7100100000E-01    1.1996011820E-05    1.2331919705E-01
    6.7200100000E-01    1.1780541042E-05    1.2385671829E-01
    6.7300100000E-01    1.1568611353E-05    1.2439587079E-01
    6.7400100000E-01    1.1360168134E-05    1.2493665698E-01
    6.7500100000E-01    1.1155157590E-05    1.2547907929E-01
    6.7600100000E-01    1.0953526732E-05    1.2602314015E-01
    6.7700100000E-01    1.0755223369E-05    1.2656884198E-01
    6.7800100000E-01    1.0560196093E-05    1.2711618721E-01
    6.7900100000E-01    1.0368394268E-05    1.2766517828E-01
    6.8000100000E-01    1.0179768019E-05    1.2821581759E-01
    6.8100100000E-01    9.9942682208E-06    1.2876810759E-01
    6.8200100000E-01    9.8118464847E-06    1.2932205070E-01
    6.8300100000E-01    9.6324551483E-06    1.2987764933E-01
    6.8400100000E-01    9.4560472651E-06    1.3043490591E-01
    6.8500100000E-01    9.2825765928E-06    1.3099382288E-01
    6.8600100000E-01    9.1119975831E-06    1.3155440263E-01
    6.8700100000E-01    8.9442653709E-06    1.3211664761E-01
    6.8800100000E-01    8.7793357643E-06    1.3268056023E-01
    6.8900100000E-01    8.6171652342E-06    1.3324614291E-01
    6.9000100000E-01    8.4577109042E-06    1.3381339807E-01
    6.9100100000E-01    8.3009305412E-06    1.3438232814E-01
    6.9200100000E-01    8.1467825449E-06    1.3495293552E-01
    6.9300100000E-01    7.9952259391E-06    1.3552522264E-01
    6.9400100000E-01    7.8462203619E-06    1.3609919191E-01
    6.9500100000E-01    7.6997260562E-06    1.3667484576E-01
    6.9600100000E-01    7.5557038611E-06    1.3725218660E-01
    6.9700100000E-01    7.4141152027E-06    1.3783121684E-01
    6.9800100000E-01    7.2749220850E-06    1.3841193890E-01
    6.9900100000E-01    7.1380870819E-06    1.3899435520E-01
    7.0000100000E-01    7.0035733277E-06    1.3957846814E-01
    7.0100100000E-01    6.8713445095E-06    1.4016428015E-01
    7.0200100000E-01    6.7413648587E-06    1.4075179364E-01
    7.0300100000E-01    6.6135991424E-06    1.4134101102E-01
    7.0400100000E-01    6.4880126559E-06    1.4193193470E-01
    7.0500100000E-01    6.3645712146E-06    1.4252456709E-01
    7.0600100000E-01    6.2432411462E-06    1.4311891061E-01
    7.0700100000E-01    6.1239892828E-06    1.4371496766E-01
    7.0800100000E-01    6.0067829538E-06    1.4431274066E-01
    7.0900100000E-01    5.8915899783E-06    1.4491223202E-01
    7.1000100000E-01    5.7783786574E-06    1.4551344414E-01
    7.1100100000E-01    5.6671177676E-06    1.4611637943E-01
    7.1200100000E-01    5.5577765534E-06    1.4672104030E-01
    7.1300100000E-01    5.4503247200E-06    1.4732742916E-01
    7.1400100000E-01    5.3447324272E-06    1.4793554842E-01
    7.1500100000E-01    5.2409702820E-06    1.4854540048E-01
    7.1600100000E-01    5.1390093319E-06    1.4915698775E-01
    7.1700100000E-01    5.0388210588E-06    1.4977031264E-01
    7.1800100000E-01    4.9403773722E-06    1.5038537754E-01
    7.1900100000E-01    4.8436506029E-06    1.5100218487E-01
    7.2000100000E-01    4.7486134967E-06    1.5162073703E-01
    7.2100100000E-01    4.6552392083E-06    1.5224103642E-01
    7.2200100000E-01    4.5635012951E-06    1.5286308544E-01
    7.2300100000E-01    4.4733737116E-06    1.5348688651E-01
    7.2400100000E-01    4.3848308028E-06    1.5411244201E-01
    7.2500100000E-01    4.2978472990E-06    1.5473975436E-01
    7.2600100000E-01    4.2123983100E-06    1.5536882596E-01
    7.2700100000E-01    4.1284593191E-06    1.5599965920E-01
    7.2800100000E-01    4.0460061779E-06    1.5663225649E-01
    7.2900100000E-01    3.9650151009E-06    1.5726662022E-01
    7.3000100000E-01    3.8854626597E-06    1.5790275280E-01
    7.3100100000E-01    3.8073257784E-06    1.5854065663E-01
    7.3200100000E-01    3.7305817275E-06    1.5918033410E-01
    7.3300100000E-01    3.6552081195E-06    1.5982178762E-01
    7.3400100000E-01    3.5811829035E-06    1.6046501958E-01
    7.3500100000E-01    3.5084843605E-06    1.6111003237E-01
    7.3600100000E-01    3.4370910979E-06    1.6175682841E-01
    7.3700100000E-01    3.3669820454E-06    1.6240541007E-01
    7.3800100000E-01    3.2981364497E-06    1.6305577977E-01
    7.3900100000E-01    3.2305338703E-06    1.6370793989E-01
    7.4000100000E-01    3.1641541742E-06    1.6436189284E-01
    7.4100100000E-01    3.0989775321E-06    1.6501764100E-01
    7.4200100000E-01    3.0349844134E-06    1.6567518677E-01
    7.4300100000E-01    2.9721555821E-06    1.6633453255E-01
    7.4400100000E-01    2.9104720923E-06    1.6699568074E-01
    7.4500100000E-01    2.8499152838E-06    1.6765863371E-01
    7.4600100000E-01    2.7904667783E-06    1.6832339387E-01
    7.4700100000E-01    2.7321084748E-06    1.6898996362E-01
    7.4800100000E-01    2.6748225459E-06    1.6965834533E-01
    7.4900100000E-01    2.6185914333E-06    1.7032854142E-01
    7.5000100000E-01    2.5633978445E-06    1.7100055426E-01
    7.5100100000E-01    2.5092247481E-06    1.7167438625E-01
    7.5200100000E-01    2.4560553706E-06    1.7235003978E-01
    7.5300100000E-01    2.4038731924E-06    1.7302751724E-01
    7.5400100000E-01    2.3526619440E-06    1.7370682102E-01
    7.5500100000E-01    2.3024056023E-06    1.7438795352E-01
    7.5600100000E-01    2.2530883871E-06    1.7507091711E-01
    7.5700100000E-01    2.2046947576E-06    1.7575571420E-01
    7.5800100000E-01    2.1572094084E-06    1.7644234717E-01
    7.5900100000E-01    2.1106172669E-06    1.7713081841E-01
    7.6000100000E-01    2.0649034889E-06    1.7782113030E-01
    7.6100100000E-01    2.0200534562E-06    1.7851328525E-01
    7.6200100000E-01    1.9760527724E-06    1.7920728562E-01
    7.6300100000E-01    1.9328872603E-06    1.7990313382E-01
    7.6400100000E-01    1.8905429584E-06    1.8060083223E-01
    7.6500100000E-01    1.8490061179E-06    1.8130038323E-01
    7.6600100000E-01    1.8082631992E-06    1.8200178922E-01
    7.6700100000E-01    1.7683008694E-06    1.8270505257E-01
    7.6800100000E-01    1.7291059988E-06    1.8341017568E-01
    7.6900100000E-01    1.6906656580E-06    1.8411716093E-01
    7.7000100000E-01    1.6529671154E-06    1.8482601071E-01
    7.7100100000E-01    1.6159978336E-06    1.8553672740E-01
    7.7200100000E-01    1.5797454671E-06    1.8624931339E-01
    7.7300100000E-01    1.5441978593E-06    1.8696377105E-01
    7.7400100000E-01    1.5093430398E-06    1.8768010279E-01
    7.7500100000E-01    1.4751692215E-06    1.8839831097E-01
    7.7600100000E-01    1.4416647981E-06    1.8911839799E-01
    7.7700100000E-01    1.4088183414E-06    1.8984036622E-01
    7.7800100000E-01    1.3766185985E-06    1.9056421805E-01
    7.7900100000E-01    1.3450544898E-06    1.9128995587E-01
    7.8000100000E-01    1.3141151058E-06    1.9201758206E-01
    7.8100100000E-01    1.2837897049E-06    1.9274709899E-01
    7.8200100000E-01    1.2540677111E-06    1.9347850906E-01
    7.8300100000E-01    1.2249387112E-06    1.9421181463E-01
    7.8400100000E-01    1.1963924529E-06    1.9494701811E-01
    7.8500100000E-01    1.1684188420E-06    1.9568412186E-01
    7.8600100000E-01    1.1410079403E-06    1.9642312827E-01
    7.8700100000E-01    1.1141499633E-06    1.9716403972E-01
    7.8800100000E-01    1.0878352781E-06    1.9790685859E-01
    7.8900100000E-01    1.0620544008E-06    1.9865158726E-01
    7.9000100000E-01    1.0367979946E-06    1.9939822811E-01
    7.9100100000E-01    1.0120568678E-06    2.0014678353E-01
    7.9200100000E-01    9.8782197129E-07    2.0089725588E-01
    7.9300100000E-01    9.6408439670E-07    2.0164964756E-01
    7.9400100000E-01    9.4083537435E-07    2.0240396094E-01
    7.9500100000E-01    9.1806627112E-07    2.0316019841E-01
    7.9600100000E-01    8.9576858857E-07    2.0391836233E-01
    7.9700100000E-01    8.7393396086E-07    2.0467845509E-01
    7.9800100000E-01    8.5255415291E-07    2.0544047907E-01
    7.9900100000E-01    8.3162105841E-07    2.0620443664E-01
    8.0000100000E-01    8.1112669800E-07    2.0697033020E-01
    8.0100100000E-01    7.9106321737E-07    2.0773816210E-01
    8.0200100000E-01    7.7142288546E-07    2.0850793474E-01
    8.0300100000E-01    7.5219809265E-07    2.0927965049E-01
    8.0400100000E-01    7.3338134899E-07    2.1005331172E-01
    8.0500100000E-01    7.1496528243E-07    2.1082892082E-01
    8.0600100000E-01    6.9694263712E-07    2.1160648016E-01
    8.0700100000E-01    6.7930627173E-07    2.1238599212E-01
    8.0800100000E-01    6.6204915770E-07    2.1316745908E-01
    8.0900100000E-01    6.4516437770E-07    2.1395088342E-01
    8.1000100000E-01    6.2864512388E-07    2.1473626750E-01
    8.1100100000E-01    6.1248469640E-07    2.1552361371E-01
    8.1200100000E-01    5.9667650175E-07    2.1631292443E-01
    8.1300100000E-01    5.8121405123E-07    2.1710420202E-01
    8.1400100000E-01    5.6609095943E-07    2.1789744888E-01
    8.1500100000E-01    5.5130094270E-07    2.1869266736E-01
    8.1600100000E-01    5.3683781767E-07    2.1948985985E-01
    8.1700100000E-01    5.2269549978E-07    2.2028902873E-01
    8.1800100000E-01    5.0886800183E-07    2.2109017637E-01
    8.1900100000E-01    4.9534943257E-07    2.2189330514E-01
    8.2000100000E-01    4.8213399528E-07    2.2269841742E-01
    8.2100100000E-01    4.6921598639E-07    2.2350551559E-01
    8.2200100000E-01    4.5658979413E-07    2.2431460203E-01
    8.2300100000E-01    4.4424989714E-07    2.2512567909E-01
    8.2400100000E-01    4.3219086322E-07    2.2593874917E-01
    8.2500100000E-01    4.2040734795E-07    2.2675381464E-01
    8.2600100000E-01    4.0889409344E-07    2.2757087787E-01
    8.2700100000E-01    3.9764592709E-07    2.2838994123E-01
    8.2800100000E-01    3.8665776026E-07    2.2921100710E-01
    8.2900100000E-01    3.7592458711E-07    2.3003407786E-01
    8.3000100000E-01    3.6544148336E-07    2.3085915588E-01
    8.3100100000E-01    3.5520360510E-07    2.3168624353E-01
    8.3200100000E-01    3.4520618758E-07    2.3251534318E-01
    8.3300100000E-01    3.3544454411E-07    2.3334645722E-01
    8.3400100000E-01    3.2591406484E-07    2.3417958802E-01
    8.3500100000E-01    3.1661021568E-07    2.3501473794E-01
    8.3600100000E-01    3.0752853719E-07    2.3585190937E-01
    8.3700100000E-01    2.9866464346E-07    2.3669110468E-01
    8.3800100000E-01    2.9001422101E-07    2.3753232623E-01
    8.3900100000E-01    2.8157302780E-07    2.3837557641E-01
    8.4000100000E-01    2.7333689208E-07    2.3922085759E-01
    8.4100100000E-01    2.6530171145E-07    2.4006817214E-01
    8.4200100000E-01    2.5746345176E-07    2.4091752243E-01
    8.4300100000E-01    2.4981814617E-07    2.4176891085E-01
    8.4400100000E-01    2.4236189409E-07    2.4262233975E-01
    8.4500100000E-01    2.3509086029E-07    2.4347781152E-01
    8.4600100000E-01    2.2800127384E-07    2.4433532852E-01
    8.4700100000E-01    2.2108942725E-07    2.4519489314E-01
    8.4800100000E-01    2.1435167547E-07    2.4605650774E-01
    8.4900100000E-01    2.0778443500E-07    2.4692017470E-01
    8.5000100000E-01    2.0138418296E-07    2.4778589639E-01
    8.5100100000E-01    1.9514745624E-07    2.4865367519E-01
    8.5200100000E-01    1.8907085054E-07    2.4952351346E-01
    8.5300100000E-01    1.8315101958E-07    2.5039541358E-01
    8.5400100000E-01    1.7738467418E-07    2.5126937792E-01
    8.5500100000E-01    1.7176858147E-07    2.5214540885E-01
    8.5600100000E-01    1.6629956399E-07    2.5302350876E-01
    8.5700100000E-01    1.6097449894E-07    2.5390368000E-01
    8.5800100000E-01    1.5579031731E-07    2.5478592496E-01
    8.5900100000E-01    1.5074400312E-07    2.5567024600E-01
    8.6000100000E-01    1.4583259261E-07    2.5655664550E-01
    8.6100100000E-01    1.4105317349E-07    2.5744512584E-01
    8.6200100000E-01    1.3640288415E-07    2.5833568938E-01
    8.6300100000E-01    1.3187891293E-07    2.5922833849E-01
    8.6400100000E-01    1.2747849733E-07    2.6012307556E-01
    8.6500100000E-01    1.2319892335E-07    2.6101990294E-01
    8.6600100000E-01    1.1903752472E-07    2.6191882303E-01
    8.6700100000E-01    1.1499168218E-07    2.6281983818E-01
    8.6800100000E-01    1.1105882282E-07    2.6372295077E-01
    8.6900100000E-01    1.0723641936E-07    2.6462816317E-01
    8.7000100000E-01    1.0352198947E-07    2.6553547776E-01
    8.7100100000E-01    9.9913095106E-08    2.6644489691E-01
    8.7200100000E-01    9.6407341846E-08    2.6735642299E-01
    8.7300100000E-01    9.3002378239E-08    2.6827005838E-01
    8.7400100000E-01    8.9695895157E-08    2.6918580544E-01
    8.7500100000E-01    8.6485625164E-08    2.7010366655E-01
    8.7600100000E-01    8.3369341889E-08    2.7102364408E-01
    8.7700100000E-01    8.0344859416E-08    2.7194574041E-01
    8.7800100000E-01    7.7410031666E-08    2.7286995791E-01
    8.7900100000E-01    7.4562751809E-08    2.7379629894E-01
    8.8000100000E-01    7.1800951666E-08    2.7472476589E-01
    8.8100100000E-01    6.9122601134E-08    2.7565536113E-01
    8.8200100000E-01    6.6525707605E-08    2.7658808703E-01
    8.8300100000E-01    6.4008315407E-08    2.7752294596E-01
    8.8400100000E-01    6.1568505244E-08    2.7845994029E-01
    8.8500100000E-01    5.9204393648E-08    2.7939907241E-01
    8.8600100000E-01    5.6914132436E-08    2.8034034467E-01
    8.8700100000E-01    5.4695908178E-08    2.8128375946E-01
    8.8800100000E-01    5.2547941668E-08    2.8222931915E-01
    8.8900100000E-01    5.0468487410E-08    2.8317702611E-01
    8.9000100000E-01    4.8455833102E-08    2.8412688271E-01
    8.9100100000E-01    4.6508299136E-08    2.8507889133E-01
    8.9200100000E-01    4.4624238098E-08    2.8603305435E-01
    8.9300100000E-01    4.2802034280E-08    2.8698937412E-01
    8.9400100000E-01    4.1040103198E-08    2.8794785304E-01
    8.9500100000E-01    3.9336891115E-08    2.8890849347E-01
    8.9600100000E-01    3.7690874570E-08    2.8987129778E-01
    8.9700100000E-01    3.6100559921E-08    2.9083626835E-01
    8.9800100000E-01    3.4564482883E-08    2.9180340755E-01
    8.9900100000E-01    3.3081208084E-08    2.9277271776E-01
    9.0000100000E-01    3.1649328618E-08    2.9374420135E-01
    9.0100100000E-01    3.0267465611E-08    2.9471786069E-01
    9.0200100000E-01    2.8934267790E-08    2.9569369816E-01
    9.0300100000E-01    2.7648411058E-08    2.9667171613E-01
    9.0400100000E-01    2.6408598077E-08    2.9765191698E-01
    9.0500100000E-01    2.5213557853E-08    2.9863430308E-01
    9.0600100000E-01    2.4062045335E-08    2.9961887680E-01
    9.0700100000E-01    2.2952841008E-08    3.0060564052E-01
    9.0800100000E-01    2.1884750504E-08    3.0159459661E-01
    9.0900100000E-01    2.0856604208E-08    3.0258574745E-01
    9.1000100000E-01    1.9867256878E-08    3.0357909542E-01
    9.1100100000E-01    1.8915587263E-08    3.0457464288E-01
    9.1200100000E-01    1.8000497734E-08    3.0557239221E-01
    9.1300100000E-01    1.7120913913E-08    3.0657234578E-01
    9.1400100000E-01    1.6275784316E-08    3.0757450598E-01
    9.1500100000E-01    1.5464079988E-08    3.0857887517E-01
    9.1600100000E-01    1.4684794158E-08    3.0958545573E-01
    9.1700100000E-01    1.3936941888E-08    3.1059425004E-01
    9.1800100000E-01    1.3219559733E-08    3.1160526047E-01
    9.1900100000E-01    1.2531705403E-08    3.1261848940E-01
    9.2000100000E-01    1.1872457430E-08    3.1363393920E-01
    9.2100100000E-01    1.1240914842E-08    3.1465161224E-01
    9.2200100000E-01    1.0636196838E-08    3.1567151091E-01
    9.2300100000E-01    1.0057442471E-08    3.1669363758E-01
    9.2400100000E-01    9.5038103354E-09    3.1771799462E-01
    9.2500100000E-01    8.9744782543E-09    3.1874458441E-01
    9.2600100000E-01    8.4686429773E-09    3.1977340933E-01
    9.2700100000E-01    7.9855198793E-09    3.2080447174E-01
    9.2800100000E-01    7.5243426639E-09    3.2183777404E-01
    9.2900100000E-01    7.0843630716E-09    3.2287331859E-01
    9.3000100000E-01    6.6648505920E-09    3.2391110778E-01
    9.3100100000E-01    6.2650921799E-09    3.2495114397E-01
    9.3200100000E-01    5.8843919759E-09    3.2599342954E-01
    9.3300100000E-01    5.5220710303E-09    3.2703796687E-01
    9.3400100000E-01    5.1774670318E-09    3.2808475834E-01
    9.3500100000E-01    4.8499340394E-09    3.2913380633E-01
    9.3600100000E-01    4.5388422184E-09    3.3018511321E-01
    9.3700100000E-01    4.2435775803E-09    3.3123868135E-01
    9.3800100000E-01    3.9635417260E-09    3.3229451314E-01
    9.3900100000E-01    3.6981515934E-09    3.3335261096E-01
    9.4000100000E-01    3.4468392077E-09    3.3441297717E-01
    9.4100100000E-01    3.2090514363E-09    3.3547561417E-01
    9.4200100000E-01    2.9842497462E-09    3.3654052431E-01
    9.4300100000E-01    2.7719099655E-09    3.3760770999E-01
    9.4400100000E-01    2.5715220483E-09    3.3867717359E-01
    9.4500100000E-01    2.3825898429E-09    3.3974891747E-01
    9.4600100000E-01    2.2046308627E-09    3.4082294402E-01
    9.4700100000E-01    2.0371760620E-09    3.4189925561E-01
    9.4800100000E-01    1.8797696129E-09    3.4297785463E-01
    9.4900100000E-01    1.7319686872E-09    3.4405874345E-01
    9.5000100000E-01    1.5933432407E-09    3.4514192446E-01
    9.5100100000E-01    1.4634758000E-09    3.4622740002E-01
    9.5200100000E-01    1.3419612539E-09    3.4731517252E-01
    9.5300100000E-01    1.2284066462E-09    3.4840524434E-01
    9.5400100000E-01    1.1224309725E-09    3.4949761785E-01
    9.5500100000E-01    1.0236649795E-09    3.5059229544E-01
    9.5600100000E-01    9.3175096748E-10    3.5168927949E-01
    9.5700100000E-01    8.4634259515E-10    3.5278857237E-01
    9.5800100000E-01    7.6710468790E-10    3.5389017646E-01
    9.5900100000E-01    6.9371304838E-10    3.5499409415E-01
    9.6000100000E-01    6.2585427000E-10    3.5610032781E-01
    9.6100100000E-01    5.6322555312E-10    3.5720887983E-01
    9.6200100000E-01    5.0553452381E-10    3.5831975258E-01
    9.6300100000E-01    4.5249905536E-10    3.5943294844E-01
    9.6400100000E-01    4.0384709224E-10    3.6054846979E-01
    9.6500100000E-01    3.5931647669E-10    3.6166631902E-01
    9.6600100000E-01    3.1865477781E-10    3.6278649851E-01
    9.6700100000E-01    2.8161912310E-10    3.6390901063E-01
    9.6800100000E-01    2.4797603245E-10    3.6503385777E-01
    9.6900100000E-01    2.1750125458E-10    3.6616104231E-01
    9.7000100000E-01    1.8997960577E-10    3.6729056662E-01
    9.7100100000E-01    1.6520481103E-10    3.6842243309E-01
    9.7200100000E-01    1.4297934749E-10    3.6955664411E-01
    9.7300100000E-01    1.2311429012E-10    3.7069320204E-01
    9.7400100000E-01    1.0542915970E-10    3.7183210928E-01
    9.7500100000E-01    8.9751772941E-11    3.7297336821E-01
    9.7600100000E-01    7.5918094865E-11    3.7411698120E-01
    9.7700100000E-01    6.3772093292E-11    3.7526295064E-01
    9.7800100000E-01    5.3165595461E-11    3.7641127892E-01
    9.7900100000E-01    4.3958146742E-11    3.7756196840E-01
    9.8000100000E-01    3.6016871412E-11    3.7871502148E-01
    9.8100100000E-01    2.9216335469E-11    3.7987044054E-01
    9.8200100000E-01    2.3438411448E-11    3.8102822797E-01
    9.8300100000E-01    1.8572145215E-11    3.8218838613E-01
    9.8400100000E-01    1.4513624718E-11    3.8335091742E-01
    9.8500100000E-01    1.1165850658E-11    3.8451582422E-01
    9.8600100000E-01    8.4386090520E-12    3.8568310891E-01
    9.8700100000E-01    6.2483456777E-12    3.8685277387E-01
    9.8800100000E-01    4.5180423539E-12    3.8802482150E-01
    9.8900100000E-01    3.1770950435E-12    3.8919925417E-01
    9.9000100000E-01    2.1611937501E-12    3.9037607426E-01
    9.9100100000E-01    1.4122041822E-12    3.9155528416E-01
    9.9200100000E-01    8.7805116305E-13    3.9273688625E-01
    9.9300100000E-01    5.1260375901E-13    3.9392088292E-01
    9.9400100000E-01    2.7556210486E-13    3.9510727655E-01
    9.9500100000E-01    1.3234590100E-13    3.9629606952E-01
    9.9600100000E-01    5.3984560057E-14    3.9748726423E-01
    9.9700100000E-01    1.7008979581E-14    3.9868086304E-01
    9.9800100000E-01    3.3449183343E-15    3.9987686836E-01
    9.9900100000E-01 NaN                    4.0107528255E-01
