   -4.0000000000E+00    6.0000799985E-01    6.1029801573E-01    7.1311294021E-01    5.6966941031E-01    6.0000799985E-01
   -3.9200000000E+00    6.0000961788E-01    6.1029940843E-01    7.1311365637E-01    5.6967048455E-01    6.0000961788E-01
   -3.8400000000E+00    6.0001156318E-01    6.1030108281E-01    7.1311451738E-01    5.6967177607E-01    6.0001156318E-01
   -3.7600000000E+00    6.0001390192E-01    6.1030309586E-01    7.1311555255E-01    5.6967332882E-01    6.0001390192E-01
   -3.6800000000E+00    6.0001671367E-01    6.1030551604E-01    7.1311679707E-01    5.6967519561E-01    6.0001671367E-01
   -3.6000000000E+00    6.0002009408E-01    6.1030842571E-01    7.1311829332E-01    5.6967743998E-01    6.0002009408E-01
   -3.5200000000E+00    6.0002415815E-01    6.1031192385E-01    7.1312009219E-01    5.6968013828E-01    6.0002415815E-01
   -3.4400000000E+00    6.0002904413E-01    6.1031612948E-01    7.1312225489E-01    5.6968338233E-01    6.0002904413E-01
   -3.3600000000E+00    6.0003491822E-01    6.1032118567E-01    7.1312485499E-01    5.6968728249E-01    6.0003491822E-01
   -3.2800000000E+00    6.0004198020E-01    6.1032726439E-01    7.1312798097E-01    5.6969197145E-01    6.0004198020E-01
   -3.2000000000E+00    6.0005047023E-01    6.1033457243E-01    7.1313173915E-01    5.6969760873E-01    6.0005047023E-01
   -3.1200000000E+00    6.0006067700E-01    6.1034335834E-01    7.1313625741E-01    5.6970438611E-01    6.0006067700E-01
   -3.0400000000E+00    6.0007294755E-01    6.1035392089E-01    7.1314168941E-01    5.6971253412E-01    6.0007294755E-01
   -2.9600000000E+00    6.0008769903E-01    6.1036661929E-01    7.1314821995E-01    5.6972232993E-01    6.0008769903E-01
   -2.8800000000E+00    6.0010543275E-01    6.1038188523E-01    7.1315607113E-01    5.6973410669E-01    6.0010543275E-01
   -2.8000000000E+00    6.0012675127E-01    6.1040023767E-01    7.1316550994E-01    5.6974826491E-01    6.0012675127E-01
   -2.7200000000E+00    6.0015237878E-01    6.1042230033E-01    7.1317685736E-01    5.6976528604E-01    6.0015237878E-01
   -2.6400000000E+00    6.0018318547E-01    6.1044882283E-01    7.1319049918E-01    5.6978574877E-01    6.0018318547E-01
   -2.5600000000E+00    6.0022021700E-01    6.1048070608E-01    7.1320689913E-01    5.6981034870E-01    6.0022021700E-01
   -2.4800000000E+00    6.0026472957E-01    6.1051903266E-01    7.1322661460E-01    5.6983992190E-01    6.0026472957E-01
   -2.4000000000E+00    6.0031823235E-01    6.1056510335E-01    7.1325031545E-01    5.6987547318E-01    6.0031823235E-01
   -2.3200000000E+00    6.0038253788E-01    6.1062048100E-01    7.1327880677E-01    5.6991821016E-01    6.0038253788E-01
   -2.2400000000E+00    6.0045982275E-01    6.1068704290E-01    7.1331305597E-01    5.6996958396E-01    6.0045982275E-01
   -2.1600000000E+00    6.0055270003E-01    6.1076704385E-01    7.1335422550E-01    5.7003133825E-01    6.0055270003E-01
   -2.0800000000E+00    6.0066430592E-01    6.1086319134E-01    7.1340371193E-01    5.7010556789E-01    6.0066430592E-01
   -2.0000000000E+00    6.0079840320E-01    6.1097873578E-01    7.1346319291E-01    5.7019478937E-01    6.0079840320E-01
   -1.9200000000E+00    6.0095950440E-01    6.1111757811E-01    7.1353468341E-01    5.7030202511E-01    6.0095950440E-01
   -1.8400000000E+00    6.0115301858E-01    6.1128439833E-01    7.1362060297E-01    5.7043090445E-01    6.0115301858E-01
   -1.7600000000E+00    6.0138542547E-01    6.1148480873E-01    7.1372385629E-01    5.7058578444E-01    6.0138542547E-01
   -1.6800000000E+00    6.0166448172E-01    6.1172553597E-01    7.1384792944E-01    5.7077189416E-01    6.0166448172E-01
   -1.6000000000E+00    6.0199946430E-01    6.1201463735E-01    7.1399700464E-01    5.7099550696E-01    6.0199946430E-01
   -1.5200000000E+00    6.0240145680E-01    6.1236175669E-01    7.1417609716E-01    5.7126414574E-01    6.0240145680E-01
   -1.4400000000E+00    6.0288368440E-01    6.1277842610E-01    7.1439121799E-01    5.7158682698E-01    6.0288368440E-01
   -1.3600000000E+00    6.0346190315E-01    6.1327842036E-01    7.1464956686E-01    5.7197435029E-01    6.0346190315E-01
   -1.2800000000E+00    6.0415484975E-01    6.1387817093E-01    7.1495976058E-01    5.7243964087E-01    6.0415484975E-01
   -1.2000000000E+00    6.0498475540E-01    6.1459724626E-01    7.1533210201E-01    5.7299815301E-01    6.0498475540E-01
   -1.1200000000E+00    6.0597792618E-01    6.1545890441E-01    7.1577889554E-01    5.7366834331E-01    6.0597792618E-01
   -1.0400000000E+00    6.0716538848E-01    6.1649072194E-01    7.1631481490E-01    5.7447222235E-01    6.0716538848E-01
   -9.6000000000E-01    6.0858359115E-01    6.1772529926E-01    7.1695732850E-01    5.7543599275E-01    6.0858359115E-01
   -8.8000000000E-01    6.1027514825E-01    6.1920103663E-01    7.1772718655E-01    5.7659077983E-01    6.1027514825E-01
   -8.0000000000E-01    6.1228959172E-01    6.2096296547E-01    7.1864897143E-01    5.7797345714E-01    6.1228959172E-01
   -7.2000000000E-01    6.1468408673E-01    6.2306360444E-01    7.1975170809E-01    5.7962756214E-01    6.1468408673E-01
   -6.4000000000E-01    6.1752403627E-01    6.2556378944E-01    7.2106952429E-01    5.8160428643E-01    6.1752403627E-01
   -5.6000000000E-01    6.2088347245E-01    6.2853339550E-01    7.2264233778E-01    5.8396350667E-01    6.2088347245E-01
   -4.8000000000E-01    6.2484509303E-01    6.3205182927E-01    7.2451653087E-01    5.8677479630E-01    6.2484509303E-01
   -4.0000000000E-01    6.2949976042E-01    6.3620811845E-01    7.2674554621E-01    5.9011831931E-01    6.2949976042E-01
   -3.2000000000E-01    6.3494523880E-01    6.4110036253E-01    7.2939030309E-01    5.9408545463E-01    6.3494523880E-01
   -2.4000000000E-01    6.4128391258E-01    6.4683424307E-01    7.3251928689E-01    5.9877893034E-01    6.4128391258E-01
   -1.6000000000E-01    6.4861922107E-01    6.5352023381E-01    7.3620810925E-01    6.0431216388E-01    6.4861922107E-01
   -8.0000000000E-02    6.5705058050E-01    6.6126912640E-01    7.4053827736E-01    6.1080741604E-01    6.5705058050E-01
    0.0000000000E+00    6.6666666667E-01    6.7018553539E-01    7.4559486301E-01    6.1839229451E-01    6.6666666667E-01
    8.0000000000E-02    6.7753712840E-01    6.8035921365E-01    7.5146274975E-01    6.2719412463E-01    6.7753712840E-01
    1.6000000000E-01    6.8970309690E-01    6.9185434661E-01    7.5822119731E-01    6.3733179596E-01    6.8970309690E-01
    2.4000000000E-01    7.0316724243E-01    7.0469751580E-01    7.6593663852E-01    6.4890495778E-01    7.0316724243E-01
    3.2000000000E-01    7.1788454550E-01    7.1886567896E-01    7.7465394825E-01    6.6198092238E-01    7.1788454550E-01
    4.0000000000E-01    7.3375529327E-01    7.3427614693E-01    7.8438688766E-01    6.7658033149E-01    7.3375529327E-01
    4.8000000000E-01    7.5062194018E-01    7.5078089258E-01    7.9510895731E-01    6.9266343596E-01    7.5062194018E-01
    5.6000000000E-01    7.6827124860E-01    7.6816732584E-01    8.0674632975E-01    7.1011949462E-01    7.6827124860E-01
    6.4000000000E-01    7.8644247848E-01    7.8616676500E-01    8.1917467066E-01    7.2876200599E-01    7.8644247848E-01
    7.2000000000E-01    8.0484138948E-01    8.0447034232E-01    8.3222131909E-01    7.4833197863E-01    8.0484138948E-01
    8.0000000000E-01    8.2315867085E-01    8.2275042019E-01    8.4567344456E-01    7.6851016684E-01    8.2315867085E-01
    8.8000000000E-01    8.4109044690E-01    8.4068431863E-01    8.5929159817E-01    7.8893739726E-01    8.4109044690E-01
    9.6000000000E-01    8.5835802785E-01    8.5797671026E-01    8.7282687309E-01    8.0924030964E-01    8.5835802785E-01
    1.0400000000E+00    8.7472425212E-01    8.7437753616E-01    8.8603908066E-01    8.2905862099E-01    8.7472425212E-01
    1.1200000000E+00    8.9000453250E-01    8.8969348869E-01    8.9871319595E-01    8.4806979393E-01    8.9000453250E-01
    1.2000000000E+00    9.0407182453E-01    9.0379254568E-01    9.1067185193E-01    8.6600777790E-01    9.0407182453E-01
    1.2800000000E+00    9.1685584450E-01    9.1660228949E-01    9.2178264587E-01    8.8267396881E-01    9.1685584450E-01
    1.3600000000E+00    9.2833769820E-01    9.2810354249E-01    9.3196012419E-01    8.9794018628E-01    9.2833769820E-01
    1.4400000000E+00    9.3854150452E-01    9.3832114136E-01    9.4116321904E-01    9.1174482856E-01    9.3854150452E-01
    1.5200000000E+00    9.4752462113E-01    9.4731355617E-01    9.4938944432E-01    9.2408416648E-01    9.4752462113E-01
    1.6000000000E+00    9.5536781977E-01    9.5516269852E-01    9.5666729775E-01    9.3500094662E-01    9.5536781977E-01
    1.6800000000E+00    9.6216636115E-01    9.6196481464E-01    9.6304815315E-01    9.4457222973E-01    9.6216636115E-01
    1.7600000000E+00    9.6802250895E-01    9.6782293898E-01    9.6859859955E-01    9.5289789932E-01    9.6802250895E-01
    1.8400000000E+00    9.7303968050E-01    9.7284105083E-01    9.7339381649E-01    9.6009072473E-01    9.7303968050E-01
    1.9200000000E+00    9.7731818810E-01    9.7711985040E-01    9.7751225290E-01    9.6626837935E-01    9.7731818810E-01
    2.0000000000E+00    9.8095238095E-01    9.8075394220E-01    9.8103163778E-01    9.7154745667E-01    9.8095238095E-01
    2.0800000000E+00    9.8402893235E-01    9.8383015990E-01    9.8402620140E-01    9.7603930210E-01    9.8402893235E-01
    2.1600000000E+00    9.8662600767E-01    9.8642676417E-01    9.8656491065E-01    9.7984736598E-01    9.8662600767E-01
    2.2400000000E+00    9.8881307152E-01    9.8861327149E-01    9.8871050073E-01    9.8306575110E-01    9.8881307152E-01
    2.3200000000E+00    9.9065113067E-01    9.9045071226E-01    9.9051909702E-01    9.8577864553E-01    9.9065113067E-01
    2.4000000000E+00    9.9219325270E-01    9.9199215923E-01    9.9204024994E-01    9.8806037491E-01    9.9219325270E-01
    2.4800000000E+00    9.9348523958E-01    9.9328340707E-01    9.9331723984E-01    9.8997585976E-01    9.9348523958E-01
    2.5600000000E+00    9.9456636990E-01    9.9436371830E-01    9.9438754321E-01    9.9158131481E-01    9.9456636990E-01
    2.6400000000E+00    9.9547015112E-01    9.9526657712E-01    9.9528338067E-01    9.9292507100E-01    9.9547015112E-01
    2.7200000000E+00    9.9622504372E-01    9.9602041423E-01    9.9603229185E-01    9.9404843777E-01    9.9622504372E-01
    2.8000000000E+00    9.9685513500E-01    9.9664928019E-01    9.9665770057E-01    9.9498655086E-01    9.9685513500E-01
    2.8800000000E+00    9.9738075075E-01    9.9717345597E-01    9.9717944793E-01    9.9576917189E-01    9.9738075075E-01
    2.9600000000E+00    9.9781900070E-01    9.9760999658E-01    9.9761428064E-01    9.9642142096E-01    9.9781900070E-01
    3.0400000000E+00    9.9818425820E-01    9.9797320808E-01    9.9797628898E-01    9.9696443347E-01    9.9818425820E-01
    3.1200000000E+00    9.9848857750E-01    9.9827506127E-01    9.9827729282E-01    9.9741593923E-01    9.9848857750E-01
    3.2000000000E+00    9.9874205388E-01    9.9852554681E-01    9.9852717732E-01    9.9779076598E-01    9.9874205388E-01
    3.2800000000E+00    9.9895313210E-01    9.9873297698E-01    9.9873418099E-01    9.9810127148E-01    9.9895313210E-01
    3.3600000000E+00    9.9912886965E-01    9.9890423909E-01    9.9890513961E-01    9.9835770941E-01    9.9912886965E-01
    3.4400000000E+00    9.9927515975E-01    9.9904500517E-01    9.9904568918E-01    9.9856853377E-01    9.9927515975E-01
    3.5200000000E+00    9.9939692030E-01    9.9915990102E-01    9.9916043035E-01    9.9874064552E-01    9.9939692030E-01
    3.6000000000E+00    9.9949825288E-01    9.9925263617E-01    9.9925305508E-01    9.9887958262E-01    9.9949825288E-01
    3.6800000000E+00    9.9958257682E-01    9.9932609340E-01    9.9932643401E-01    9.9898965102E-01    9.9958257682E-01
    3.7600000000E+00    9.9965274158E-01    9.9938237216E-01    9.9938265825E-01    9.9907398738E-01    9.9965274158E-01
    3.8400000000E+00    9.9971112082E-01    9.9942277191E-01    9.9942302181E-01    9.9913453271E-01    9.9971112082E-01
    3.9200000000E+00    9.9975969157E-01    9.9944768781E-01    9.9944791660E-01    9.9917187490E-01    9.9975969157E-01
    4.0000000000E+00    9.9980009995E-01    9.9945636227E-01    9.9945658393E-01    9.9918487589E-01    9.9980009995E-01
