    1.00000D-02    9.99836D-01
    2.00000D-02    9.99342D-01
    3.00000D-02    9.98520D-01
    4.00000D-02    9.97370D-01
    5.00000D-02    9.95893D-01
    6.00000D-02    9.94089D-01
    7.00000D-02    9.91959D-01
    8.00000D-02    9.89506D-01
    9.00000D-02    9.86729D-01
    1.00000D-01    9.83632D-01
    1.10000D-01    9.80215D-01
    1.20000D-01    9.76481D-01
    1.30000D-01    9.72432D-01
    1.40000D-01    9.68070D-01
    1.50000D-01    9.63398D-01
    1.60000D-01    9.58418D-01
    1.70000D-01    9.53135D-01
    1.80000D-01    9.47550D-01
    1.90000D-01    9.41667D-01
    2.00000D-01    9.35489D-01
    2.10000D-01    9.29021D-01
    2.20000D-01    9.22265D-01
    2.30000D-01    9.15227D-01
    2.40000D-01    9.07909D-01
    2.50000D-01    9.00316D-01
    2.60000D-01    8.92454D-01
    2.70000D-01    8.84325D-01
    2.80000D-01    8.75936D-01
    2.90000D-01    8.67290D-01
    3.00000D-01    8.58394D-01
    3.10000D-01    8.49251D-01
    3.20000D-01    8.39869D-01
    3.30000D-01    8.30251D-01
    3.40000D-01    8.20403D-01
    3.50000D-01    8.10332D-01
    3.60000D-01    8.00043D-01
    3.70000D-01    7.89542D-01
    3.80000D-01    7.78834D-01
    3.90000D-01    7.67927D-01
    4.00000D-01    7.56827D-01
    4.10000D-01    7.45539D-01
    4.20000D-01    7.34070D-01
    4.30000D-01    7.22428D-01
    4.40000D-01    7.10618D-01
    4.50000D-01    6.98647D-01
    4.60000D-01    6.86522D-01
    4.70000D-01    6.74249D-01
    4.80000D-01    6.61837D-01
    4.90000D-01    6.49291D-01
    5.00000D-01    6.36620D-01
    5.10000D-01    6.23829D-01
    5.20000D-01    6.10926D-01
    5.30000D-01    5.97919D-01
    5.40000D-01    5.84815D-01
    5.50000D-01    5.71620D-01
    5.60000D-01    5.58342D-01
    5.70000D-01    5.44989D-01
    5.80000D-01    5.31568D-01
    5.90000D-01    5.18086D-01
    6.00000D-01    5.04551D-01
    6.10000D-01    4.90970D-01
    6.20000D-01    4.77350D-01
    6.30000D-01    4.63699D-01
    6.40000D-01    4.50024D-01
    6.50000D-01    4.36333D-01
    6.60000D-01    4.22632D-01
    6.70000D-01    4.08929D-01
    6.80000D-01    3.95232D-01
    6.90000D-01    3.81548D-01
    7.00000D-01    3.67883D-01
    7.10000D-01    3.54245D-01
    7.20000D-01    3.40642D-01
    7.30000D-01    3.27079D-01
    7.40000D-01    3.13565D-01
    7.50000D-01    3.00105D-01
    7.60000D-01    2.86708D-01
    7.70000D-01    2.73379D-01
    7.80000D-01    2.60126D-01
    7.90000D-01    2.46955D-01
    8.00000D-01    2.33872D-01
    8.10000D-01    2.20885D-01
    8.20000D-01    2.07999D-01
    8.30000D-01    1.95220D-01
    8.40000D-01    1.82556D-01
    8.50000D-01    1.70011D-01
    8.60000D-01    1.57593D-01
    8.70000D-01    1.45306D-01
    8.80000D-01    1.33156D-01
    8.90000D-01    1.21150D-01
    9.00000D-01    1.09292D-01
    9.10000D-01    9.75886D-02
    9.20000D-01    8.60440D-02
    9.30000D-01    7.46636D-02
    9.40000D-01    6.34525D-02
    9.50000D-01    5.24154D-02
    9.60000D-01    4.15571D-02
    9.70000D-01    3.08821D-02
    9.80000D-01    2.03947D-02
    9.90000D-01    1.00993D-02
    1.00000D+00    3.89817D-17
