    5.00000D-04    9.99500D-01
    1.00000D-03    9.99000D-01
    1.50000D-03    9.98500D-01
    2.00000D-03    9.98000D-01
    2.50000D-03    9.97500D-01
    3.00000D-03    9.97000D-01
    3.50000D-03    9.96500D-01
    4.00000D-03    9.96000D-01
    4.50000D-03    9.95500D-01
    5.00000D-03    9.95000D-01
    5.50000D-03    9.94500D-01
    6.00000D-03    9.94000D-01
    6.50000D-03    9.93500D-01
    7.00000D-03    9.93000D-01
    7.50000D-03    9.92500D-01
    8.00000D-03    9.92000D-01
    8.50000D-03    9.91500D-01
    9.00000D-03    9.91000D-01
    9.50000D-03    9.90500D-01
    1.00000D-02    9.90000D-01
    1.05000D-02    9.89500D-01
    1.10000D-02    9.89000D-01
    1.15000D-02    9.88500D-01
    1.20000D-02    9.88000D-01
    1.25000D-02    9.87500D-01
    1.30000D-02    9.87000D-01
    1.35000D-02    9.86500D-01
    1.40000D-02    9.86000D-01
    1.45000D-02    9.85500D-01
    1.50000D-02    9.85000D-01
    1.55000D-02    9.84500D-01
    1.60000D-02    9.84000D-01
    1.65000D-02    9.83500D-01
    1.70000D-02    9.83000D-01
    1.75000D-02    9.82500D-01
    1.80000D-02    9.82000D-01
    1.85000D-02    9.81500D-01
    1.90000D-02    9.81000D-01
    1.95000D-02    9.80500D-01
    2.00000D-02    9.80000D-01
    2.05000D-02    9.79500D-01
    2.10000D-02    9.79000D-01
    2.15000D-02    9.78500D-01
    2.20000D-02    9.78000D-01
    2.25000D-02    9.77500D-01
    2.30000D-02    9.77000D-01
    2.35000D-02    9.76500D-01
    2.40000D-02    9.76000D-01
    2.45000D-02    9.75500D-01
    2.50000D-02    9.75000D-01
    2.55000D-02    9.74500D-01
    2.60000D-02    9.74000D-01
    2.65000D-02    9.73500D-01
    2.70000D-02    9.73000D-01
    2.75000D-02    9.72500D-01
    2.80000D-02    9.72000D-01
    2.85000D-02    9.71500D-01
    2.90000D-02    9.71000D-01
    2.95000D-02    9.70500D-01
    3.00000D-02    9.70000D-01
    3.05000D-02    9.69500D-01
    3.10000D-02    9.69000D-01
    3.15000D-02    9.68500D-01
    3.20000D-02    9.68000D-01
    3.25000D-02    9.67500D-01
    3.30000D-02    9.67000D-01
    3.35000D-02    9.66500D-01
    3.40000D-02    9.66000D-01
    3.45000D-02    9.65500D-01
    3.50000D-02    9.65000D-01
    3.55000D-02    9.64500D-01
    3.60000D-02    9.64000D-01
    3.65000D-02    9.63500D-01
    3.70000D-02    9.63000D-01
    3.75000D-02    9.62500D-01
    3.80000D-02    9.62000D-01
    3.85000D-02    9.61500D-01
    3.90000D-02    9.61000D-01
    3.95000D-02    9.60500D-01
    4.00000D-02    9.60000D-01
    4.05000D-02    9.59500D-01
    4.10000D-02    9.59000D-01
    4.15000D-02    9.58500D-01
    4.20000D-02    9.58000D-01
    4.25000D-02    9.57500D-01
    4.30000D-02    9.57000D-01
    4.35000D-02    9.56500D-01
    4.40000D-02    9.56000D-01
    4.45000D-02    9.55500D-01
    4.50000D-02    9.55000D-01
    4.55000D-02    9.54500D-01
    4.60000D-02    9.54000D-01
    4.65000D-02    9.53500D-01
    4.70000D-02    9.53000D-01
    4.75000D-02    9.52500D-01
    4.80000D-02    9.52000D-01
    4.85000D-02    9.51500D-01
    4.90000D-02    9.51000D-01
    4.95000D-02    9.50500D-01
    5.00000D-02    9.50000D-01
    5.05000D-02    9.49500D-01
    5.10000D-02    9.49000D-01
    5.15000D-02    9.48500D-01
    5.20000D-02    9.48000D-01
    5.25000D-02    9.47500D-01
    5.30000D-02    9.47000D-01
    5.35000D-02    9.46500D-01
    5.40000D-02    9.46000D-01
    5.45000D-02    9.45500D-01
    5.50000D-02    9.45000D-01
    5.55000D-02    9.44500D-01
    5.60000D-02    9.44000D-01
    5.65000D-02    9.43500D-01
    5.70000D-02    9.43000D-01
    5.75000D-02    9.42500D-01
    5.80000D-02    9.42000D-01
    5.85000D-02    9.41500D-01
    5.90000D-02    9.41000D-01
    5.95000D-02    9.40500D-01
    6.00000D-02    9.40000D-01
    6.05000D-02    9.39500D-01
    6.10000D-02    9.39000D-01
    6.15000D-02    9.38500D-01
    6.20000D-02    9.38000D-01
    6.25000D-02    9.37500D-01
    6.30000D-02    9.37000D-01
    6.35000D-02    9.36500D-01
    6.40000D-02    9.36000D-01
    6.45000D-02    9.35500D-01
    6.50000D-02    9.35000D-01
    6.55000D-02    9.34500D-01
    6.60000D-02    9.34000D-01
    6.65000D-02    9.33500D-01
    6.70000D-02    9.33000D-01
    6.75000D-02    9.32500D-01
    6.80000D-02    9.32000D-01
    6.85000D-02    9.31500D-01
    6.90000D-02    9.31000D-01
    6.95000D-02    9.30500D-01
    7.00000D-02    9.30000D-01
    7.05000D-02    9.29500D-01
    7.10000D-02    9.29000D-01
    7.15000D-02    9.28500D-01
    7.20000D-02    9.28000D-01
    7.25000D-02    9.27500D-01
    7.30000D-02    9.27000D-01
    7.35000D-02    9.26500D-01
    7.40000D-02    9.26000D-01
    7.45000D-02    9.25500D-01
    7.50000D-02    9.25000D-01
    7.55000D-02    9.24500D-01
    7.60000D-02    9.24000D-01
    7.65000D-02    9.23500D-01
    7.70000D-02    9.23000D-01
    7.75000D-02    9.22500D-01
    7.80000D-02    9.22000D-01
    7.85000D-02    9.21500D-01
    7.90000D-02    9.21000D-01
    7.95000D-02    9.20500D-01
    8.00000D-02    9.20000D-01
    8.05000D-02    9.19500D-01
    8.10000D-02    9.19000D-01
    8.15000D-02    9.18500D-01
    8.20000D-02    9.18000D-01
    8.25000D-02    9.17500D-01
    8.30000D-02    9.17000D-01
    8.35000D-02    9.16500D-01
    8.40000D-02    9.16000D-01
    8.45000D-02    9.15500D-01
    8.50000D-02    9.15000D-01
    8.55000D-02    9.14500D-01
    8.60000D-02    9.14000D-01
    8.65000D-02    9.13500D-01
    8.70000D-02    9.13000D-01
    8.75000D-02    9.12500D-01
    8.80000D-02    9.12000D-01
    8.85000D-02    9.11500D-01
    8.90000D-02    9.11000D-01
    8.95000D-02    9.10500D-01
    9.00000D-02    9.10000D-01
    9.05000D-02    9.09500D-01
    9.10000D-02    9.09000D-01
    9.15000D-02    9.08500D-01
    9.20000D-02    9.08000D-01
    9.25000D-02    9.07500D-01
    9.30000D-02    9.07000D-01
    9.35000D-02    9.06500D-01
    9.40000D-02    9.06000D-01
    9.45000D-02    9.05500D-01
    9.50000D-02    9.05000D-01
    9.55000D-02    9.04500D-01
    9.60000D-02    9.04000D-01
    9.65000D-02    9.03500D-01
    9.70000D-02    9.03000D-01
    9.75000D-02    9.02500D-01
    9.80000D-02    9.02000D-01
    9.85000D-02    9.01500D-01
    9.90000D-02    9.01000D-01
    9.95000D-02    9.00500D-01
    1.00000D-01    9.00000D-01
    1.00500D-01    8.99500D-01
    1.01000D-01    8.99000D-01
    1.01500D-01    8.98500D-01
    1.02000D-01    8.98000D-01
    1.02500D-01    8.97500D-01
    1.03000D-01    8.97000D-01
    1.03500D-01    8.96500D-01
    1.04000D-01    8.96000D-01
    1.04500D-01    8.95500D-01
    1.05000D-01    8.95000D-01
    1.05500D-01    8.94500D-01
    1.06000D-01    8.94000D-01
    1.06500D-01    8.93500D-01
    1.07000D-01    8.93000D-01
    1.07500D-01    8.92500D-01
    1.08000D-01    8.92000D-01
    1.08500D-01    8.91500D-01
    1.09000D-01    8.91000D-01
    1.09500D-01    8.90500D-01
    1.10000D-01    8.90000D-01
    1.10500D-01    8.89500D-01
    1.11000D-01    8.89000D-01
    1.11500D-01    8.88500D-01
    1.12000D-01    8.88000D-01
    1.12500D-01    8.87500D-01
    1.13000D-01    8.87000D-01
    1.13500D-01    8.86500D-01
    1.14000D-01    8.86000D-01
    1.14500D-01    8.85500D-01
    1.15000D-01    8.85000D-01
    1.15500D-01    8.84500D-01
    1.16000D-01    8.84000D-01
    1.16500D-01    8.83500D-01
    1.17000D-01    8.83000D-01
    1.17500D-01    8.82500D-01
    1.18000D-01    8.82000D-01
    1.18500D-01    8.81500D-01
    1.19000D-01    8.81000D-01
    1.19500D-01    8.80500D-01
    1.20000D-01    8.80000D-01
    1.20500D-01    8.79500D-01
    1.21000D-01    8.79000D-01
    1.21500D-01    8.78500D-01
    1.22000D-01    8.78000D-01
    1.22500D-01    8.77500D-01
    1.23000D-01    8.77000D-01
    1.23500D-01    8.76500D-01
    1.24000D-01    8.76000D-01
    1.24500D-01    8.75500D-01
    1.25000D-01    8.75000D-01
    1.25500D-01    8.74500D-01
    1.26000D-01    8.74000D-01
    1.26500D-01    8.73500D-01
    1.27000D-01    8.73000D-01
    1.27500D-01    8.72500D-01
    1.28000D-01    8.72000D-01
    1.28500D-01    8.71500D-01
    1.29000D-01    8.71000D-01
    1.29500D-01    8.70500D-01
    1.30000D-01    8.70000D-01
    1.30500D-01    8.69500D-01
    1.31000D-01    8.69000D-01
    1.31500D-01    8.68500D-01
    1.32000D-01    8.68000D-01
    1.32500D-01    8.67500D-01
    1.33000D-01    8.67000D-01
    1.33500D-01    8.66500D-01
    1.34000D-01    8.66000D-01
    1.34500D-01    8.65500D-01
    1.35000D-01    8.65000D-01
    1.35500D-01    8.64500D-01
    1.36000D-01    8.64000D-01
    1.36500D-01    8.63500D-01
    1.37000D-01    8.63000D-01
    1.37500D-01    8.62500D-01
    1.38000D-01    8.62000D-01
    1.38500D-01    8.61500D-01
    1.39000D-01    8.61000D-01
    1.39500D-01    8.60500D-01
    1.40000D-01    8.60000D-01
    1.40500D-01    8.59500D-01
    1.41000D-01    8.59000D-01
    1.41500D-01    8.58500D-01
    1.42000D-01    8.58000D-01
    1.42500D-01    8.57500D-01
    1.43000D-01    8.57000D-01
    1.43500D-01    8.56500D-01
    1.44000D-01    8.56000D-01
    1.44500D-01    8.55500D-01
    1.45000D-01    8.55000D-01
    1.45500D-01    8.54500D-01
    1.46000D-01    8.54000D-01
    1.46500D-01    8.53500D-01
    1.47000D-01    8.53000D-01
    1.47500D-01    8.52500D-01
    1.48000D-01    8.52000D-01
    1.48500D-01    8.51500D-01
    1.49000D-01    8.51000D-01
    1.49500D-01    8.50500D-01
    1.50000D-01    8.50000D-01
    1.50500D-01    8.49500D-01
    1.51000D-01    8.49000D-01
    1.51500D-01    8.48500D-01
    1.52000D-01    8.48000D-01
    1.52500D-01    8.47500D-01
    1.53000D-01    8.47000D-01
    1.53500D-01    8.46500D-01
    1.54000D-01    8.46000D-01
    1.54500D-01    8.45500D-01
    1.55000D-01    8.45000D-01
    1.55500D-01    8.44500D-01
    1.56000D-01    8.44000D-01
    1.56500D-01    8.43500D-01
    1.57000D-01    8.43000D-01
    1.57500D-01    8.42500D-01
    1.58000D-01    8.42000D-01
    1.58500D-01    8.41500D-01
    1.59000D-01    8.41000D-01
    1.59500D-01    8.40500D-01
    1.60000D-01    8.40000D-01
    1.60500D-01    8.39500D-01
    1.61000D-01    8.39000D-01
    1.61500D-01    8.38500D-01
    1.62000D-01    8.38000D-01
    1.62500D-01    8.37500D-01
    1.63000D-01    8.37000D-01
    1.63500D-01    8.36500D-01
    1.64000D-01    8.36000D-01
    1.64500D-01    8.35500D-01
    1.65000D-01    8.35000D-01
    1.65500D-01    8.34500D-01
    1.66000D-01    8.34000D-01
    1.66500D-01    8.33500D-01
    1.67000D-01    8.33000D-01
    1.67500D-01    8.32500D-01
    1.68000D-01    8.32000D-01
    1.68500D-01    8.31500D-01
    1.69000D-01    8.31000D-01
    1.69500D-01    8.30500D-01
    1.70000D-01    8.30000D-01
    1.70500D-01    8.29500D-01
    1.71000D-01    8.29000D-01
    1.71500D-01    8.28500D-01
    1.72000D-01    8.28000D-01
    1.72500D-01    8.27500D-01
    1.73000D-01    8.27000D-01
    1.73500D-01    8.26500D-01
    1.74000D-01    8.26000D-01
    1.74500D-01    8.25500D-01
    1.75000D-01    8.25000D-01
    1.75500D-01    8.24500D-01
    1.76000D-01    8.24000D-01
    1.76500D-01    8.23500D-01
    1.77000D-01    8.23000D-01
    1.77500D-01    8.22500D-01
    1.78000D-01    8.22000D-01
    1.78500D-01    8.21500D-01
    1.79000D-01    8.21000D-01
    1.79500D-01    8.20500D-01
    1.80000D-01    8.20000D-01
    1.80500D-01    8.19500D-01
    1.81000D-01    8.19000D-01
    1.81500D-01    8.18500D-01
    1.82000D-01    8.18000D-01
    1.82500D-01    8.17500D-01
    1.83000D-01    8.17000D-01
    1.83500D-01    8.16500D-01
    1.84000D-01    8.16000D-01
    1.84500D-01    8.15500D-01
    1.85000D-01    8.15000D-01
    1.85500D-01    8.14500D-01
    1.86000D-01    8.14000D-01
    1.86500D-01    8.13500D-01
    1.87000D-01    8.13000D-01
    1.87500D-01    8.12500D-01
    1.88000D-01    8.12000D-01
    1.88500D-01    8.11500D-01
    1.89000D-01    8.11000D-01
    1.89500D-01    8.10500D-01
    1.90000D-01    8.10000D-01
    1.90500D-01    8.09500D-01
    1.91000D-01    8.09000D-01
    1.91500D-01    8.08500D-01
    1.92000D-01    8.08000D-01
    1.92500D-01    8.07500D-01
    1.93000D-01    8.07000D-01
    1.93500D-01    8.06500D-01
    1.94000D-01    8.06000D-01
    1.94500D-01    8.05500D-01
    1.95000D-01    8.05000D-01
    1.95500D-01    8.04500D-01
    1.96000D-01    8.04000D-01
    1.96500D-01    8.03500D-01
    1.97000D-01    8.03000D-01
    1.97500D-01    8.02500D-01
    1.98000D-01    8.02000D-01
    1.98500D-01    8.01500D-01
    1.99000D-01    8.01000D-01
    1.99500D-01    8.00500D-01
    2.00000D-01    8.00000D-01
    2.00500D-01    7.99500D-01
    2.01000D-01    7.99000D-01
    2.01500D-01    7.98500D-01
    2.02000D-01    7.98000D-01
    2.02500D-01    7.97500D-01
    2.03000D-01    7.97000D-01
    2.03500D-01    7.96500D-01
    2.04000D-01    7.96000D-01
    2.04500D-01    7.95500D-01
    2.05000D-01    7.95000D-01
    2.05500D-01    7.94500D-01
    2.06000D-01    7.94000D-01
    2.06500D-01    7.93500D-01
    2.07000D-01    7.93000D-01
    2.07500D-01    7.92500D-01
    2.08000D-01    7.92000D-01
    2.08500D-01    7.91500D-01
    2.09000D-01    7.91000D-01
    2.09500D-01    7.90500D-01
    2.10000D-01    7.90000D-01
    2.10500D-01    7.89500D-01
    2.11000D-01    7.89000D-01
    2.11500D-01    7.88500D-01
    2.12000D-01    7.88000D-01
    2.12500D-01    7.87500D-01
    2.13000D-01    7.87000D-01
    2.13500D-01    7.86500D-01
    2.14000D-01    7.86000D-01
    2.14500D-01    7.85500D-01
    2.15000D-01    7.85000D-01
    2.15500D-01    7.84500D-01
    2.16000D-01    7.84000D-01
    2.16500D-01    7.83500D-01
    2.17000D-01    7.83000D-01
    2.17500D-01    7.82500D-01
    2.18000D-01    7.82000D-01
    2.18500D-01    7.81500D-01
    2.19000D-01    7.81000D-01
    2.19500D-01    7.80500D-01
    2.20000D-01    7.80000D-01
    2.20500D-01    7.79500D-01
    2.21000D-01    7.79000D-01
    2.21500D-01    7.78500D-01
    2.22000D-01    7.78000D-01
    2.22500D-01    7.77500D-01
    2.23000D-01    7.77000D-01
    2.23500D-01    7.76500D-01
    2.24000D-01    7.76000D-01
    2.24500D-01    7.75500D-01
    2.25000D-01    7.75000D-01
    2.25500D-01    7.74500D-01
    2.26000D-01    7.74000D-01
    2.26500D-01    7.73500D-01
    2.27000D-01    7.73000D-01
    2.27500D-01    7.72500D-01
    2.28000D-01    7.72000D-01
    2.28500D-01    7.71500D-01
    2.29000D-01    7.71000D-01
    2.29500D-01    7.70500D-01
    2.30000D-01    7.70000D-01
    2.30500D-01    7.69500D-01
    2.31000D-01    7.69000D-01
    2.31500D-01    7.68500D-01
    2.32000D-01    7.68000D-01
    2.32500D-01    7.67500D-01
    2.33000D-01    7.67000D-01
    2.33500D-01    7.66500D-01
    2.34000D-01    7.66000D-01
    2.34500D-01    7.65500D-01
    2.35000D-01    7.65000D-01
    2.35500D-01    7.64500D-01
    2.36000D-01    7.64000D-01
    2.36500D-01    7.63500D-01
    2.37000D-01    7.63000D-01
    2.37500D-01    7.62500D-01
    2.38000D-01    7.62000D-01
    2.38500D-01    7.61500D-01
    2.39000D-01    7.61000D-01
    2.39500D-01    7.60500D-01
    2.40000D-01    7.60000D-01
    2.40500D-01    7.59500D-01
    2.41000D-01    7.59000D-01
    2.41500D-01    7.58500D-01
    2.42000D-01    7.58000D-01
    2.42500D-01    7.57500D-01
    2.43000D-01    7.57000D-01
    2.43500D-01    7.56500D-01
    2.44000D-01    7.56000D-01
    2.44500D-01    7.55500D-01
    2.45000D-01    7.55000D-01
    2.45500D-01    7.54500D-01
    2.46000D-01    7.54000D-01
    2.46500D-01    7.53500D-01
    2.47000D-01    7.53000D-01
    2.47500D-01    7.52500D-01
    2.48000D-01    7.52000D-01
    2.48500D-01    7.51500D-01
    2.49000D-01    7.51000D-01
    2.49500D-01    7.50500D-01
    2.50000D-01    7.50000D-01
    2.50500D-01    7.49500D-01
    2.51000D-01    7.49000D-01
    2.51500D-01    7.48500D-01
    2.52000D-01    7.48000D-01
    2.52500D-01    7.47500D-01
    2.53000D-01    7.47000D-01
    2.53500D-01    7.46500D-01
    2.54000D-01    7.46000D-01
    2.54500D-01    7.45500D-01
    2.55000D-01    7.45000D-01
    2.55500D-01    7.44500D-01
    2.56000D-01    7.44000D-01
    2.56500D-01    7.43500D-01
    2.57000D-01    7.43000D-01
    2.57500D-01    7.42500D-01
    2.58000D-01    7.42000D-01
    2.58500D-01    7.41500D-01
    2.59000D-01    7.41000D-01
    2.59500D-01    7.40500D-01
    2.60000D-01    7.40000D-01
    2.60500D-01    7.39500D-01
    2.61000D-01    7.39000D-01
    2.61500D-01    7.38500D-01
    2.62000D-01    7.38000D-01
    2.62500D-01    7.37500D-01
    2.63000D-01    7.37000D-01
    2.63500D-01    7.36500D-01
    2.64000D-01    7.36000D-01
    2.64500D-01    7.35500D-01
    2.65000D-01    7.35000D-01
    2.65500D-01    7.34500D-01
    2.66000D-01    7.34000D-01
    2.66500D-01    7.33500D-01
    2.67000D-01    7.33000D-01
    2.67500D-01    7.32500D-01
    2.68000D-01    7.32000D-01
    2.68500D-01    7.31500D-01
    2.69000D-01    7.31000D-01
    2.69500D-01    7.30500D-01
    2.70000D-01    7.30000D-01
    2.70500D-01    7.29500D-01
    2.71000D-01    7.29000D-01
    2.71500D-01    7.28500D-01
    2.72000D-01    7.28000D-01
    2.72500D-01    7.27500D-01
    2.73000D-01    7.27000D-01
    2.73500D-01    7.26500D-01
    2.74000D-01    7.26000D-01
    2.74500D-01    7.25500D-01
    2.75000D-01    7.25000D-01
    2.75500D-01    7.24500D-01
    2.76000D-01    7.24000D-01
    2.76500D-01    7.23500D-01
    2.77000D-01    7.23000D-01
    2.77500D-01    7.22500D-01
    2.78000D-01    7.22000D-01
    2.78500D-01    7.21500D-01
    2.79000D-01    7.21000D-01
    2.79500D-01    7.20500D-01
    2.80000D-01    7.20000D-01
    2.80500D-01    7.19500D-01
    2.81000D-01    7.19000D-01
    2.81500D-01    7.18500D-01
    2.82000D-01    7.18000D-01
    2.82500D-01    7.17500D-01
    2.83000D-01    7.17000D-01
    2.83500D-01    7.16500D-01
    2.84000D-01    7.16000D-01
    2.84500D-01    7.15500D-01
    2.85000D-01    7.15000D-01
    2.85500D-01    7.14500D-01
    2.86000D-01    7.14000D-01
    2.86500D-01    7.13500D-01
    2.87000D-01    7.13000D-01
    2.87500D-01    7.12500D-01
    2.88000D-01    7.12000D-01
    2.88500D-01    7.11500D-01
    2.89000D-01    7.11000D-01
    2.89500D-01    7.10500D-01
    2.90000D-01    7.10000D-01
    2.90500D-01    7.09500D-01
    2.91000D-01    7.09000D-01
    2.91500D-01    7.08500D-01
    2.92000D-01    7.08000D-01
    2.92500D-01    7.07500D-01
    2.93000D-01    7.07000D-01
    2.93500D-01    7.06500D-01
    2.94000D-01    7.06000D-01
    2.94500D-01    7.05500D-01
    2.95000D-01    7.05000D-01
    2.95500D-01    7.04500D-01
    2.96000D-01    7.04000D-01
    2.96500D-01    7.03500D-01
    2.97000D-01    7.03000D-01
    2.97500D-01    7.02500D-01
    2.98000D-01    7.02000D-01
    2.98500D-01    7.01500D-01
    2.99000D-01    7.01000D-01
    2.99500D-01    7.00500D-01
    3.00000D-01    7.00000D-01
    3.00500D-01    6.99500D-01
    3.01000D-01    6.99000D-01
    3.01500D-01    6.98500D-01
    3.02000D-01    6.98000D-01
    3.02500D-01    6.97500D-01
    3.03000D-01    6.97000D-01
    3.03500D-01    6.96500D-01
    3.04000D-01    6.96000D-01
    3.04500D-01    6.95500D-01
    3.05000D-01    6.95000D-01
    3.05500D-01    6.94500D-01
    3.06000D-01    6.94000D-01
    3.06500D-01    6.93500D-01
    3.07000D-01    6.93000D-01
    3.07500D-01    6.92500D-01
    3.08000D-01    6.92000D-01
    3.08500D-01    6.91500D-01
    3.09000D-01    6.91000D-01
    3.09500D-01    6.90500D-01
    3.10000D-01    6.90000D-01
    3.10500D-01    6.89500D-01
    3.11000D-01    6.89000D-01
    3.11500D-01    6.88500D-01
    3.12000D-01    6.88000D-01
    3.12500D-01    6.87500D-01
    3.13000D-01    6.87000D-01
    3.13500D-01    6.86500D-01
    3.14000D-01    6.86000D-01
    3.14500D-01    6.85500D-01
    3.15000D-01    6.85000D-01
    3.15500D-01    6.84500D-01
    3.16000D-01    6.84000D-01
    3.16500D-01    6.83500D-01
    3.17000D-01    6.83000D-01
    3.17500D-01    6.82500D-01
    3.18000D-01    6.82000D-01
    3.18500D-01    6.81500D-01
    3.19000D-01    6.81000D-01
    3.19500D-01    6.80500D-01
    3.20000D-01    6.80000D-01
    3.20500D-01    6.79500D-01
    3.21000D-01    6.79000D-01
    3.21500D-01    6.78500D-01
    3.22000D-01    6.78000D-01
    3.22500D-01    6.77500D-01
    3.23000D-01    6.77000D-01
    3.23500D-01    6.76500D-01
    3.24000D-01    6.76000D-01
    3.24500D-01    6.75500D-01
    3.25000D-01    6.75000D-01
    3.25500D-01    6.74500D-01
    3.26000D-01    6.74000D-01
    3.26500D-01    6.73500D-01
    3.27000D-01    6.73000D-01
    3.27500D-01    6.72500D-01
    3.28000D-01    6.72000D-01
    3.28500D-01    6.71500D-01
    3.29000D-01    6.71000D-01
    3.29500D-01    6.70500D-01
    3.30000D-01    6.70000D-01
    3.30500D-01    6.69500D-01
    3.31000D-01    6.69000D-01
    3.31500D-01    6.68500D-01
    3.32000D-01    6.68000D-01
    3.32500D-01    6.67500D-01
    3.33000D-01    6.67000D-01
    3.33500D-01    6.66500D-01
    3.34000D-01    6.66000D-01
    3.34500D-01    6.65500D-01
    3.35000D-01    6.65000D-01
    3.35500D-01    6.64500D-01
    3.36000D-01    6.64000D-01
    3.36500D-01    6.63500D-01
    3.37000D-01    6.63000D-01
    3.37500D-01    6.62500D-01
    3.38000D-01    6.62000D-01
    3.38500D-01    6.61500D-01
    3.39000D-01    6.61000D-01
    3.39500D-01    6.60500D-01
    3.40000D-01    6.60000D-01
    3.40500D-01    6.59500D-01
    3.41000D-01    6.59000D-01
    3.41500D-01    6.58500D-01
    3.42000D-01    6.58000D-01
    3.42500D-01    6.57500D-01
    3.43000D-01    6.57000D-01
    3.43500D-01    6.56500D-01
    3.44000D-01    6.56000D-01
    3.44500D-01    6.55500D-01
    3.45000D-01    6.55000D-01
    3.45500D-01    6.54500D-01
    3.46000D-01    6.54000D-01
    3.46500D-01    6.53500D-01
    3.47000D-01    6.53000D-01
    3.47500D-01    6.52500D-01
    3.48000D-01    6.52000D-01
    3.48500D-01    6.51500D-01
    3.49000D-01    6.51000D-01
    3.49500D-01    6.50500D-01
    3.50000D-01    6.50000D-01
    3.50500D-01    6.49500D-01
    3.51000D-01    6.49000D-01
    3.51500D-01    6.48500D-01
    3.52000D-01    6.48000D-01
    3.52500D-01    6.47500D-01
    3.53000D-01    6.47000D-01
    3.53500D-01    6.46500D-01
    3.54000D-01    6.46000D-01
    3.54500D-01    6.45500D-01
    3.55000D-01    6.45000D-01
    3.55500D-01    6.44500D-01
    3.56000D-01    6.44000D-01
    3.56500D-01    6.43500D-01
    3.57000D-01    6.43000D-01
    3.57500D-01    6.42500D-01
    3.58000D-01    6.42000D-01
    3.58500D-01    6.41500D-01
    3.59000D-01    6.41000D-01
    3.59500D-01    6.40500D-01
    3.60000D-01    6.40000D-01
    3.60500D-01    6.39500D-01
    3.61000D-01    6.39000D-01
    3.61500D-01    6.38500D-01
    3.62000D-01    6.38000D-01
    3.62500D-01    6.37500D-01
    3.63000D-01    6.37000D-01
    3.63500D-01    6.36500D-01
    3.64000D-01    6.36000D-01
    3.64500D-01    6.35500D-01
    3.65000D-01    6.35000D-01
    3.65500D-01    6.34500D-01
    3.66000D-01    6.34000D-01
    3.66500D-01    6.33500D-01
    3.67000D-01    6.33000D-01
    3.67500D-01    6.32500D-01
    3.68000D-01    6.32000D-01
    3.68500D-01    6.31500D-01
    3.69000D-01    6.31000D-01
    3.69500D-01    6.30500D-01
    3.70000D-01    6.30000D-01
    3.70500D-01    6.29500D-01
    3.71000D-01    6.29000D-01
    3.71500D-01    6.28500D-01
    3.72000D-01    6.28000D-01
    3.72500D-01    6.27500D-01
    3.73000D-01    6.27000D-01
    3.73500D-01    6.26500D-01
    3.74000D-01    6.26000D-01
    3.74500D-01    6.25500D-01
    3.75000D-01    6.25000D-01
    3.75500D-01    6.24500D-01
    3.76000D-01    6.24000D-01
    3.76500D-01    6.23500D-01
    3.77000D-01    6.23000D-01
    3.77500D-01    6.22500D-01
    3.78000D-01    6.22000D-01
    3.78500D-01    6.21500D-01
    3.79000D-01    6.21000D-01
    3.79500D-01    6.20500D-01
    3.80000D-01    6.20000D-01
    3.80500D-01    6.19500D-01
    3.81000D-01    6.19000D-01
    3.81500D-01    6.18500D-01
    3.82000D-01    6.18000D-01
    3.82500D-01    6.17500D-01
    3.83000D-01    6.17000D-01
    3.83500D-01    6.16500D-01
    3.84000D-01    6.16000D-01
    3.84500D-01    6.15500D-01
    3.85000D-01    6.15000D-01
    3.85500D-01    6.14500D-01
    3.86000D-01    6.14000D-01
    3.86500D-01    6.13500D-01
    3.87000D-01    6.13000D-01
    3.87500D-01    6.12500D-01
    3.88000D-01    6.12000D-01
    3.88500D-01    6.11500D-01
    3.89000D-01    6.11000D-01
    3.89500D-01    6.10500D-01
    3.90000D-01    6.10000D-01
    3.90500D-01    6.09500D-01
    3.91000D-01    6.09000D-01
    3.91500D-01    6.08500D-01
    3.92000D-01    6.08000D-01
    3.92500D-01    6.07500D-01
    3.93000D-01    6.07000D-01
    3.93500D-01    6.06500D-01
    3.94000D-01    6.06000D-01
    3.94500D-01    6.05500D-01
    3.95000D-01    6.05000D-01
    3.95500D-01    6.04500D-01
    3.96000D-01    6.04000D-01
    3.96500D-01    6.03500D-01
    3.97000D-01    6.03000D-01
    3.97500D-01    6.02500D-01
    3.98000D-01    6.02000D-01
    3.98500D-01    6.01500D-01
    3.99000D-01    6.01000D-01
    3.99500D-01    6.00500D-01
    4.00000D-01    6.00000D-01
    4.00500D-01    5.99500D-01
    4.01000D-01    5.99000D-01
    4.01500D-01    5.98500D-01
    4.02000D-01    5.98000D-01
    4.02500D-01    5.97500D-01
    4.03000D-01    5.97000D-01
    4.03500D-01    5.96500D-01
    4.04000D-01    5.96000D-01
    4.04500D-01    5.95500D-01
    4.05000D-01    5.95000D-01
    4.05500D-01    5.94500D-01
    4.06000D-01    5.94000D-01
    4.06500D-01    5.93500D-01
    4.07000D-01    5.93000D-01
    4.07500D-01    5.92500D-01
    4.08000D-01    5.92000D-01
    4.08500D-01    5.91500D-01
    4.09000D-01    5.91000D-01
    4.09500D-01    5.90500D-01
    4.10000D-01    5.90000D-01
    4.10500D-01    5.89500D-01
    4.11000D-01    5.89000D-01
    4.11500D-01    5.88500D-01
    4.12000D-01    5.88000D-01
    4.12500D-01    5.87500D-01
    4.13000D-01    5.87000D-01
    4.13500D-01    5.86500D-01
    4.14000D-01    5.86000D-01
    4.14500D-01    5.85500D-01
    4.15000D-01    5.85000D-01
    4.15500D-01    5.84500D-01
    4.16000D-01    5.84000D-01
    4.16500D-01    5.83500D-01
    4.17000D-01    5.83000D-01
    4.17500D-01    5.82500D-01
    4.18000D-01    5.82000D-01
    4.18500D-01    5.81500D-01
    4.19000D-01    5.81000D-01
    4.19500D-01    5.80500D-01
    4.20000D-01    5.80000D-01
    4.20500D-01    5.79500D-01
    4.21000D-01    5.79000D-01
    4.21500D-01    5.78500D-01
    4.22000D-01    5.78000D-01
    4.22500D-01    5.77500D-01
    4.23000D-01    5.77000D-01
    4.23500D-01    5.76500D-01
    4.24000D-01    5.76000D-01
    4.24500D-01    5.75500D-01
    4.25000D-01    5.75000D-01
    4.25500D-01    5.74500D-01
    4.26000D-01    5.74000D-01
    4.26500D-01    5.73500D-01
    4.27000D-01    5.73000D-01
    4.27500D-01    5.72500D-01
    4.28000D-01    5.72000D-01
    4.28500D-01    5.71500D-01
    4.29000D-01    5.71000D-01
    4.29500D-01    5.70500D-01
    4.30000D-01    5.70000D-01
    4.30500D-01    5.69500D-01
    4.31000D-01    5.69000D-01
    4.31500D-01    5.68500D-01
    4.32000D-01    5.68000D-01
    4.32500D-01    5.67500D-01
    4.33000D-01    5.67000D-01
    4.33500D-01    5.66500D-01
    4.34000D-01    5.66000D-01
    4.34500D-01    5.65500D-01
    4.35000D-01    5.65000D-01
    4.35500D-01    5.64500D-01
    4.36000D-01    5.64000D-01
    4.36500D-01    5.63500D-01
    4.37000D-01    5.63000D-01
    4.37500D-01    5.62500D-01
    4.38000D-01    5.62000D-01
    4.38500D-01    5.61500D-01
    4.39000D-01    5.61000D-01
    4.39500D-01    5.60500D-01
    4.40000D-01    5.60000D-01
    4.40500D-01    5.59500D-01
    4.41000D-01    5.59000D-01
    4.41500D-01    5.58500D-01
    4.42000D-01    5.58000D-01
    4.42500D-01    5.57500D-01
    4.43000D-01    5.57000D-01
    4.43500D-01    5.56500D-01
    4.44000D-01    5.56000D-01
    4.44500D-01    5.55500D-01
    4.45000D-01    5.55000D-01
    4.45500D-01    5.54500D-01
    4.46000D-01    5.54000D-01
    4.46500D-01    5.53500D-01
    4.47000D-01    5.53000D-01
    4.47500D-01    5.52500D-01
    4.48000D-01    5.52000D-01
    4.48500D-01    5.51500D-01
    4.49000D-01    5.51000D-01
    4.49500D-01    5.50500D-01
    4.50000D-01    5.50000D-01
    4.50500D-01    5.49500D-01
    4.51000D-01    5.49000D-01
    4.51500D-01    5.48500D-01
    4.52000D-01    5.48000D-01
    4.52500D-01    5.47500D-01
    4.53000D-01    5.47000D-01
    4.53500D-01    5.46500D-01
    4.54000D-01    5.46000D-01
    4.54500D-01    5.45500D-01
    4.55000D-01    5.45000D-01
    4.55500D-01    5.44500D-01
    4.56000D-01    5.44000D-01
    4.56500D-01    5.43500D-01
    4.57000D-01    5.43000D-01
    4.57500D-01    5.42500D-01
    4.58000D-01    5.42000D-01
    4.58500D-01    5.41500D-01
    4.59000D-01    5.41000D-01
    4.59500D-01    5.40500D-01
    4.60000D-01    5.40000D-01
    4.60500D-01    5.39500D-01
    4.61000D-01    5.39000D-01
    4.61500D-01    5.38500D-01
    4.62000D-01    5.38000D-01
    4.62500D-01    5.37500D-01
    4.63000D-01    5.37000D-01
    4.63500D-01    5.36500D-01
    4.64000D-01    5.36000D-01
    4.64500D-01    5.35500D-01
    4.65000D-01    5.35000D-01
    4.65500D-01    5.34500D-01
    4.66000D-01    5.34000D-01
    4.66500D-01    5.33500D-01
    4.67000D-01    5.33000D-01
    4.67500D-01    5.32500D-01
    4.68000D-01    5.32000D-01
    4.68500D-01    5.31500D-01
    4.69000D-01    5.31000D-01
    4.69500D-01    5.30500D-01
    4.70000D-01    5.30000D-01
    4.70500D-01    5.29500D-01
    4.71000D-01    5.29000D-01
    4.71500D-01    5.28500D-01
    4.72000D-01    5.28000D-01
    4.72500D-01    5.27500D-01
    4.73000D-01    5.27000D-01
    4.73500D-01    5.26500D-01
    4.74000D-01    5.26000D-01
    4.74500D-01    5.25500D-01
    4.75000D-01    5.25000D-01
    4.75500D-01    5.24500D-01
    4.76000D-01    5.24000D-01
    4.76500D-01    5.23500D-01
    4.77000D-01    5.23000D-01
    4.77500D-01    5.22500D-01
    4.78000D-01    5.22000D-01
    4.78500D-01    5.21500D-01
    4.79000D-01    5.21000D-01
    4.79500D-01    5.20500D-01
    4.80000D-01    5.20000D-01
    4.80500D-01    5.19500D-01
    4.81000D-01    5.19000D-01
    4.81500D-01    5.18500D-01
    4.82000D-01    5.18000D-01
    4.82500D-01    5.17500D-01
    4.83000D-01    5.17000D-01
    4.83500D-01    5.16500D-01
    4.84000D-01    5.16000D-01
    4.84500D-01    5.15500D-01
    4.85000D-01    5.15000D-01
    4.85500D-01    5.14500D-01
    4.86000D-01    5.14000D-01
    4.86500D-01    5.13500D-01
    4.87000D-01    5.13000D-01
    4.87500D-01    5.12500D-01
    4.88000D-01    5.12000D-01
    4.88500D-01    5.11500D-01
    4.89000D-01    5.11000D-01
    4.89500D-01    5.10500D-01
    4.90000D-01    5.10000D-01
    4.90500D-01    5.09500D-01
    4.91000D-01    5.09000D-01
    4.91500D-01    5.08500D-01
    4.92000D-01    5.08000D-01
    4.92500D-01    5.07500D-01
    4.93000D-01    5.07000D-01
    4.93500D-01    5.06500D-01
    4.94000D-01    5.06000D-01
    4.94500D-01    5.05500D-01
    4.95000D-01    5.05000D-01
    4.95500D-01    5.04500D-01
    4.96000D-01    5.04000D-01
    4.96500D-01    5.03500D-01
    4.97000D-01    5.03000D-01
    4.97500D-01    5.02500D-01
    4.98000D-01    5.02000D-01
    4.98500D-01    5.01500D-01
    4.99000D-01    5.01000D-01
    4.99500D-01    5.00500D-01
    5.00000D-01    5.00000D-01
    5.00500D-01    4.99500D-01
    5.01000D-01    4.99000D-01
    5.01500D-01    4.98500D-01
    5.02000D-01    4.98000D-01
    5.02500D-01    4.97500D-01
    5.03000D-01    4.97000D-01
    5.03500D-01    4.96500D-01
    5.04000D-01    4.96000D-01
    5.04500D-01    4.95500D-01
    5.05000D-01    4.95000D-01
    5.05500D-01    4.94500D-01
    5.06000D-01    4.94000D-01
    5.06500D-01    4.93500D-01
    5.07000D-01    4.93000D-01
    5.07500D-01    4.92500D-01
    5.08000D-01    4.92000D-01
    5.08500D-01    4.91500D-01
    5.09000D-01    4.91000D-01
    5.09500D-01    4.90500D-01
    5.10000D-01    4.90000D-01
    5.10500D-01    4.89500D-01
    5.11000D-01    4.89000D-01
    5.11500D-01    4.88500D-01
    5.12000D-01    4.88000D-01
    5.12500D-01    4.87500D-01
    5.13000D-01    4.87000D-01
    5.13500D-01    4.86500D-01
    5.14000D-01    4.86000D-01
    5.14500D-01    4.85500D-01
    5.15000D-01    4.85000D-01
    5.15500D-01    4.84500D-01
    5.16000D-01    4.84000D-01
    5.16500D-01    4.83500D-01
    5.17000D-01    4.83000D-01
    5.17500D-01    4.82500D-01
    5.18000D-01    4.82000D-01
    5.18500D-01    4.81500D-01
    5.19000D-01    4.81000D-01
    5.19500D-01    4.80500D-01
    5.20000D-01    4.80000D-01
    5.20500D-01    4.79500D-01
    5.21000D-01    4.79000D-01
    5.21500D-01    4.78500D-01
    5.22000D-01    4.78000D-01
    5.22500D-01    4.77500D-01
    5.23000D-01    4.77000D-01
    5.23500D-01    4.76500D-01
    5.24000D-01    4.76000D-01
    5.24500D-01    4.75500D-01
    5.25000D-01    4.75000D-01
    5.25500D-01    4.74500D-01
    5.26000D-01    4.74000D-01
    5.26500D-01    4.73500D-01
    5.27000D-01    4.73000D-01
    5.27500D-01    4.72500D-01
    5.28000D-01    4.72000D-01
    5.28500D-01    4.71500D-01
    5.29000D-01    4.71000D-01
    5.29500D-01    4.70500D-01
    5.30000D-01    4.70000D-01
    5.30500D-01    4.69500D-01
    5.31000D-01    4.69000D-01
    5.31500D-01    4.68500D-01
    5.32000D-01    4.68000D-01
    5.32500D-01    4.67500D-01
    5.33000D-01    4.67000D-01
    5.33500D-01    4.66500D-01
    5.34000D-01    4.66000D-01
    5.34500D-01    4.65500D-01
    5.35000D-01    4.65000D-01
    5.35500D-01    4.64500D-01
    5.36000D-01    4.64000D-01
    5.36500D-01    4.63500D-01
    5.37000D-01    4.63000D-01
    5.37500D-01    4.62500D-01
    5.38000D-01    4.62000D-01
    5.38500D-01    4.61500D-01
    5.39000D-01    4.61000D-01
    5.39500D-01    4.60500D-01
    5.40000D-01    4.60000D-01
    5.40500D-01    4.59500D-01
    5.41000D-01    4.59000D-01
    5.41500D-01    4.58500D-01
    5.42000D-01    4.58000D-01
    5.42500D-01    4.57500D-01
    5.43000D-01    4.57000D-01
    5.43500D-01    4.56500D-01
    5.44000D-01    4.56000D-01
    5.44500D-01    4.55500D-01
    5.45000D-01    4.55000D-01
    5.45500D-01    4.54500D-01
    5.46000D-01    4.54000D-01
    5.46500D-01    4.53500D-01
    5.47000D-01    4.53000D-01
    5.47500D-01    4.52500D-01
    5.48000D-01    4.52000D-01
    5.48500D-01    4.51500D-01
    5.49000D-01    4.51000D-01
    5.49500D-01    4.50500D-01
    5.50000D-01    4.50000D-01
    5.50500D-01    4.49500D-01
    5.51000D-01    4.49000D-01
    5.51500D-01    4.48500D-01
    5.52000D-01    4.48000D-01
    5.52500D-01    4.47500D-01
    5.53000D-01    4.47000D-01
    5.53500D-01    4.46500D-01
    5.54000D-01    4.46000D-01
    5.54500D-01    4.45500D-01
    5.55000D-01    4.45000D-01
    5.55500D-01    4.44500D-01
    5.56000D-01    4.44000D-01
    5.56500D-01    4.43500D-01
    5.57000D-01    4.43000D-01
    5.57500D-01    4.42500D-01
    5.58000D-01    4.42000D-01
    5.58500D-01    4.41500D-01
    5.59000D-01    4.41000D-01
    5.59500D-01    4.40500D-01
    5.60000D-01    4.40000D-01
    5.60500D-01    4.39500D-01
    5.61000D-01    4.39000D-01
    5.61500D-01    4.38500D-01
    5.62000D-01    4.38000D-01
    5.62500D-01    4.37500D-01
    5.63000D-01    4.37000D-01
    5.63500D-01    4.36500D-01
    5.64000D-01    4.36000D-01
    5.64500D-01    4.35500D-01
    5.65000D-01    4.35000D-01
    5.65500D-01    4.34500D-01
    5.66000D-01    4.34000D-01
    5.66500D-01    4.33500D-01
    5.67000D-01    4.33000D-01
    5.67500D-01    4.32500D-01
    5.68000D-01    4.32000D-01
    5.68500D-01    4.31500D-01
    5.69000D-01    4.31000D-01
    5.69500D-01    4.30500D-01
    5.70000D-01    4.30000D-01
    5.70500D-01    4.29500D-01
    5.71000D-01    4.29000D-01
    5.71500D-01    4.28500D-01
    5.72000D-01    4.28000D-01
    5.72500D-01    4.27500D-01
    5.73000D-01    4.27000D-01
    5.73500D-01    4.26500D-01
    5.74000D-01    4.26000D-01
    5.74500D-01    4.25500D-01
    5.75000D-01    4.25000D-01
    5.75500D-01    4.24500D-01
    5.76000D-01    4.24000D-01
    5.76500D-01    4.23500D-01
    5.77000D-01    4.23000D-01
    5.77500D-01    4.22500D-01
    5.78000D-01    4.22000D-01
    5.78500D-01    4.21500D-01
    5.79000D-01    4.21000D-01
    5.79500D-01    4.20500D-01
    5.80000D-01    4.20000D-01
    5.80500D-01    4.19500D-01
    5.81000D-01    4.19000D-01
    5.81500D-01    4.18500D-01
    5.82000D-01    4.18000D-01
    5.82500D-01    4.17500D-01
    5.83000D-01    4.17000D-01
    5.83500D-01    4.16500D-01
    5.84000D-01    4.16000D-01
    5.84500D-01    4.15500D-01
    5.85000D-01    4.15000D-01
    5.85500D-01    4.14500D-01
    5.86000D-01    4.14000D-01
    5.86500D-01    4.13500D-01
    5.87000D-01    4.13000D-01
    5.87500D-01    4.12500D-01
    5.88000D-01    4.12000D-01
    5.88500D-01    4.11500D-01
    5.89000D-01    4.11000D-01
    5.89500D-01    4.10500D-01
    5.90000D-01    4.10000D-01
    5.90500D-01    4.09500D-01
    5.91000D-01    4.09000D-01
    5.91500D-01    4.08500D-01
    5.92000D-01    4.08000D-01
    5.92500D-01    4.07500D-01
    5.93000D-01    4.07000D-01
    5.93500D-01    4.06500D-01
    5.94000D-01    4.06000D-01
    5.94500D-01    4.05500D-01
    5.95000D-01    4.05000D-01
    5.95500D-01    4.04500D-01
    5.96000D-01    4.04000D-01
    5.96500D-01    4.03500D-01
    5.97000D-01    4.03000D-01
    5.97500D-01    4.02500D-01
    5.98000D-01    4.02000D-01
    5.98500D-01    4.01500D-01
    5.99000D-01    4.01000D-01
    5.99500D-01    4.00500D-01
    6.00000D-01    4.00000D-01
    6.00500D-01    3.99500D-01
    6.01000D-01    3.99000D-01
    6.01500D-01    3.98500D-01
    6.02000D-01    3.98000D-01
    6.02500D-01    3.97500D-01
    6.03000D-01    3.97000D-01
    6.03500D-01    3.96500D-01
    6.04000D-01    3.96000D-01
    6.04500D-01    3.95500D-01
    6.05000D-01    3.95000D-01
    6.05500D-01    3.94500D-01
    6.06000D-01    3.94000D-01
    6.06500D-01    3.93500D-01
    6.07000D-01    3.93000D-01
    6.07500D-01    3.92500D-01
    6.08000D-01    3.92000D-01
    6.08500D-01    3.91500D-01
    6.09000D-01    3.91000D-01
    6.09500D-01    3.90500D-01
    6.10000D-01    3.90000D-01
    6.10500D-01    3.89500D-01
    6.11000D-01    3.89000D-01
    6.11500D-01    3.88500D-01
    6.12000D-01    3.88000D-01
    6.12500D-01    3.87500D-01
    6.13000D-01    3.87000D-01
    6.13500D-01    3.86500D-01
    6.14000D-01    3.86000D-01
    6.14500D-01    3.85500D-01
    6.15000D-01    3.85000D-01
    6.15500D-01    3.84500D-01
    6.16000D-01    3.84000D-01
    6.16500D-01    3.83500D-01
    6.17000D-01    3.83000D-01
    6.17500D-01    3.82500D-01
    6.18000D-01    3.82000D-01
    6.18500D-01    3.81500D-01
    6.19000D-01    3.81000D-01
    6.19500D-01    3.80500D-01
    6.20000D-01    3.80000D-01
    6.20500D-01    3.79500D-01
    6.21000D-01    3.79000D-01
    6.21500D-01    3.78500D-01
    6.22000D-01    3.78000D-01
    6.22500D-01    3.77500D-01
    6.23000D-01    3.77000D-01
    6.23500D-01    3.76500D-01
    6.24000D-01    3.76000D-01
    6.24500D-01    3.75500D-01
    6.25000D-01    3.75000D-01
    6.25500D-01    3.74500D-01
    6.26000D-01    3.74000D-01
    6.26500D-01    3.73500D-01
    6.27000D-01    3.73000D-01
    6.27500D-01    3.72500D-01
    6.28000D-01    3.72000D-01
    6.28500D-01    3.71500D-01
    6.29000D-01    3.71000D-01
    6.29500D-01    3.70500D-01
    6.30000D-01    3.70000D-01
    6.30500D-01    3.69500D-01
    6.31000D-01    3.69000D-01
    6.31500D-01    3.68500D-01
    6.32000D-01    3.68000D-01
    6.32500D-01    3.67500D-01
    6.33000D-01    3.67000D-01
    6.33500D-01    3.66500D-01
    6.34000D-01    3.66000D-01
    6.34500D-01    3.65500D-01
    6.35000D-01    3.65000D-01
    6.35500D-01    3.64500D-01
    6.36000D-01    3.64000D-01
    6.36500D-01    3.63500D-01
    6.37000D-01    3.63000D-01
    6.37500D-01    3.62500D-01
    6.38000D-01    3.62000D-01
    6.38500D-01    3.61500D-01
    6.39000D-01    3.61000D-01
    6.39500D-01    3.60500D-01
    6.40000D-01    3.60000D-01
    6.40500D-01    3.59500D-01
    6.41000D-01    3.59000D-01
    6.41500D-01    3.58500D-01
    6.42000D-01    3.58000D-01
    6.42500D-01    3.57500D-01
    6.43000D-01    3.57000D-01
    6.43500D-01    3.56500D-01
    6.44000D-01    3.56000D-01
    6.44500D-01    3.55500D-01
    6.45000D-01    3.55000D-01
    6.45500D-01    3.54500D-01
    6.46000D-01    3.54000D-01
    6.46500D-01    3.53500D-01
    6.47000D-01    3.53000D-01
    6.47500D-01    3.52500D-01
    6.48000D-01    3.52000D-01
    6.48500D-01    3.51500D-01
    6.49000D-01    3.51000D-01
    6.49500D-01    3.50500D-01
    6.50000D-01    3.50000D-01
    6.50500D-01    3.49500D-01
    6.51000D-01    3.49000D-01
    6.51500D-01    3.48500D-01
    6.52000D-01    3.48000D-01
    6.52500D-01    3.47500D-01
    6.53000D-01    3.47000D-01
    6.53500D-01    3.46500D-01
    6.54000D-01    3.46000D-01
    6.54500D-01    3.45500D-01
    6.55000D-01    3.45000D-01
    6.55500D-01    3.44500D-01
    6.56000D-01    3.44000D-01
    6.56500D-01    3.43500D-01
    6.57000D-01    3.43000D-01
    6.57500D-01    3.42500D-01
    6.58000D-01    3.42000D-01
    6.58500D-01    3.41500D-01
    6.59000D-01    3.41000D-01
    6.59500D-01    3.40500D-01
    6.60000D-01    3.40000D-01
    6.60500D-01    3.39500D-01
    6.61000D-01    3.39000D-01
    6.61500D-01    3.38500D-01
    6.62000D-01    3.38000D-01
    6.62500D-01    3.37500D-01
    6.63000D-01    3.37000D-01
    6.63500D-01    3.36500D-01
    6.64000D-01    3.36000D-01
    6.64500D-01    3.35500D-01
    6.65000D-01    3.35000D-01
    6.65500D-01    3.34500D-01
    6.66000D-01    3.34000D-01
    6.66500D-01    3.33500D-01
    6.67000D-01    3.33000D-01
    6.67500D-01    3.32500D-01
    6.68000D-01    3.32000D-01
    6.68500D-01    3.31500D-01
    6.69000D-01    3.31000D-01
    6.69500D-01    3.30500D-01
    6.70000D-01    3.30000D-01
    6.70500D-01    3.29500D-01
    6.71000D-01    3.29000D-01
    6.71500D-01    3.28500D-01
    6.72000D-01    3.28000D-01
    6.72500D-01    3.27500D-01
    6.73000D-01    3.27000D-01
    6.73500D-01    3.26500D-01
    6.74000D-01    3.26000D-01
    6.74500D-01    3.25500D-01
    6.75000D-01    3.25000D-01
    6.75500D-01    3.24500D-01
    6.76000D-01    3.24000D-01
    6.76500D-01    3.23500D-01
    6.77000D-01    3.23000D-01
    6.77500D-01    3.22500D-01
    6.78000D-01    3.22000D-01
    6.78500D-01    3.21500D-01
    6.79000D-01    3.21000D-01
    6.79500D-01    3.20500D-01
    6.80000D-01    3.20000D-01
    6.80500D-01    3.19500D-01
    6.81000D-01    3.19000D-01
    6.81500D-01    3.18500D-01
    6.82000D-01    3.18000D-01
    6.82500D-01    3.17500D-01
    6.83000D-01    3.17000D-01
    6.83500D-01    3.16500D-01
    6.84000D-01    3.16000D-01
    6.84500D-01    3.15500D-01
    6.85000D-01    3.15000D-01
    6.85500D-01    3.14500D-01
    6.86000D-01    3.14000D-01
    6.86500D-01    3.13500D-01
    6.87000D-01    3.13000D-01
    6.87500D-01    3.12500D-01
    6.88000D-01    3.12000D-01
    6.88500D-01    3.11500D-01
    6.89000D-01    3.11000D-01
    6.89500D-01    3.10500D-01
    6.90000D-01    3.10000D-01
    6.90500D-01    3.09500D-01
    6.91000D-01    3.09000D-01
    6.91500D-01    3.08500D-01
    6.92000D-01    3.08000D-01
    6.92500D-01    3.07500D-01
    6.93000D-01    3.07000D-01
    6.93500D-01    3.06500D-01
    6.94000D-01    3.06000D-01
    6.94500D-01    3.05500D-01
    6.95000D-01    3.05000D-01
    6.95500D-01    3.04500D-01
    6.96000D-01    3.04000D-01
    6.96500D-01    3.03500D-01
    6.97000D-01    3.03000D-01
    6.97500D-01    3.02500D-01
    6.98000D-01    3.02000D-01
    6.98500D-01    3.01500D-01
    6.99000D-01    3.01000D-01
    6.99500D-01    3.00500D-01
    7.00000D-01    3.00000D-01
    7.00500D-01    2.99500D-01
    7.01000D-01    2.99000D-01
    7.01500D-01    2.98500D-01
    7.02000D-01    2.98000D-01
    7.02500D-01    2.97500D-01
    7.03000D-01    2.97000D-01
    7.03500D-01    2.96500D-01
    7.04000D-01    2.96000D-01
    7.04500D-01    2.95500D-01
    7.05000D-01    2.95000D-01
    7.05500D-01    2.94500D-01
    7.06000D-01    2.94000D-01
    7.06500D-01    2.93500D-01
    7.07000D-01    2.93000D-01
    7.07500D-01    2.92500D-01
    7.08000D-01    2.92000D-01
    7.08500D-01    2.91500D-01
    7.09000D-01    2.91000D-01
    7.09500D-01    2.90500D-01
    7.10000D-01    2.90000D-01
    7.10500D-01    2.89500D-01
    7.11000D-01    2.89000D-01
    7.11500D-01    2.88500D-01
    7.12000D-01    2.88000D-01
    7.12500D-01    2.87500D-01
    7.13000D-01    2.87000D-01
    7.13500D-01    2.86500D-01
    7.14000D-01    2.86000D-01
    7.14500D-01    2.85500D-01
    7.15000D-01    2.85000D-01
    7.15500D-01    2.84500D-01
    7.16000D-01    2.84000D-01
    7.16500D-01    2.83500D-01
    7.17000D-01    2.83000D-01
    7.17500D-01    2.82500D-01
    7.18000D-01    2.82000D-01
    7.18500D-01    2.81500D-01
    7.19000D-01    2.81000D-01
    7.19500D-01    2.80500D-01
    7.20000D-01    2.80000D-01
    7.20500D-01    2.79500D-01
    7.21000D-01    2.79000D-01
    7.21500D-01    2.78500D-01
    7.22000D-01    2.78000D-01
    7.22500D-01    2.77500D-01
    7.23000D-01    2.77000D-01
    7.23500D-01    2.76500D-01
    7.24000D-01    2.76000D-01
    7.24500D-01    2.75500D-01
    7.25000D-01    2.75000D-01
    7.25500D-01    2.74500D-01
    7.26000D-01    2.74000D-01
    7.26500D-01    2.73500D-01
    7.27000D-01    2.73000D-01
    7.27500D-01    2.72500D-01
    7.28000D-01    2.72000D-01
    7.28500D-01    2.71500D-01
    7.29000D-01    2.71000D-01
    7.29500D-01    2.70500D-01
    7.30000D-01    2.70000D-01
    7.30500D-01    2.69500D-01
    7.31000D-01    2.69000D-01
    7.31500D-01    2.68500D-01
    7.32000D-01    2.68000D-01
    7.32500D-01    2.67500D-01
    7.33000D-01    2.67000D-01
    7.33500D-01    2.66500D-01
    7.34000D-01    2.66000D-01
    7.34500D-01    2.65500D-01
    7.35000D-01    2.65000D-01
    7.35500D-01    2.64500D-01
    7.36000D-01    2.64000D-01
    7.36500D-01    2.63500D-01
    7.37000D-01    2.63000D-01
    7.37500D-01    2.62500D-01
    7.38000D-01    2.62000D-01
    7.38500D-01    2.61500D-01
    7.39000D-01    2.61000D-01
    7.39500D-01    2.60500D-01
    7.40000D-01    2.60000D-01
    7.40500D-01    2.59500D-01
    7.41000D-01    2.59000D-01
    7.41500D-01    2.58500D-01
    7.42000D-01    2.58000D-01
    7.42500D-01    2.57500D-01
    7.43000D-01    2.57000D-01
    7.43500D-01    2.56500D-01
    7.44000D-01    2.56000D-01
    7.44500D-01    2.55500D-01
    7.45000D-01    2.55000D-01
    7.45500D-01    2.54500D-01
    7.46000D-01    2.54000D-01
    7.46500D-01    2.53500D-01
    7.47000D-01    2.53000D-01
    7.47500D-01    2.52500D-01
    7.48000D-01    2.52000D-01
    7.48500D-01    2.51500D-01
    7.49000D-01    2.51000D-01
    7.49500D-01    2.50500D-01
    7.50000D-01    2.50000D-01
    7.50500D-01    2.49500D-01
    7.51000D-01    2.49000D-01
    7.51500D-01    2.48500D-01
    7.52000D-01    2.48000D-01
    7.52500D-01    2.47500D-01
    7.53000D-01    2.47000D-01
    7.53500D-01    2.46500D-01
    7.54000D-01    2.46000D-01
    7.54500D-01    2.45500D-01
    7.55000D-01    2.45000D-01
    7.55500D-01    2.44500D-01
    7.56000D-01    2.44000D-01
    7.56500D-01    2.43500D-01
    7.57000D-01    2.43000D-01
    7.57500D-01    2.42500D-01
    7.58000D-01    2.42000D-01
    7.58500D-01    2.41500D-01
    7.59000D-01    2.41000D-01
    7.59500D-01    2.40500D-01
    7.60000D-01    2.40000D-01
    7.60500D-01    2.39500D-01
    7.61000D-01    2.39000D-01
    7.61500D-01    2.38500D-01
    7.62000D-01    2.38000D-01
    7.62500D-01    2.37500D-01
    7.63000D-01    2.37000D-01
    7.63500D-01    2.36500D-01
    7.64000D-01    2.36000D-01
    7.64500D-01    2.35500D-01
    7.65000D-01    2.35000D-01
    7.65500D-01    2.34500D-01
    7.66000D-01    2.34000D-01
    7.66500D-01    2.33500D-01
    7.67000D-01    2.33000D-01
    7.67500D-01    2.32500D-01
    7.68000D-01    2.32000D-01
    7.68500D-01    2.31500D-01
    7.69000D-01    2.31000D-01
    7.69500D-01    2.30500D-01
    7.70000D-01    2.30000D-01
    7.70500D-01    2.29500D-01
    7.71000D-01    2.29000D-01
    7.71500D-01    2.28500D-01
    7.72000D-01    2.28000D-01
    7.72500D-01    2.27500D-01
    7.73000D-01    2.27000D-01
    7.73500D-01    2.26500D-01
    7.74000D-01    2.26000D-01
    7.74500D-01    2.25500D-01
    7.75000D-01    2.25000D-01
    7.75500D-01    2.24500D-01
    7.76000D-01    2.24000D-01
    7.76500D-01    2.23500D-01
    7.77000D-01    2.23000D-01
    7.77500D-01    2.22500D-01
    7.78000D-01    2.22000D-01
    7.78500D-01    2.21500D-01
    7.79000D-01    2.21000D-01
    7.79500D-01    2.20500D-01
    7.80000D-01    2.20000D-01
    7.80500D-01    2.19500D-01
    7.81000D-01    2.19000D-01
    7.81500D-01    2.18500D-01
    7.82000D-01    2.18000D-01
    7.82500D-01    2.17500D-01
    7.83000D-01    2.17000D-01
    7.83500D-01    2.16500D-01
    7.84000D-01    2.16000D-01
    7.84500D-01    2.15500D-01
    7.85000D-01    2.15000D-01
    7.85500D-01    2.14500D-01
    7.86000D-01    2.14000D-01
    7.86500D-01    2.13500D-01
    7.87000D-01    2.13000D-01
    7.87500D-01    2.12500D-01
    7.88000D-01    2.12000D-01
    7.88500D-01    2.11500D-01
    7.89000D-01    2.11000D-01
    7.89500D-01    2.10500D-01
    7.90000D-01    2.10000D-01
    7.90500D-01    2.09500D-01
    7.91000D-01    2.09000D-01
    7.91500D-01    2.08500D-01
    7.92000D-01    2.08000D-01
    7.92500D-01    2.07500D-01
    7.93000D-01    2.07000D-01
    7.93500D-01    2.06500D-01
    7.94000D-01    2.06000D-01
    7.94500D-01    2.05500D-01
    7.95000D-01    2.05000D-01
    7.95500D-01    2.04500D-01
    7.96000D-01    2.04000D-01
    7.96500D-01    2.03500D-01
    7.97000D-01    2.03000D-01
    7.97500D-01    2.02500D-01
    7.98000D-01    2.02000D-01
    7.98500D-01    2.01500D-01
    7.99000D-01    2.01000D-01
    7.99500D-01    2.00500D-01
    8.00000D-01    2.00000D-01
    8.00500D-01    1.99500D-01
    8.01000D-01    1.99000D-01
    8.01500D-01    1.98500D-01
    8.02000D-01    1.98000D-01
    8.02500D-01    1.97500D-01
    8.03000D-01    1.97000D-01
    8.03500D-01    1.96500D-01
    8.04000D-01    1.96000D-01
    8.04500D-01    1.95500D-01
    8.05000D-01    1.95000D-01
    8.05500D-01    1.94500D-01
    8.06000D-01    1.94000D-01
    8.06500D-01    1.93500D-01
    8.07000D-01    1.93000D-01
    8.07500D-01    1.92500D-01
    8.08000D-01    1.92000D-01
    8.08500D-01    1.91500D-01
    8.09000D-01    1.91000D-01
    8.09500D-01    1.90500D-01
    8.10000D-01    1.90000D-01
    8.10500D-01    1.89500D-01
    8.11000D-01    1.89000D-01
    8.11500D-01    1.88500D-01
    8.12000D-01    1.88000D-01
    8.12500D-01    1.87500D-01
    8.13000D-01    1.87000D-01
    8.13500D-01    1.86500D-01
    8.14000D-01    1.86000D-01
    8.14500D-01    1.85500D-01
    8.15000D-01    1.85000D-01
    8.15500D-01    1.84500D-01
    8.16000D-01    1.84000D-01
    8.16500D-01    1.83500D-01
    8.17000D-01    1.83000D-01
    8.17500D-01    1.82500D-01
    8.18000D-01    1.82000D-01
    8.18500D-01    1.81500D-01
    8.19000D-01    1.81000D-01
    8.19500D-01    1.80500D-01
    8.20000D-01    1.80000D-01
    8.20500D-01    1.79500D-01
    8.21000D-01    1.79000D-01
    8.21500D-01    1.78500D-01
    8.22000D-01    1.78000D-01
    8.22500D-01    1.77500D-01
    8.23000D-01    1.77000D-01
    8.23500D-01    1.76500D-01
    8.24000D-01    1.76000D-01
    8.24500D-01    1.75500D-01
    8.25000D-01    1.75000D-01
    8.25500D-01    1.74500D-01
    8.26000D-01    1.74000D-01
    8.26500D-01    1.73500D-01
    8.27000D-01    1.73000D-01
    8.27500D-01    1.72500D-01
    8.28000D-01    1.72000D-01
    8.28500D-01    1.71500D-01
    8.29000D-01    1.71000D-01
    8.29500D-01    1.70500D-01
    8.30000D-01    1.70000D-01
    8.30500D-01    1.69500D-01
    8.31000D-01    1.69000D-01
    8.31500D-01    1.68500D-01
    8.32000D-01    1.68000D-01
    8.32500D-01    1.67500D-01
    8.33000D-01    1.67000D-01
    8.33500D-01    1.66500D-01
    8.34000D-01    1.66000D-01
    8.34500D-01    1.65500D-01
    8.35000D-01    1.65000D-01
    8.35500D-01    1.64500D-01
    8.36000D-01    1.64000D-01
    8.36500D-01    1.63500D-01
    8.37000D-01    1.63000D-01
    8.37500D-01    1.62500D-01
    8.38000D-01    1.62000D-01
    8.38500D-01    1.61500D-01
    8.39000D-01    1.61000D-01
    8.39500D-01    1.60500D-01
    8.40000D-01    1.60000D-01
    8.40500D-01    1.59500D-01
    8.41000D-01    1.59000D-01
    8.41500D-01    1.58500D-01
    8.42000D-01    1.58000D-01
    8.42500D-01    1.57500D-01
    8.43000D-01    1.57000D-01
    8.43500D-01    1.56500D-01
    8.44000D-01    1.56000D-01
    8.44500D-01    1.55500D-01
    8.45000D-01    1.55000D-01
    8.45500D-01    1.54500D-01
    8.46000D-01    1.54000D-01
    8.46500D-01    1.53500D-01
    8.47000D-01    1.53000D-01
    8.47500D-01    1.52500D-01
    8.48000D-01    1.52000D-01
    8.48500D-01    1.51500D-01
    8.49000D-01    1.51000D-01
    8.49500D-01    1.50500D-01
    8.50000D-01    1.50000D-01
    8.50500D-01    1.49500D-01
    8.51000D-01    1.49000D-01
    8.51500D-01    1.48500D-01
    8.52000D-01    1.48000D-01
    8.52500D-01    1.47500D-01
    8.53000D-01    1.47000D-01
    8.53500D-01    1.46500D-01
    8.54000D-01    1.46000D-01
    8.54500D-01    1.45500D-01
    8.55000D-01    1.45000D-01
    8.55500D-01    1.44500D-01
    8.56000D-01    1.44000D-01
    8.56500D-01    1.43500D-01
    8.57000D-01    1.43000D-01
    8.57500D-01    1.42500D-01
    8.58000D-01    1.42000D-01
    8.58500D-01    1.41500D-01
    8.59000D-01    1.41000D-01
    8.59500D-01    1.40500D-01
    8.60000D-01    1.40000D-01
    8.60500D-01    1.39500D-01
    8.61000D-01    1.39000D-01
    8.61500D-01    1.38500D-01
    8.62000D-01    1.38000D-01
    8.62500D-01    1.37500D-01
    8.63000D-01    1.37000D-01
    8.63500D-01    1.36500D-01
    8.64000D-01    1.36000D-01
    8.64500D-01    1.35500D-01
    8.65000D-01    1.35000D-01
    8.65500D-01    1.34500D-01
    8.66000D-01    1.34000D-01
    8.66500D-01    1.33500D-01
    8.67000D-01    1.33000D-01
    8.67500D-01    1.32500D-01
    8.68000D-01    1.32000D-01
    8.68500D-01    1.31500D-01
    8.69000D-01    1.31000D-01
    8.69500D-01    1.30500D-01
    8.70000D-01    1.30000D-01
    8.70500D-01    1.29500D-01
    8.71000D-01    1.29000D-01
    8.71500D-01    1.28500D-01
    8.72000D-01    1.28000D-01
    8.72500D-01    1.27500D-01
    8.73000D-01    1.27000D-01
    8.73500D-01    1.26500D-01
    8.74000D-01    1.26000D-01
    8.74500D-01    1.25500D-01
    8.75000D-01    1.25000D-01
    8.75500D-01    1.24500D-01
    8.76000D-01    1.24000D-01
    8.76500D-01    1.23500D-01
    8.77000D-01    1.23000D-01
    8.77500D-01    1.22500D-01
    8.78000D-01    1.22000D-01
    8.78500D-01    1.21500D-01
    8.79000D-01    1.21000D-01
    8.79500D-01    1.20500D-01
    8.80000D-01    1.20000D-01
    8.80500D-01    1.19500D-01
    8.81000D-01    1.19000D-01
    8.81500D-01    1.18500D-01
    8.82000D-01    1.18000D-01
    8.82500D-01    1.17500D-01
    8.83000D-01    1.17000D-01
    8.83500D-01    1.16500D-01
    8.84000D-01    1.16000D-01
    8.84500D-01    1.15500D-01
    8.85000D-01    1.15000D-01
    8.85500D-01    1.14500D-01
    8.86000D-01    1.14000D-01
    8.86500D-01    1.13500D-01
    8.87000D-01    1.13000D-01
    8.87500D-01    1.12500D-01
    8.88000D-01    1.12000D-01
    8.88500D-01    1.11500D-01
    8.89000D-01    1.11000D-01
    8.89500D-01    1.10500D-01
    8.90000D-01    1.10000D-01
    8.90500D-01    1.09500D-01
    8.91000D-01    1.09000D-01
    8.91500D-01    1.08500D-01
    8.92000D-01    1.08000D-01
    8.92500D-01    1.07500D-01
    8.93000D-01    1.07000D-01
    8.93500D-01    1.06500D-01
    8.94000D-01    1.06000D-01
    8.94500D-01    1.05500D-01
    8.95000D-01    1.05000D-01
    8.95500D-01    1.04500D-01
    8.96000D-01    1.04000D-01
    8.96500D-01    1.03500D-01
    8.97000D-01    1.03000D-01
    8.97500D-01    1.02500D-01
    8.98000D-01    1.02000D-01
    8.98500D-01    1.01500D-01
    8.99000D-01    1.01000D-01
    8.99500D-01    1.00500D-01
    9.00000D-01    1.00000D-01
    9.00500D-01    9.94999D-02
    9.01000D-01    9.90000D-02
    9.01500D-01    9.85000D-02
    9.02000D-01    9.79999D-02
    9.02500D-01    9.75000D-02
    9.03000D-01    9.69999D-02
    9.03500D-01    9.65000D-02
    9.04000D-01    9.60000D-02
    9.04500D-01    9.54999D-02
    9.05000D-01    9.50000D-02
    9.05500D-01    9.44999D-02
    9.06000D-01    9.40000D-02
    9.06500D-01    9.35000D-02
    9.07000D-01    9.29999D-02
    9.07500D-01    9.25000D-02
    9.08000D-01    9.19999D-02
    9.08500D-01    9.15000D-02
    9.09000D-01    9.10000D-02
    9.09500D-01    9.04999D-02
    9.10000D-01    9.00000D-02
    9.10500D-01    8.95000D-02
    9.11000D-01    8.89999D-02
    9.11500D-01    8.85000D-02
    9.12000D-01    8.79999D-02
    9.12500D-01    8.75000D-02
    9.13000D-01    8.70000D-02
    9.13500D-01    8.64999D-02
    9.14000D-01    8.60000D-02
    9.14500D-01    8.54999D-02
    9.15000D-01    8.50000D-02
    9.15500D-01    8.45000D-02
    9.16000D-01    8.39999D-02
    9.16500D-01    8.35000D-02
    9.17000D-01    8.29999D-02
    9.17500D-01    8.25000D-02
    9.18000D-01    8.20000D-02
    9.18500D-01    8.14999D-02
    9.19000D-01    8.10000D-02
    9.19500D-01    8.04999D-02
    9.20000D-01    8.00000D-02
    9.20500D-01    7.95000D-02
    9.21000D-01    7.89999D-02
    9.21500D-01    7.85000D-02
    9.22000D-01    7.79999D-02
    9.22500D-01    7.75000D-02
    9.23000D-01    7.70000D-02
    9.23500D-01    7.64999D-02
    9.24000D-01    7.60000D-02
    9.24500D-01    7.55000D-02
    9.25000D-01    7.49999D-02
    9.25500D-01    7.45000D-02
    9.26000D-01    7.39999D-02
    9.26500D-01    7.35000D-02
    9.27000D-01    7.30000D-02
    9.27500D-01    7.24999D-02
    9.28000D-01    7.20000D-02
    9.28500D-01    7.14999D-02
    9.29000D-01    7.10000D-02
    9.29500D-01    7.05000D-02
    9.30000D-01    6.99999D-02
    9.30500D-01    6.95000D-02
    9.31000D-01    6.89999D-02
    9.31500D-01    6.85000D-02
    9.32000D-01    6.80000D-02
    9.32500D-01    6.74999D-02
    9.33000D-01    6.70000D-02
    9.33500D-01    6.64999D-02
    9.34000D-01    6.60000D-02
    9.34500D-01    6.55000D-02
    9.35000D-01    6.49999D-02
    9.35500D-01    6.45000D-02
    9.36000D-01    6.40000D-02
    9.36500D-01    6.34999D-02
    9.37000D-01    6.30000D-02
    9.37500D-01    6.24999D-02
    9.38000D-01    6.20000D-02
    9.38500D-01    6.15000D-02
    9.39000D-01    6.09999D-02
    9.39500D-01    6.05000D-02
    9.40000D-01    5.99999D-02
    9.40500D-01    5.95000D-02
    9.41000D-01    5.90000D-02
    9.41500D-01    5.84999D-02
    9.42000D-01    5.80000D-02
    9.42500D-01    5.74999D-02
    9.43000D-01    5.70000D-02
    9.43500D-01    5.65000D-02
    9.44000D-01    5.59999D-02
    9.44500D-01    5.55000D-02
    9.45000D-01    5.49999D-02
    9.45500D-01    5.45000D-02
    9.46000D-01    5.40000D-02
    9.46500D-01    5.34999D-02
    9.47000D-01    5.30000D-02
    9.47500D-01    5.24999D-02
    9.48000D-01    5.19999D-02
    9.48500D-01    5.15000D-02
    9.49000D-01    5.09999D-02
    9.49500D-01    5.05000D-02
    9.50000D-01    5.00000D-02
    9.50500D-01    4.94999D-02
    9.51000D-01    4.90000D-02
    9.51500D-01    4.84999D-02
    9.52000D-01    4.80000D-02
    9.52500D-01    4.75000D-02
    9.53000D-01    4.69999D-02
    9.53500D-01    4.65000D-02
    9.54000D-01    4.59999D-02
    9.54500D-01    4.55000D-02
    9.55000D-01    4.50000D-02
    9.55500D-01    4.44999D-02
    9.56000D-01    4.40000D-02
    9.56500D-01    4.34999D-02
    9.57000D-01    4.30000D-02
    9.57500D-01    4.25000D-02
    9.58000D-01    4.19999D-02
    9.58500D-01    4.15000D-02
    9.59000D-01    4.09999D-02
    9.59500D-01    4.04999D-02
    9.60000D-01    4.00000D-02
    9.60500D-01    3.94999D-02
    9.61000D-01    3.90000D-02
    9.61500D-01    3.85000D-02
    9.62000D-01    3.79999D-02
    9.62500D-01    3.75000D-02
    9.63000D-01    3.69999D-02
    9.63500D-01    3.65000D-02
    9.64000D-01    3.60000D-02
    9.64500D-01    3.54999D-02
    9.65000D-01    3.50000D-02
    9.65500D-01    3.44999D-02
    9.66000D-01    3.40000D-02
    9.66500D-01    3.35000D-02
    9.67000D-01    3.29999D-02
    9.67500D-01    3.25000D-02
    9.68000D-01    3.19999D-02
    9.68500D-01    3.15000D-02
    9.69000D-01    3.10000D-02
    9.69500D-01    3.04999D-02
    9.70000D-01    3.00000D-02
    9.70500D-01    2.94999D-02
    9.71000D-01    2.89999D-02
    9.71500D-01    2.85000D-02
    9.72000D-01    2.79999D-02
    9.72500D-01    2.75000D-02
    9.73000D-01    2.70000D-02
    9.73500D-01    2.64999D-02
    9.74000D-01    2.60000D-02
    9.74500D-01    2.54999D-02
    9.75000D-01    2.50000D-02
    9.75500D-01    2.45000D-02
    9.76000D-01    2.39999D-02
    9.76500D-01    2.35000D-02
    9.77000D-01    2.29999D-02
    9.77500D-01    2.25000D-02
    9.78000D-01    2.20000D-02
    9.78500D-01    2.14999D-02
    9.79000D-01    2.10000D-02
    9.79500D-01    2.04999D-02
    9.80000D-01    2.00000D-02
    9.80500D-01    1.95000D-02
    9.81000D-01    1.89999D-02
    9.81500D-01    1.85000D-02
    9.82000D-01    1.79999D-02
    9.82500D-01    1.74999D-02
    9.83000D-01    1.70000D-02
    9.83500D-01    1.64999D-02
    9.84000D-01    1.60000D-02
    9.84500D-01    1.54999D-02
    9.85000D-01    1.49999D-02
    9.85500D-01    1.45000D-02
    9.86000D-01    1.39999D-02
    9.86500D-01    1.35000D-02
    9.87000D-01    1.30000D-02
    9.87500D-01    1.24999D-02
    9.88000D-01    1.20000D-02
    9.88500D-01    1.14999D-02
    9.89000D-01    1.10000D-02
    9.89500D-01    1.05000D-02
    9.90000D-01    9.99993D-03
    9.90500D-01    9.49997D-03
    9.91000D-01    8.99994D-03
    9.91500D-01    8.49998D-03
    9.92000D-01    7.99996D-03
    9.92500D-01    7.49993D-03
    9.93000D-01    6.99997D-03
    9.93500D-01    6.49995D-03
    9.94000D-01    5.99998D-03
    9.94500D-01    5.49996D-03
    9.95000D-01    4.99994D-03
    9.95500D-01    4.49997D-03
    9.96000D-01    3.99995D-03
    9.96500D-01    3.49993D-03
    9.97000D-01    2.99996D-03
    9.97500D-01    2.49994D-03
    9.98000D-01    1.99997D-03
    9.98500D-01    1.49995D-03
    9.99000D-01    9.99928D-04
    9.99500D-01    4.99964D-04
    1.00000D+00    0.00000D+00
