    0.0000000000E+00    9.9999995444E-01    1.0000000000E+00    1.5000000000E+00    4.0006195081E-01
    5.0000000000E-02    9.5741932778E-01    9.7082948169E-01    1.4270737042E+00    3.9217261035E-01
    1.0000000000E-01    9.1664903825E-01    9.4307612851E-01    1.3576903213E+00    3.8444640633E-01
    1.5000000000E-01    8.7634506784E-01    9.1548570553E-01    1.2887142638E+00    3.7653098046E-01
    2.0000000000E-01    8.3968826681E-01    8.9106649127E-01    1.2276662282E+00    3.6931350231E-01
    2.5000000000E-01    8.0328263077E-01    8.6662607171E-01    1.1665651793E+00    3.6186950898E-01
    3.0000000000E-01    7.6676297339E-01    8.4182262147E-01    1.1045565537E+00    3.5406814980E-01
    3.5000000000E-01    7.3426154936E-01    8.2057705829E-01    1.0514426457E+00    3.4717226186E-01
    4.0000000000E-01    7.0182782739E-01    7.9915196358E-01    9.9787990894E-01    3.3999719079E-01
    4.5000000000E-01    6.7094897180E-01    7.7896047896E-01    9.4740119741E-01    3.3301462026E-01
    5.0000000000E-01    6.4024060839E-01    7.5871788072E-01    8.9679470180E-01    3.2577939757E-01
    5.5000000000E-01    6.1131980461E-01    7.3993650983E-01    8.4984127456E-01    3.1883639364E-01
    6.0000000000E-01    5.8412973533E-01    7.2257546347E-01    8.0643865867E-01    3.1220213372E-01
    6.5000000000E-01    5.5849117701E-01    7.0644528745E-01    7.6611321862E-01    3.0583437068E-01
    7.0000000000E-01    5.3315412141E-01    6.9041216536E-01    7.2603041341E-01    2.9929455388E-01
    7.5000000000E-01    5.0888795423E-01    6.7518521034E-01    6.8796302585E-01    2.9287051635E-01
    8.0000000000E-01    4.8502729024E-01    6.6017228800E-01    6.5043072001E-01    2.8631664659E-01
    8.5000000000E-01    4.6261077619E-01    6.4630509112E-01    6.1576272780E-01    2.8004708998E-01
    9.0000000000E-01    4.4069597524E-01    6.3274671408E-01    5.8186678519E-01    2.7370111824E-01
    9.5000000000E-01    4.1966656787E-01    6.1984043844E-01    5.4960109610E-01    2.6744139185E-01
    1.0000000000E+00    4.0039587063E-01    6.0834380758E-01    5.2085951894E-01    2.6166180719E-01
    1.0500000000E+00    3.8115685823E-01    5.9675388294E-01    4.9188470735E-01    2.5563422930E-01
    1.1000000000E+00    3.6202397876E-01    5.8515007351E-01    4.6287518378E-01    2.4937848814E-01
    1.1500000000E+00    3.4459636019E-01    5.7489912416E-01    4.3724781040E-01    2.4363600620E-01
    1.2000000000E+00    3.2778927009E-01    5.6507089448E-01    4.1267723621E-01    2.3792928157E-01
    1.2500000000E+00    3.1156813179E-01    5.5563870195E-01    3.8909675489E-01    2.3224978143E-01
    1.3000000000E+00    2.9598032247E-01    5.4664342269E-01    3.6660855672E-01    2.2662938007E-01
    1.3500000000E+00    2.8094761835E-01    5.3802130430E-01    3.4505326076E-01    2.2103743664E-01
    1.4000000000E+00    2.6654871755E-01    5.2983770593E-01    3.2459426482E-01    2.1552427417E-01
    1.4500000000E+00    2.5280912060E-01    5.2211229238E-01    3.0528073095E-01    2.1011607126E-01
    1.5000000000E+00    2.3955220474E-01    5.1470195746E-01    2.8675489364E-01    2.0472627616E-01
    1.5500000000E+00    2.2693810269E-01    5.0773490934E-01    2.6933727336E-01    1.9945571667E-01
    1.6000000000E+00    2.1497541799E-01    5.0121536817E-01    2.5303842042E-01    1.9432508064E-01
    1.6500000000E+00    2.0342139908E-01    4.9495123435E-01    2.3737808587E-01    1.8920096416E-01
    1.7000000000E+00    1.9233012292E-01    4.8898583074E-01    2.2246457684E-01    1.8412357892E-01
    1.7500000000E+00    1.8163433584E-01    4.8326742002E-01    2.0816855005E-01    1.7905763677E-01
    1.8000000000E+00    1.7144939446E-01    4.7788452040E-01    1.9471130101E-01    1.7408739544E-01
    1.8500000000E+00    1.6163835734E-01    4.7273228980E-01    1.8183072449E-01    1.6913078139E-01
    1.9000000000E+00    1.5245108295E-01    4.6799718282E-01    1.6999295705E-01    1.6437365744E-01
    1.9500000000E+00    1.4343602592E-01    4.6334188381E-01    1.5835470953E-01    1.5950484388E-01
    2.0000000000E+00    1.3511166534E-01    4.5914862072E-01    1.4787155180E-01    1.5491473841E-01
    2.0500000000E+00    1.2698379233E-01    4.5505349535E-01    1.3763373838E-01    1.5024503857E-01
    2.1000000000E+00    1.1948986925E-01    4.5137268076E-01    1.2843170190E-01    1.4584860342E-01
    2.1500000000E+00    1.1220440307E-01    4.4779821864E-01    1.1949554659E-01    1.4139924003E-01
    2.2000000000E+00    1.0515952874E-01    4.4435484024E-01    1.1088710060E-01    1.3692393820E-01
    2.2500000000E+00    9.8380832028E-02    4.4106169775E-01    1.0265424436E-01    1.3244742753E-01
    2.3000000000E+00    9.2168906154E-02    4.3812641580E-01    9.5316039502E-02    1.2825303599E-01
    2.3500000000E+00    8.6207863387E-02    4.3532773541E-01    8.8319338517E-02    1.2407151758E-01
    2.4000000000E+00    8.0511237682E-02    4.3267514514E-01    8.1687862857E-02    1.1992188870E-01
    2.4500000000E+00    7.5087915312E-02    4.3017452898E-01    7.5436322440E-02    1.1582103511E-01
    2.5000000000E+00    6.9942767024E-02    4.2782864055E-01    6.9571601380E-02    1.1178375542E-01
    2.5500000000E+00    6.5255520238E-02    4.2575481131E-01    6.4387028282E-02    1.0801978356E-01
    2.6000000000E+00    6.0651078842E-02    4.2370465874E-01    5.9261646860E-02    1.0413462044E-01
    2.6500000000E+00    5.6174388880E-02    4.2170980635E-01    5.4274515877E-02    1.0017177886E-01
    2.7000000000E+00    5.2126613517E-02    4.1996401751E-01    4.9910043772E-02    9.6498134570E-02
    2.7500000000E+00    4.8217532695E-02    4.1827976281E-01    4.5699407032E-02    9.2780229127E-02
    2.8000000000E+00    4.4581060124E-02    4.1674190639E-01    4.1854765966E-02    8.9195397467E-02
    2.8500000000E+00    4.1203543306E-02    4.1534051158E-01    3.8351278941E-02    8.5745257428E-02
    2.9000000000E+00    3.7896170634E-02    4.1395830533E-01    3.4895763315E-02    8.2177995480E-02
    2.9500000000E+00    3.4855399960E-02    4.1271662673E-01    3.1791566830E-02    7.8778535254E-02
    3.0000000000E+00    3.1992018789E-02    4.1156005598E-01    2.8900139938E-02    7.5432992793E-02
    3.0500000000E+00    2.9309891926E-02    4.1049065792E-01    2.6226644802E-02    7.2159062098E-02
    3.1000000000E+00    2.6809398685E-02    4.0950825645E-01    2.3770641118E-02    6.8971353004E-02
    3.1500000000E+00    2.4439293531E-02    4.0858237456E-01    2.1455936408E-02    6.5794167584E-02
    3.2000000000E+00    2.2254890689E-02    4.0774533835E-01    1.9363345876E-02    6.2737106349E-02
    3.2500000000E+00    2.0209997936E-02    4.0696990428E-01    1.7424760693E-02    5.9731084340E-02
    3.3000000000E+00    1.8275838164E-02    4.0623965547E-01    1.5599138681E-02    5.6728489703E-02
    3.3500000000E+00    1.6523550442E-02    4.0559501751E-01    1.3987543778E-02    5.3888769533E-02
    3.4000000000E+00    1.4887869849E-02    4.0499869975E-01    1.2496749381E-02    5.1092917318E-02
    3.4500000000E+00    1.3352380038E-02    4.0444170445E-01    1.1104261131E-02    4.8312783161E-02
    3.5000000000E+00    1.1946322596E-02    4.0394037130E-01    9.8509282520E-03    4.5629794215E-02
    3.5500000000E+00    1.0666888806E-02    4.0349297981E-01    8.7324495372E-03    4.3057795416E-02
    3.6000000000E+00    9.4674782883E-03    4.0307415686E-01    7.6853921525E-03    4.0488397518E-02
    3.6500000000E+00    8.3832976251E-03    4.0270317451E-01    6.7579362782E-03    3.8032968231E-02
    3.7000000000E+00    7.3796435338E-03    4.0236145492E-01    5.9036372934E-03    3.5606551222E-02
    3.7500000000E+00    6.4723406808E-03    4.0205765956E-01    5.1441489087E-03    3.3273781955E-02
    3.8000000000E+00    5.6528387485E-03    4.0178738521E-01    4.4684630127E-03    3.1027601212E-02
    3.8500000000E+00    4.9031713666E-03    4.0154140765E-01    3.8535191340E-03    2.8821139791E-02
    3.9000000000E+00    4.2336489086E-03    4.0132541595E-01    3.3135398695E-03    2.6711573781E-02
    3.9500000000E+00    3.6271327971E-03    4.0113076186E-01    2.8269046549E-03    2.4649174251E-02
    4.0000000000E+00    3.0880787906E-03    4.0096010542E-01    2.4002635481E-03    2.2672512110E-02
    4.0500000000E+00    2.6089183774E-03    4.0080988636E-01    2.0247158953E-03    2.0768987135E-02
    4.1000000000E+00    2.1850783294E-03    4.0067814359E-01    1.6953589846E-03    1.8937591309E-02
    4.1500000000E+00    1.8118775666E-03    4.0056289530E-01    1.4072382603E-03    1.7175202298E-02
    4.2000000000E+00    1.4864041094E-03    4.0046310395E-01    1.1577598757E-03    1.5488593910E-02
    4.2500000000E+00    1.2053266942E-03    4.0037754832E-01    9.4387081186E-04    1.3883033792E-02
    4.3000000000E+00    9.6330087146E-04    4.0030398687E-01    7.5996718570E-04    1.2347565728E-02
    4.3500000000E+00    7.5809062071E-04    4.0024181848E-01    6.0454619648E-04    1.0893860238E-02
    4.4000000000E+00    5.8585942319E-04    4.0018963105E-01    4.7407761291E-04    9.5208546940E-03
    4.4500000000E+00    4.4304833655E-04    4.0014616973E-01    3.6542432480E-04    8.2281567559E-03
    4.5000000000E+00    3.2645642693E-04    4.0011037955E-01    2.7594887780E-04    7.0182295298E-03
    4.5500000000E+00    2.3328489812E-04    4.0008143923E-01    2.0359806610E-04 NaN                
    4.6000000000E+00    1.6049528883E-04    4.0005840204E-01    1.4600511142E-04 NaN                
    4.6500000000E+00    1.0516955303E-04    4.0004038140E-01    1.0095350613E-04 NaN                
    4.7000000000E+00    6.4703451681E-05    4.0002666934E-01    6.6673358966E-05 NaN                
    4.7500000000E+00    3.6521577697E-05    4.0001656243E-01    4.1406068281E-05 NaN                
    4.8000000000E+00    1.8195046150E-05    4.0000942588E-01    2.3564691460E-05 NaN                
    4.8500000000E+00    7.4435289125E-06    4.0000469148E-01    1.1728693209E-05 NaN                
    4.9000000000E+00    2.1280564275E-06    4.0000184650E-01    4.6162507053E-06 NaN                
    4.9500000000E+00    2.5576967698E-07    4.0000042476E-01    1.0619109158E-06 NaN                
    5.0000000000E+00    1.6982614247E-09    4.0000048307E-01    1.2076746019E-06 NaN                
