    6.6777958813E-08    1.0000000000E+00
    5.0006677796E-04    9.9996261588E-01
    1.0000667780E-03    9.9985049472E-01
    1.5000667780E-03    9.9966367048E-01
    2.0000667780E-03    9.9940219969E-01
    2.5000667780E-03    9.9906616146E-01
    3.0000667780E-03    9.9865565739E-01
    3.5000667780E-03    9.9817081154E-01
    4.0000667780E-03    9.9761177034E-01
    4.5000667780E-03    9.9697870248E-01
    5.0000667780E-03    9.9627179885E-01
    5.5000667780E-03    9.9549127235E-01
    6.0000667780E-03    9.9463735781E-01
    6.5000667780E-03    9.9371031182E-01
    7.0000667780E-03    9.9271041259E-01
    7.5000667780E-03    9.9163795973E-01
    8.0000667780E-03    9.9049327410E-01
    8.5000667780E-03    9.8927669759E-01
    9.0000667780E-03    9.8798859292E-01
    9.5000667780E-03    9.8662934341E-01
    1.0000066778E-02    9.8519935273E-01
    1.0500066778E-02    9.8369904464E-01
    1.1000066778E-02    9.8212886278E-01
    1.1500066778E-02    9.8048927033E-01
    1.2000066778E-02    9.7878074975E-01
    1.2500066778E-02    9.7700380252E-01
    1.3000066778E-02    9.7515894876E-01
    1.3500066778E-02    9.7324672698E-01
    1.4000066778E-02    9.7126769373E-01
    1.4500066778E-02    9.6922242323E-01
    1.5000066778E-02    9.6711150709E-01
    1.5500066778E-02    9.6493555389E-01
    1.6000066778E-02    9.6269518886E-01
    1.6500066778E-02    9.6039105350E-01
    1.7000066778E-02    9.5802380517E-01
    1.7500066778E-02    9.5559411675E-01
    1.8000066778E-02    9.5310267621E-01
    1.8500066778E-02    9.5055018624E-01
    1.9000066778E-02    9.4793736380E-01
    1.9500066778E-02    9.4526493974E-01
    2.0000066778E-02    9.4253365840E-01
    2.0500066778E-02    9.3974427712E-01
    2.1000066778E-02    9.3689756587E-01
    2.1500066778E-02    9.3399430680E-01
    2.2000066778E-02    9.3103529380E-01
    2.2500066778E-02    9.2802133205E-01
    2.3000066778E-02    9.2495323760E-01
    2.3500066778E-02    9.2183183692E-01
    2.4000066778E-02    9.1865796641E-01
    2.4500066778E-02    9.1543247200E-01
    2.5000066778E-02    9.1215620869E-01
    2.5500066778E-02    9.0883004007E-01
    2.6000066778E-02    9.0545483788E-01
    2.6500066778E-02    9.0203148156E-01
    2.7000066778E-02    8.9856085778E-01
    2.7500066778E-02    8.9504386003E-01
    2.8000066778E-02    8.9148138809E-01
    2.8500066778E-02    8.8787434765E-01
    2.9000066778E-02    8.8422364980E-01
    2.9500066778E-02    8.8053021063E-01
    3.0000066778E-02    8.7679495075E-01
    3.0500066778E-02    8.7301879486E-01
    3.1000066778E-02    8.6920267128E-01
    3.1500066778E-02    8.6534751157E-01
    3.2000066778E-02    8.6145425002E-01
    3.2500066778E-02    8.5752382327E-01
    3.3000066778E-02    8.5355716985E-01
    3.3500066778E-02    8.4955522978E-01
    3.4000066778E-02    8.4551894415E-01
    3.4500066778E-02    8.4144925466E-01
    3.5000066778E-02    8.3734710327E-01
    3.5500066778E-02    8.3321343176E-01
    3.6000066778E-02    8.2904918134E-01
    3.6500066778E-02    8.2485529226E-01
    3.7000066778E-02    8.2063270340E-01
    3.7500066778E-02    8.1638235193E-01
    3.8000066778E-02    8.1210517289E-01
    3.8500066778E-02    8.0780209885E-01
    3.9000066778E-02    8.0347405955E-01
    3.9500066778E-02    7.9912198151E-01
    4.0000066778E-02    7.9474678773E-01
    4.0500066778E-02    7.9034939732E-01
    4.1000066778E-02    7.8593072518E-01
    4.1500066778E-02    7.8149168165E-01
    4.2000066778E-02    7.7703317224E-01
    4.2500066778E-02    7.7255609725E-01
    4.3000066778E-02    7.6806135155E-01
    4.3500066778E-02    7.6354982420E-01
    4.4000066778E-02    7.5902239825E-01
    4.4500066778E-02    7.5447995039E-01
    4.5000066778E-02    7.4992335071E-01
    4.5500066778E-02    7.4535346245E-01
    4.6000066778E-02    7.4077114172E-01
    4.6500066778E-02    7.3617723727E-01
    4.7000066778E-02    7.3157259026E-01
    4.7500066778E-02    7.2695803400E-01
    4.8000066778E-02    7.2233439377E-01
    4.8500066778E-02    7.1770248658E-01
    4.9000066778E-02    7.1306312098E-01
    4.9500066778E-02    7.0841709685E-01
    5.0000066778E-02    7.0376520524E-01
    5.0500066778E-02    6.9910822817E-01
    5.1000066778E-02    6.9444693844E-01
    5.1500066778E-02    6.8978209953E-01
    5.2000066778E-02    6.8511446537E-01
    5.2500066778E-02    6.8044478027E-01
    5.3000066778E-02    6.7577377870E-01
    5.3500066778E-02    6.7110218524E-01
    5.4000066778E-02    6.6643071442E-01
    5.4500066778E-02    6.6176007057E-01
    5.5000066778E-02    6.5709094780E-01
    5.5500066778E-02    6.5242402982E-01
    5.6000066778E-02    6.4775998989E-01
    5.6500066778E-02    6.4309949074E-01
    5.7000066778E-02    6.3844318445E-01
    5.7500066778E-02    6.3379171244E-01
    5.8000066778E-02    6.2914570537E-01
    5.8500066778E-02    6.2450578309E-01
    5.9000066778E-02    6.1987255461E-01
    5.9500066778E-02    6.1524661802E-01
    6.0000066778E-02    6.1062856051E-01
    6.0500066778E-02    6.0601895829E-01
    6.1000066778E-02    6.0141837659E-01
    6.1500066778E-02    5.9682736966E-01
    6.2000066778E-02    5.9224648073E-01
    6.2500066778E-02    5.8767624203E-01
    6.3000066778E-02    5.8311717478E-01
    6.3500066778E-02    5.7856978920E-01
    6.4000066778E-02    5.7403458453E-01
    6.4500066778E-02    5.6951204904E-01
    6.5000066778E-02    5.6500266006E-01
    6.5500066778E-02    5.6050688401E-01
    6.6000066778E-02    5.5602517642E-01
    6.6500066778E-02    5.5155798201E-01
    6.7000066778E-02    5.4710573467E-01
    6.7500066778E-02    5.4266885757E-01
    6.8000066778E-02    5.3824776317E-01
    6.8500066778E-02    5.3384285332E-01
    6.9000066778E-02    5.2945451926E-01
    6.9500066778E-02    5.2508314174E-01
    7.0000066778E-02    5.2072909107E-01
    7.0500066778E-02    5.1639272719E-01
    7.1000066778E-02    5.1207439975E-01
    7.1500066778E-02    5.0777444817E-01
    7.2000066778E-02    5.0349320178E-01
    7.2500066778E-02    4.9923097983E-01
    7.3000066778E-02    4.9498809164E-01
    7.3500066778E-02    4.9076483664E-01
    7.4000066778E-02    4.8656150452E-01
    7.4500066778E-02    4.8237837528E-01
    7.5000066778E-02    4.7821571938E-01
    7.5500066778E-02    4.7407379777E-01
    7.6000066778E-02    4.6995286206E-01
    7.6500066778E-02    4.6585315459E-01
    7.7000066778E-02    4.6177490856E-01
    7.7500066778E-02    4.5771834812E-01
    7.8000066778E-02    4.5368368851E-01
    7.8500066778E-02    4.4967113612E-01
    7.9000066778E-02    4.4568088866E-01
    7.9500066778E-02    4.4171313526E-01
    8.0000066778E-02    4.3776805657E-01
    8.0500066778E-02    4.3384582490E-01
    8.1000066778E-02    4.2994660432E-01
    8.1500066778E-02    4.2607055079E-01
    8.2000066778E-02    4.2221781230E-01
    8.2500066778E-02    4.1838852896E-01
    8.3000066778E-02    4.1458283312E-01
    8.3500066778E-02    4.1080084955E-01
    8.4000066778E-02    4.0704269549E-01
    8.4500066778E-02    4.0330848081E-01
    8.5000066778E-02    3.9959830815E-01
    8.5500066778E-02    3.9591227302E-01
    8.6000066778E-02    3.9225046390E-01
    8.6500066778E-02    3.8861296245E-01
    8.7000066778E-02    3.8499984353E-01
    8.7500066778E-02    3.8141117541E-01
    8.8000066778E-02    3.7784701983E-01
    8.8500066778E-02    3.7430743218E-01
    8.9000066778E-02    3.7079246157E-01
    8.9500066778E-02    3.6730215100E-01
    9.0000066778E-02    3.6383653747E-01
    9.0500066778E-02    3.6039565206E-01
    9.1000066778E-02    3.5697952012E-01
    9.1500066778E-02    3.5358816135E-01
    9.2000066778E-02    3.5022158993E-01
    9.2500066778E-02    3.4687981464E-01
    9.3000066778E-02    3.4356283896E-01
    9.3500066778E-02    3.4027066124E-01
    9.4000066778E-02    3.3700327476E-01
    9.4500066778E-02    3.3376066788E-01
    9.5000066778E-02    3.3054282414E-01
    9.5500066778E-02    3.2734972240E-01
    9.6000066778E-02    3.2418133692E-01
    9.6500066778E-02    3.2103763748E-01
    9.7000066778E-02    3.1791858952E-01
    9.7500066778E-02    3.1482415422E-01
    9.8000066778E-02    3.1175428861E-01
    9.8500066778E-02    3.0870894571E-01
    9.9000066778E-02    3.0568807460E-01
    9.9500066778E-02    3.0269162053E-01
    1.0000006678E-01    2.9971952507E-01
    1.0050006678E-01    2.9677172615E-01
    1.0100006678E-01    2.9384815818E-01
    1.0150006678E-01    2.9094875220E-01
    1.0200006678E-01    2.8807343592E-01
    1.0250006678E-01    2.8522213383E-01
    1.0300006678E-01    2.8239476731E-01
    1.0350006678E-01    2.7959125474E-01
    1.0400006678E-01    2.7681151156E-01
    1.0450006678E-01    2.7405545038E-01
    1.0500006678E-01    2.7132298107E-01
    1.0550006678E-01    2.6861401085E-01
    1.0600006678E-01    2.6592844438E-01
    1.0650006678E-01    2.6326618385E-01
    1.0700006678E-01    2.6062712906E-01
    1.0750006678E-01    2.5801117750E-01
    1.0800006678E-01    2.5541822445E-01
    1.0850006678E-01    2.5284816304E-01
    1.0900006678E-01    2.5030088434E-01
    1.0950006678E-01    2.4777627747E-01
    1.1000006678E-01    2.4527422961E-01
    1.1050006678E-01    2.4279462613E-01
    1.1100006678E-01    2.4033735066E-01
    1.1150006678E-01    2.3790228514E-01
    1.1200006678E-01    2.3548930991E-01
    1.1250006678E-01    2.3309830377E-01
    1.1300006678E-01    2.3072914406E-01
    1.1350006678E-01    2.2838170672E-01
    1.1400006678E-01    2.2605586636E-01
    1.1450006678E-01    2.2375149634E-01
    1.1500006678E-01    2.2146846878E-01
    1.1550006678E-01    2.1920665471E-01
    1.1600006678E-01    2.1696592405E-01
    1.1650006678E-01    2.1474614571E-01
    1.1700006678E-01    2.1254718764E-01
    1.1750006678E-01    2.1036891692E-01
    1.1800006678E-01    2.0821119973E-01
    1.1850006678E-01    2.0607390150E-01
    1.1900006678E-01    2.0395688693E-01
    1.1950006678E-01    2.0186002000E-01
    1.2000006678E-01    1.9978316410E-01
    1.2050006678E-01    1.9772618201E-01
    1.2100006678E-01    1.9568893599E-01
    1.2150006678E-01    1.9367128781E-01
    1.2200006678E-01    1.9167309880E-01
    1.2250006678E-01    1.8969422992E-01
    1.2300006678E-01    1.8773454176E-01
    1.2350006678E-01    1.8579389460E-01
    1.2400006678E-01    1.8387214847E-01
    1.2450006678E-01    1.8196916319E-01
    1.2500006678E-01    1.8008479837E-01
    1.2550006678E-01    1.7821891350E-01
    1.2600006678E-01    1.7637136797E-01
    1.2650006678E-01    1.7454202107E-01
    1.2700006678E-01    1.7273073210E-01
    1.2750006678E-01    1.7093736034E-01
    1.2800006678E-01    1.6916176511E-01
    1.2850006678E-01    1.6740380580E-01
    1.2900006678E-01    1.6566334191E-01
    1.2950006678E-01    1.6394023306E-01
    1.3000006678E-01    1.6223433906E-01
    1.3050006678E-01    1.6054551989E-01
    1.3100006678E-01    1.5887363575E-01
    1.3150006678E-01    1.5721854711E-01
    1.3200006678E-01    1.5558011470E-01
    1.3250006678E-01    1.5395819956E-01
    1.3300006678E-01    1.5235266305E-01
    1.3350006678E-01    1.5076336689E-01
    1.3400006678E-01    1.4919017316E-01
    1.3450006678E-01    1.4763294437E-01
    1.3500006678E-01    1.4609154341E-01
    1.3550006678E-01    1.4456583363E-01
    1.3600006678E-01    1.4305567885E-01
    1.3650006678E-01    1.4156094336E-01
    1.3700006678E-01    1.4008149194E-01
    1.3750006678E-01    1.3861718992E-01
    1.3800006678E-01    1.3716790313E-01
    1.3850006678E-01    1.3573349798E-01
    1.3900006678E-01    1.3431384144E-01
    1.3950006678E-01    1.3290880106E-01
    1.4000006678E-01    1.3151824499E-01
    1.4050006678E-01    1.3014204202E-01
    1.4100006678E-01    1.2878006153E-01
    1.4150006678E-01    1.2743217357E-01
    1.4200006678E-01    1.2609824884E-01
    1.4250006678E-01    1.2477815871E-01
    1.4300006678E-01    1.2347177520E-01
    1.4350006678E-01    1.2217897107E-01
    1.4400006678E-01    1.2089961974E-01
    1.4450006678E-01    1.1963359536E-01
    1.4500006678E-01    1.1838077280E-01
    1.4550006678E-01    1.1714102765E-01
    1.4600006678E-01    1.1591423624E-01
    1.4650006678E-01    1.1470027566E-01
    1.4700006678E-01    1.1349902374E-01
    1.4750006678E-01    1.1231035907E-01
    1.4800006678E-01    1.1113416103E-01
    1.4850006678E-01    1.0997030975E-01
    1.4900006678E-01    1.0881868616E-01
    1.4950006678E-01    1.0767917196E-01
    1.5000006678E-01    1.0655164965E-01
    1.5050006678E-01    1.0543600253E-01
    1.5100006678E-01    1.0433211470E-01
    1.5150006678E-01    1.0323987107E-01
    1.5200006678E-01    1.0215915735E-01
    1.5250006678E-01    1.0108986006E-01
    1.5300006678E-01    1.0003186656E-01
    1.5350006678E-01    9.8985065007E-02
    1.5400006678E-01    9.7949344385E-02
    1.5450006678E-01    9.6924594507E-02
    1.5500006678E-01    9.5910706008E-02
    1.5550006678E-01    9.4907570353E-02
    1.5600006678E-01    9.3915079835E-02
    1.5650006678E-01    9.2933127578E-02
    1.5700006678E-01    9.1961607539E-02
    1.5750006678E-01    9.1000414504E-02
    1.5800006678E-01    9.0049444093E-02
    1.5850006678E-01    8.9108592760E-02
    1.5900006678E-01    8.8177757789E-02
    1.5950006678E-01    8.7256837297E-02
    1.6000006678E-01    8.6345730235E-02
    1.6050006678E-01    8.5444336383E-02
    1.6100006678E-01    8.4552556350E-02
    1.6150006678E-01    8.3670291577E-02
    1.6200006678E-01    8.2797444332E-02
    1.6250006678E-01    8.1933917707E-02
    1.6300006678E-01    8.1079615622E-02
    1.6350006678E-01    8.0234442817E-02
    1.6400006678E-01    7.9398304855E-02
    1.6450006678E-01    7.8571108117E-02
    1.6500006678E-01    7.7752759800E-02
    1.6550006678E-01    7.6943167916E-02
    1.6600006678E-01    7.6142241288E-02
    1.6650006678E-01    7.5349889546E-02
    1.6700006678E-01    7.4566023130E-02
    1.6750006678E-01    7.3790553278E-02
    1.6800006678E-01    7.3023392032E-02
    1.6850006678E-01    7.2264452228E-02
    1.6900006678E-01    7.1513647496E-02
    1.6950006678E-01    7.0770892257E-02
    1.7000006678E-01    7.0036101717E-02
    1.7050006678E-01    6.9309191864E-02
    1.7100006678E-01    6.8590079467E-02
    1.7150006678E-01    6.7878682069E-02
    1.7200006678E-01    6.7174917984E-02
    1.7250006678E-01    6.6478706294E-02
    1.7300006678E-01    6.5789966844E-02
    1.7350006678E-01    6.5108620237E-02
    1.7400006678E-01    6.4434587833E-02
    1.7450006678E-01    6.3767791742E-02
    1.7500006678E-01    6.3108154817E-02
    1.7550006678E-01    6.2455600658E-02
    1.7600006678E-01    6.1810053598E-02
    1.7650006678E-01    6.1171438706E-02
    1.7700006678E-01    6.0539681777E-02
    1.7750006678E-01    5.9914709332E-02
    1.7800006678E-01    5.9296448608E-02
    1.7850006678E-01    5.8684827560E-02
    1.7900006678E-01    5.8079774849E-02
    1.7950006678E-01    5.7481219843E-02
    1.8000006678E-01    5.6889092609E-02
    1.8050006678E-01    5.6303323910E-02
    1.8100006678E-01    5.5723845198E-02
    1.8150006678E-01    5.5150588613E-02
    1.8200006678E-01    5.4583486971E-02
    1.8250006678E-01    5.4022473769E-02
    1.8300006678E-01    5.3467483169E-02
    1.8350006678E-01    5.2918450002E-02
    1.8400006678E-01    5.2375309759E-02
    1.8450006678E-01    5.1837998585E-02
    1.8500006678E-01    5.1306453278E-02
    1.8550006678E-01    5.0780611279E-02
    1.8600006678E-01    5.0260410671E-02
    1.8650006678E-01    4.9745790171E-02
    1.8700006678E-01    4.9236689127E-02
    1.8750006678E-01    4.8733047512E-02
    1.8800006678E-01    4.8234805919E-02
    1.8850006678E-01    4.7741905557E-02
    1.8900006678E-01    4.7254288242E-02
    1.8950006678E-01    4.6771896399E-02
    1.9000006678E-01    4.6294673050E-02
    1.9050006678E-01    4.5822561813E-02
    1.9100006678E-01    4.5355506895E-02
    1.9150006678E-01    4.4893453087E-02
    1.9200006678E-01    4.4436345761E-02
    1.9250006678E-01    4.3984130864E-02
    1.9300006678E-01    4.3536754910E-02
    1.9350006678E-01    4.3094164981E-02
    1.9400006678E-01    4.2656308715E-02
    1.9450006678E-01    4.2223134308E-02
    1.9500006678E-01    4.1794590503E-02
    1.9550006678E-01    4.1370626589E-02
    1.9600006678E-01    4.0951192395E-02
    1.9650006678E-01    4.0536238283E-02
    1.9700006678E-01    4.0125715148E-02
    1.9750006678E-01    3.9719574406E-02
    1.9800006678E-01    3.9317767998E-02
    1.9850006678E-01    3.8920248376E-02
    1.9900006678E-01    3.8526968506E-02
    1.9950006678E-01    3.8137881858E-02
    2.0000006678E-01    3.7752942402E-02
    2.0050006678E-01    3.7372104607E-02
    2.0100006678E-01    3.6995323432E-02
    2.0150006678E-01    3.6622554323E-02
    2.0200006678E-01    3.6253753208E-02
    2.0250006678E-01    3.5888876492E-02
    2.0300006678E-01    3.5527881056E-02
    2.0350006678E-01    3.5170724244E-02
    2.0400006678E-01    3.4817363869E-02
    2.0450006678E-01    3.4467758201E-02
    2.0500006678E-01    3.4121865963E-02
    2.0550006678E-01    3.3779646332E-02
    2.0600006678E-01    3.3441058928E-02
    2.0650006678E-01    3.3106063812E-02
    2.0700006678E-01    3.2774621486E-02
    2.0750006678E-01    3.2446692879E-02
    2.0800006678E-01    3.2122239352E-02
    2.0850006678E-01    3.1801222688E-02
    2.0900006678E-01    3.1483605093E-02
    2.0950006678E-01    3.1169349184E-02
    2.1000006678E-01    3.0858417991E-02
    2.1050006678E-01    3.0550774953E-02
    2.1100006678E-01    3.0246383909E-02
    2.1150006678E-01    2.9945209098E-02
    2.1200006678E-01    2.9647215153E-02
    2.1250006678E-01    2.9352367099E-02
    2.1300006678E-01    2.9060630346E-02
    2.1350006678E-01    2.8771970688E-02
    2.1400006678E-01    2.8486354296E-02
    2.1450006678E-01    2.8203747716E-02
    2.1500006678E-01    2.7924117866E-02
    2.1550006678E-01    2.7647432030E-02
    2.1600006678E-01    2.7373657855E-02
    2.1650006678E-01    2.7102763346E-02
    2.1700006678E-01    2.6834716866E-02
    2.1750006678E-01    2.6569487128E-02
    2.1800006678E-01    2.6307043193E-02
    2.1850006678E-01    2.6047354466E-02
    2.1900006678E-01    2.5790390694E-02
    2.1950006678E-01    2.5536121960E-02
    2.2000006678E-01    2.5284518680E-02
    2.2050006678E-01    2.5035551601E-02
    2.2100006678E-01    2.4789191795E-02
    2.2150006678E-01    2.4545410658E-02
    2.2200006678E-01    2.4304179904E-02
    2.2250006678E-01    2.4065471565E-02
    2.2300006678E-01    2.3829257983E-02
    2.2350006678E-01    2.3595511811E-02
    2.2400006678E-01    2.3364206007E-02
    2.2450006678E-01    2.3135313831E-02
    2.2500006678E-01    2.2908808844E-02
    2.2550006678E-01    2.2684664902E-02
    2.2600006678E-01    2.2462856151E-02
    2.2650006678E-01    2.2243357032E-02
    2.2700006678E-01    2.2026142267E-02
    2.2750006678E-01    2.1811186865E-02
    2.2800006678E-01    2.1598466114E-02
    2.2850006678E-01    2.1387955578E-02
    2.2900006678E-01    2.1179631096E-02
    2.2950006678E-01    2.0973468778E-02
    2.3000006678E-01    2.0769445002E-02
    2.3050006678E-01    2.0567536411E-02
    2.3100006678E-01    2.0367719911E-02
    2.3150006678E-01    2.0169972665E-02
    2.3200006678E-01    1.9974272094E-02
    2.3250006678E-01    1.9780595873E-02
    2.3300006678E-01    1.9588921928E-02
    2.3350006678E-01    1.9399228431E-02
    2.3400006678E-01    1.9211493800E-02
    2.3450006678E-01    1.9025696696E-02
    2.3500006678E-01    1.8841816021E-02
    2.3550006678E-01    1.8659830911E-02
    2.3600006678E-01    1.8479720739E-02
    2.3650006678E-01    1.8301465109E-02
    2.3700006678E-01    1.8125043855E-02
    2.3750006678E-01    1.7950437035E-02
    2.3800006678E-01    1.7777624935E-02
    2.3850006678E-01    1.7606588060E-02
    2.3900006678E-01    1.7437307135E-02
    2.3950006678E-01    1.7269763102E-02
    2.4000006678E-01    1.7103937117E-02
    2.4050006678E-01    1.6939810548E-02
    2.4100006678E-01    1.6777364971E-02
    2.4150006678E-01    1.6616582172E-02
    2.4200006678E-01    1.6457444139E-02
    2.4250006678E-01    1.6299933065E-02
    2.4300006678E-01    1.6144031340E-02
    2.4350006678E-01    1.5989721555E-02
    2.4400006678E-01    1.5836986495E-02
    2.4450006678E-01    1.5685809140E-02
    2.4500006678E-01    1.5536172659E-02
    2.4550006678E-01    1.5388060411E-02
    2.4600006678E-01    1.5241455944E-02
    2.4650006678E-01    1.5096342988E-02
    2.4700006678E-01    1.4952705457E-02
    2.4750006678E-01    1.4810527447E-02
    2.4800006678E-01    1.4669793230E-02
    2.4850006678E-01    1.4530487256E-02
    2.4900006678E-01    1.4392594149E-02
    2.4950006678E-01    1.4256098708E-02
    2.5000006678E-01    1.4120985900E-02
    2.5050006678E-01    1.3987240860E-02
    2.5100006678E-01    1.3854848894E-02
    2.5150006678E-01    1.3723795468E-02
    2.5200006678E-01    1.3594066215E-02
    2.5250006678E-01    1.3465646926E-02
    2.5300006678E-01    1.3338523553E-02
    2.5350006678E-01    1.3212682206E-02
    2.5400006678E-01    1.3088109149E-02
    2.5450006678E-01    1.2964790802E-02
    2.5500006678E-01    1.2842713735E-02
    2.5550006678E-01    1.2721864670E-02
    2.5600006678E-01    1.2602230477E-02
    2.5650006678E-01    1.2483798173E-02
    2.5700006678E-01    1.2366554922E-02
    2.5750006678E-01    1.2250488028E-02
    2.5800006678E-01    1.2135584940E-02
    2.5850006678E-01    1.2021833247E-02
    2.5900006678E-01    1.1909220677E-02
    2.5950006678E-01    1.1797735093E-02
    2.6000006678E-01    1.1687364497E-02
    2.6050006678E-01    1.1578097023E-02
    2.6100006678E-01    1.1469920937E-02
    2.6150006678E-01    1.1362824637E-02
    2.6200006678E-01    1.1256796652E-02
    2.6250006678E-01    1.1151825636E-02
    2.6300006678E-01    1.1047900372E-02
    2.6350006678E-01    1.0945009766E-02
    2.6400006678E-01    1.0843142851E-02
    2.6450006678E-01    1.0742288778E-02
    2.6500006678E-01    1.0642436822E-02
    2.6550006678E-01    1.0543576377E-02
    2.6600006678E-01    1.0445696954E-02
    2.6650006678E-01    1.0348788182E-02
    2.6700006678E-01    1.0252839804E-02
    2.6750006678E-01    1.0157841679E-02
    2.6800006678E-01    1.0063783777E-02
    2.6850006678E-01    9.9706561797E-03
    2.6900006678E-01    9.8784490805E-03
    2.6950006678E-01    9.7871527805E-03
    2.7000006678E-01    9.6967576887E-03
    2.7050006678E-01    9.6072543207E-03
    2.7100006678E-01    9.5186332972E-03
    2.7150006678E-01    9.4308853432E-03
    2.7200006678E-01    9.3440012862E-03
    2.7250006678E-01    9.2579720556E-03
    2.7300006678E-01    9.1727886812E-03
    2.7350006678E-01    9.0884422922E-03
    2.7400006678E-01    9.0049241159E-03
    2.7450006678E-01    8.9222254769E-03
    2.7500006678E-01    8.8403377954E-03
    2.7550006678E-01    8.7592525868E-03
    2.7600006678E-01    8.6789614602E-03
    2.7650006678E-01    8.5994561172E-03
    2.7700006678E-01    8.5207283512E-03
    2.7750006678E-01    8.4427700463E-03
    2.7800006678E-01    8.3655731760E-03
    2.7850006678E-01    8.2891298022E-03
    2.7900006678E-01    8.2134320745E-03
    2.7950006678E-01    8.1384722291E-03
    2.8000006678E-01    8.0642425874E-03
    2.8050006678E-01    7.9907355555E-03
    2.8100006678E-01    7.9179436232E-03
    2.8150006678E-01    7.8458593626E-03
    2.8200006678E-01    7.7744754278E-03
    2.8250006678E-01    7.7037845533E-03
    2.8300006678E-01    7.6337795537E-03
    2.8350006678E-01    7.5644533222E-03
    2.8400006678E-01    7.4957988303E-03
    2.8450006678E-01    7.4278091263E-03
    2.8500006678E-01    7.3604773350E-03
    2.8550006678E-01    7.2937966562E-03
    2.8600006678E-01    7.2277603646E-03
    2.8650006678E-01    7.1623618081E-03
    2.8700006678E-01    7.0975944076E-03
    2.8750006678E-01    7.0334516560E-03
    2.8800006678E-01    6.9699271174E-03
    2.8850006678E-01    6.9070144259E-03
    2.8900006678E-01    6.8447072853E-03
    2.8950006678E-01    6.7829994683E-03
    2.9000006678E-01    6.7218848153E-03
    2.9050006678E-01    6.6613572339E-03
    2.9100006678E-01    6.6014106982E-03
    2.9150006678E-01    6.5420392479E-03
    2.9200006678E-01    6.4832369876E-03
    2.9250006678E-01    6.4249980859E-03
    2.9300006678E-01    6.3673167751E-03
    2.9350006678E-01    6.3101873500E-03
    2.9400006678E-01    6.2536041674E-03
    2.9450006678E-01    6.1975616456E-03
    2.9500006678E-01    6.1420542631E-03
    2.9550006678E-01    6.0870765586E-03
    2.9600006678E-01    6.0326231299E-03
    2.9650006678E-01    5.9786886333E-03
    2.9700006678E-01    5.9252677832E-03
    2.9750006678E-01    5.8723553510E-03
    2.9800006678E-01    5.8199461646E-03
    2.9850006678E-01    5.7680351080E-03
    2.9900006678E-01    5.7166171205E-03
    2.9950006678E-01    5.6656871959E-03
    3.0000006678E-01    5.6152403822E-03
    3.0050006678E-01    5.5652717808E-03
    3.0100006678E-01    5.5157765458E-03
    3.0150006678E-01    5.4667498837E-03
    3.0200006678E-01    5.4181870525E-03
    3.0250006678E-01    5.3700833613E-03
    3.0300006678E-01    5.3224341697E-03
    3.0350006678E-01    5.2752348872E-03
    3.0400006678E-01    5.2284809726E-03
    3.0450006678E-01    5.1821679335E-03
    3.0500006678E-01    5.1362913257E-03
    3.0550006678E-01    5.0908467527E-03
    3.0600006678E-01    5.0458298651E-03
    3.0650006678E-01    5.0012363602E-03
    3.0700006678E-01    4.9570619814E-03
    3.0750006678E-01    4.9133025175E-03
    3.0800006678E-01    4.8699538026E-03
    3.0850006678E-01    4.8270117150E-03
    3.0900006678E-01    4.7844721775E-03
    3.0950006678E-01    4.7423311559E-03
    3.1000006678E-01    4.7005846597E-03
    3.1050006678E-01    4.6592287403E-03
    3.1100006678E-01    4.6182594917E-03
    3.1150006678E-01    4.5776730493E-03
    3.1200006678E-01    4.5374655897E-03
    3.1250006678E-01    4.4976333301E-03
    3.1300006678E-01    4.4581725281E-03
    3.1350006678E-01    4.4190794810E-03
    3.1400006678E-01    4.3803505254E-03
    3.1450006678E-01    4.3419820368E-03
    3.1500006678E-01    4.3039704292E-03
    3.1550006678E-01    4.2663121546E-03
    3.1600006678E-01    4.2290037027E-03
    3.1650006678E-01    4.1920416002E-03
    3.1700006678E-01    4.1554224107E-03
    3.1750006678E-01    4.1191427341E-03
    3.1800006678E-01    4.0831992063E-03
    3.1850006678E-01    4.0475884986E-03
    3.1900006678E-01    4.0123073177E-03
    3.1950006678E-01    3.9773524048E-03
    3.2000006678E-01    3.9427205356E-03
    3.2050006678E-01    3.9084085199E-03
    3.2100006678E-01    3.8744132008E-03
    3.2150006678E-01    3.8407314549E-03
    3.2200006678E-01    3.8073601915E-03
    3.2250006678E-01    3.7742963526E-03
    3.2300006678E-01    3.7415369121E-03
    3.2350006678E-01    3.7090788758E-03
    3.2400006678E-01    3.6769192809E-03
    3.2450006678E-01    3.6450551958E-03
    3.2500006678E-01    3.6134837193E-03
    3.2550006678E-01    3.5822019810E-03
    3.2600006678E-01    3.5512071403E-03
    3.2650006678E-01    3.5204963863E-03
    3.2700006678E-01    3.4900669377E-03
    3.2750006678E-01    3.4599160420E-03
    3.2800006678E-01    3.4300409757E-03
    3.2850006678E-01    3.4004390436E-03
    3.2900006678E-01    3.3711075785E-03
    3.2950006678E-01    3.3420439412E-03
    3.3000006678E-01    3.3132455198E-03
    3.3050006678E-01    3.2847097299E-03
    3.3100006678E-01    3.2564340136E-03
    3.3150006678E-01    3.2284158399E-03
    3.3200006678E-01    3.2006527040E-03
    3.3250006678E-01    3.1731421270E-03
    3.3300006678E-01    3.1458816559E-03
    3.3350006678E-01    3.1188688629E-03
    3.3400006678E-01    3.0921013458E-03
    3.3450006678E-01    3.0655767267E-03
    3.3500006678E-01    3.0392926528E-03
    3.3550006678E-01    3.0132467955E-03
    3.3600006678E-01    2.9874368501E-03
    3.3650006678E-01    2.9618605359E-03
    3.3700006678E-01    2.9365155957E-03
    3.3750006678E-01    2.9113997956E-03
    3.3800006678E-01    2.8865109247E-03
    3.3850006678E-01    2.8618467948E-03
    3.3900006678E-01    2.8374052405E-03
    3.3950006678E-01    2.8131841184E-03
    3.4000006678E-01    2.7891813074E-03
    3.4050006678E-01    2.7653947080E-03
    3.4100006678E-01    2.7418222423E-03
    3.4150006678E-01    2.7184618538E-03
    3.4200006678E-01    2.6953115071E-03
    3.4250006678E-01    2.6723691875E-03
    3.4300006678E-01    2.6496329013E-03
    3.4350006678E-01    2.6271006749E-03
    3.4400006678E-01    2.6047705549E-03
    3.4450006678E-01    2.5826406080E-03
    3.4500006678E-01    2.5607089207E-03
    3.4550006678E-01    2.5389735990E-03
    3.4600006678E-01    2.5174327680E-03
    3.4650006678E-01    2.4960845722E-03
    3.4700006678E-01    2.4749271750E-03
    3.4750006678E-01    2.4539587583E-03
    3.4800006678E-01    2.4331775228E-03
    3.4850006678E-01    2.4125816873E-03
    3.4900006678E-01    2.3921694887E-03
    3.4950006678E-01    2.3719391819E-03
    3.5000006678E-01    2.3518890396E-03
    3.5050006678E-01    2.3320173517E-03
    3.5100006678E-01    2.3123224258E-03
    3.5150006678E-01    2.2928025865E-03
    3.5200006678E-01    2.2734561753E-03
    3.5250006678E-01    2.2542815507E-03
    3.5300006678E-01    2.2352770875E-03
    3.5350006678E-01    2.2164411772E-03
    3.5400006678E-01    2.1977722273E-03
    3.5450006678E-01    2.1792686617E-03
    3.5500006678E-01    2.1609289198E-03
    3.5550006678E-01    2.1427514571E-03
    3.5600006678E-01    2.1247347445E-03
    3.5650006678E-01    2.1068772682E-03
    3.5700006678E-01    2.0891775297E-03
    3.5750006678E-01    2.0716340457E-03
    3.5800006678E-01    2.0542453476E-03
    3.5850006678E-01    2.0370099817E-03
    3.5900006678E-01    2.0199265088E-03
    3.5950006678E-01    2.0029935042E-03
    3.6000006678E-01    1.9862095574E-03
    3.6050006678E-01    1.9695732721E-03
    3.6100006678E-01    1.9530832659E-03
    3.6150006678E-01    1.9367381702E-03
    3.6200006678E-01    1.9205366303E-03
    3.6250006678E-01    1.9044773048E-03
    3.6300006678E-01    1.8885588658E-03
    3.6350006678E-01    1.8727799985E-03
    3.6400006678E-01    1.8571394015E-03
    3.6450006678E-01    1.8416357860E-03
    3.6500006678E-01    1.8262678764E-03
    3.6550006678E-01    1.8110344096E-03
    3.6600006678E-01    1.7959341349E-03
    3.6650006678E-01    1.7809658143E-03
    3.6700006678E-01    1.7661282220E-03
    3.6750006678E-01    1.7514201444E-03
    3.6800006678E-01    1.7368403798E-03
    3.6850006678E-01    1.7223877386E-03
    3.6900006678E-01    1.7080610428E-03
    3.6950006678E-01    1.6938591262E-03
    3.7000006678E-01    1.6797808340E-03
    3.7050006678E-01    1.6658250230E-03
    3.7100006678E-01    1.6519905611E-03
    3.7150006678E-01    1.6382763275E-03
    3.7200006678E-01    1.6246812124E-03
    3.7250006678E-01    1.6112041170E-03
    3.7300006678E-01    1.5978439532E-03
    3.7350006678E-01    1.5845996438E-03
    3.7400006678E-01    1.5714701220E-03
    3.7450006678E-01    1.5584543317E-03
    3.7500006678E-01    1.5455512270E-03
    3.7550006678E-01    1.5327597724E-03
    3.7600006678E-01    1.5200789424E-03
    3.7650006678E-01    1.5075077216E-03
    3.7700006678E-01    1.4950451048E-03
    3.7750006678E-01    1.4826900964E-03
    3.7800006678E-01    1.4704417105E-03
    3.7850006678E-01    1.4582989709E-03
    3.7900006678E-01    1.4462609112E-03
    3.7950006678E-01    1.4343265741E-03
    3.8000006678E-01    1.4224950117E-03
    3.8050006678E-01    1.4107652856E-03
    3.8100006678E-01    1.3991364662E-03
    3.8150006678E-01    1.3876076331E-03
    3.8200006678E-01    1.3761778751E-03
    3.8250006678E-01    1.3648462895E-03
    3.8300006678E-01    1.3536119825E-03
    3.8350006678E-01    1.3424740691E-03
    3.8400006678E-01    1.3314316727E-03
    3.8450006678E-01    1.3204839255E-03
    3.8500006678E-01    1.3096299678E-03
    3.8550006678E-01    1.2988689484E-03
    3.8600006678E-01    1.2882000243E-03
    3.8650006678E-01    1.2776223607E-03
    3.8700006678E-01    1.2671351308E-03
    3.8750006678E-01    1.2567375159E-03
    3.8800006678E-01    1.2464287051E-03
    3.8850006678E-01    1.2362078954E-03
    3.8900006678E-01    1.2260742916E-03
    3.8950006678E-01    1.2160271060E-03
    3.9000006678E-01    1.2060655586E-03
    3.9050006678E-01    1.1961888769E-03
    3.9100006678E-01    1.1863962959E-03
    3.9150006678E-01    1.1766870578E-03
    3.9200006678E-01    1.1670604122E-03
    3.9250006678E-01    1.1575156158E-03
    3.9300006678E-01    1.1480519327E-03
    3.9350006678E-01    1.1386686337E-03
    3.9400006678E-01    1.1293649968E-03
    3.9450006678E-01    1.1201403070E-03
    3.9500006678E-01    1.1109938559E-03
    3.9550006678E-01    1.1019249420E-03
    3.9600006678E-01    1.0929328705E-03
    3.9650006678E-01    1.0840169533E-03
    3.9700006678E-01    1.0751765088E-03
    3.9750006678E-01    1.0664108620E-03
    3.9800006678E-01    1.0577193441E-03
    3.9850006678E-01    1.0491012930E-03
    3.9900006678E-01    1.0405560526E-03
    3.9950006678E-01    1.0320829732E-03
    4.0000006678E-01    1.0236814114E-03
    4.0050006678E-01    1.0153507296E-03
    4.0100006678E-01    1.0070902966E-03
    4.0150006678E-01    9.9889948691E-04
    4.0200006678E-01    9.9077768116E-04
    4.0250006678E-01    9.8272426577E-04
    4.0300006678E-01    9.7473863298E-04
    4.0350006678E-01    9.6682018082E-04
    4.0400006678E-01    9.5896831297E-04
    4.0450006678E-01    9.5118243878E-04
    4.0500006678E-01    9.4346197319E-04
    4.0550006678E-01    9.3580633663E-04
    4.0600006678E-01    9.2821495503E-04
    4.0650006678E-01    9.2068725973E-04
    4.0700006678E-01    9.1322268743E-04
    4.0750006678E-01    9.0582068013E-04
    4.0800006678E-01    8.9848068509E-04
    4.0850006678E-01    8.9120215477E-04
    4.0900006678E-01    8.8398454678E-04
    4.0950006678E-01    8.7682732382E-04
    4.1000006678E-01    8.6972995364E-04
    4.1050006678E-01    8.6269190899E-04
    4.1100006678E-01    8.5571266757E-04
    4.1150006678E-01    8.4879171195E-04
    4.1200006678E-01    8.4192852957E-04
    4.1250006678E-01    8.3512261267E-04
    4.1300006678E-01    8.2837345823E-04
    4.1350006678E-01    8.2168056792E-04
    4.1400006678E-01    8.1504344811E-04
    4.1450006678E-01    8.0846160973E-04
    4.1500006678E-01    8.0193456830E-04
    4.1550006678E-01    7.9546184386E-04
    4.1600006678E-01    7.8904296091E-04
    4.1650006678E-01    7.8267744839E-04
    4.1700006678E-01    7.7636483962E-04
    4.1750006678E-01    7.7010467226E-04
    4.1800006678E-01    7.6389648827E-04
    4.1850006678E-01    7.5773983387E-04
    4.1900006678E-01    7.5163425949E-04
    4.1950006678E-01    7.4557931973E-04
    4.2000006678E-01    7.3957457332E-04
    4.2050006678E-01    7.3361958308E-04
    4.2100006678E-01    7.2771391588E-04
    4.2150006678E-01    7.2185714260E-04
    4.2200006678E-01    7.1604883810E-04
    4.2250006678E-01    7.1028858114E-04
    4.2300006678E-01    7.0457595440E-04
    4.2350006678E-01    6.9891054441E-04
    4.2400006678E-01    6.9329194149E-04
    4.2450006678E-01    6.8771973978E-04
    4.2500006678E-01    6.8219353713E-04
    4.2550006678E-01    6.7671293509E-04
    4.2600006678E-01    6.7127753891E-04
    4.2650006678E-01    6.6588695743E-04
    4.2700006678E-01    6.6054080311E-04
    4.2750006678E-01    6.5523869197E-04
    4.2800006678E-01    6.4998024356E-04
    4.2850006678E-01    6.4476508090E-04
    4.2900006678E-01    6.3959283049E-04
    4.2950006678E-01    6.3446312223E-04
    4.3000006678E-01    6.2937558944E-04
    4.3050006678E-01    6.2432986876E-04
    4.3100006678E-01    6.1932560020E-04
    4.3150006678E-01    6.1436242700E-04
    4.3200006678E-01    6.0943999573E-04
    4.3250006678E-01    6.0455795612E-04
    4.3300006678E-01    5.9971596115E-04
    4.3350006678E-01    5.9491366693E-04
    4.3400006678E-01    5.9015073272E-04
    4.3450006678E-01    5.8542682088E-04
    4.3500006678E-01    5.8074159685E-04
    4.3550006678E-01    5.7609472910E-04
    4.3600006678E-01    5.7148588913E-04
    4.3650006678E-01    5.6691475140E-04
    4.3700006678E-01    5.6238099336E-04
    4.3750006678E-01    5.5788429537E-04
    4.3800006678E-01    5.5342434069E-04
    4.3850006678E-01    5.4900081544E-04
    4.3900006678E-01    5.4461340860E-04
    4.3950006678E-01    5.4026181197E-04
    4.4000006678E-01    5.3594572011E-04
    4.4050006678E-01    5.3166483038E-04
    4.4100006678E-01    5.2741884284E-04
    4.4150006678E-01    5.2320746029E-04
    4.4200006678E-01    5.1903038819E-04
    4.4250006678E-01    5.1488733466E-04
    4.4300006678E-01    5.1077801047E-04
    4.4350006678E-01    5.0670212897E-04
    4.4400006678E-01    5.0265940611E-04
    4.4450006678E-01    4.9864956039E-04
    4.4500006678E-01    4.9467231284E-04
    4.4550006678E-01    4.9072738700E-04
    4.4600006678E-01    4.8681450889E-04
    4.4650006678E-01    4.8293340699E-04
    4.4700006678E-01    4.7908381223E-04
    4.4750006678E-01    4.7526545794E-04
    4.4800006678E-01    4.7147807984E-04
    4.4850006678E-01    4.6772141601E-04
    4.4900006678E-01    4.6399520689E-04
    4.4950006678E-01    4.6029919524E-04
    4.5000006678E-01    4.5663312612E-04
    4.5050006678E-01    4.5299674684E-04
    4.5100006678E-01    4.4938980702E-04
    4.5150006678E-01    4.4581205846E-04
    4.5200006678E-01    4.4226325522E-04
    4.5250006678E-01    4.3874315352E-04
    4.5300006678E-01    4.3525151176E-04
    4.5350006678E-01    4.3178809050E-04
    4.5400006678E-01    4.2835265243E-04
    4.5450006678E-01    4.2494496234E-04
    4.5500006678E-01    4.2156478711E-04
    4.5550006678E-01    4.1821189571E-04
    4.5600006678E-01    4.1488605915E-04
    4.5650006678E-01    4.1158705046E-04
    4.5700006678E-01    4.0831464470E-04
    4.5750006678E-01    4.0506861891E-04
    4.5800006678E-01    4.0184875212E-04
    4.5850006678E-01    3.9865482531E-04
    4.5900006678E-01    3.9548662139E-04
    4.5950006678E-01    3.9234392520E-04
    4.6000006678E-01    3.8922652347E-04
    4.6050006678E-01    3.8613420482E-04
    4.6100006678E-01    3.8306675975E-04
    4.6150006678E-01    3.8002398058E-04
    4.6200006678E-01    3.7700566149E-04
    4.6250006678E-01    3.7401159845E-04
    4.6300006678E-01    3.7104158923E-04
    4.6350006678E-01    3.6809543340E-04
    4.6400006678E-01    3.6517293227E-04
    4.6450006678E-01    3.6227388892E-04
    4.6500006678E-01    3.5939810813E-04
    4.6550006678E-01    3.5654539642E-04
    4.6600006678E-01    3.5371556200E-04
    4.6650006678E-01    3.5090841476E-04
    4.6700006678E-01    3.4812376626E-04
    4.6750006678E-01    3.4536142971E-04
    4.6800006678E-01    3.4262121995E-04
    4.6850006678E-01    3.3990295345E-04
    4.6900006678E-01    3.3720644828E-04
    4.6950006678E-01    3.3453152411E-04
    4.7000006678E-01    3.3187800216E-04
    4.7050006678E-01    3.2924570524E-04
    4.7100006678E-01    3.2663445770E-04
    4.7150006678E-01    3.2404408541E-04
    4.7200006678E-01    3.2147441576E-04
    4.7250006678E-01    3.1892527766E-04
    4.7300006678E-01    3.1639650150E-04
    4.7350006678E-01    3.1388791913E-04
    4.7400006678E-01    3.1139936389E-04
    4.7450006678E-01    3.0893067056E-04
    4.7500006678E-01    3.0648167534E-04
    4.7550006678E-01    3.0405221588E-04
    4.7600006678E-01    3.0164213121E-04
    4.7650006678E-01    2.9925126178E-04
    4.7700006678E-01    2.9687944941E-04
    4.7750006678E-01    2.9452653729E-04
    4.7800006678E-01    2.9219236998E-04
    4.7850006678E-01    2.8987679338E-04
    4.7900006678E-01    2.8757965471E-04
    4.7950006678E-01    2.8530080252E-04
    4.8000006678E-01    2.8304008668E-04
    4.8050006678E-01    2.8079735835E-04
    4.8100006678E-01    2.7857246996E-04
    4.8150006678E-01    2.7636527523E-04
    4.8200006678E-01    2.7417562914E-04
    4.8250006678E-01    2.7200338791E-04
    4.8300006678E-01    2.6984840900E-04
    4.8350006678E-01    2.6771055112E-04
    4.8400006678E-01    2.6558967416E-04
    4.8450006678E-01    2.6348563923E-04
    4.8500006678E-01    2.6139830865E-04
    4.8550006678E-01    2.5932754590E-04
    4.8600006678E-01    2.5727321564E-04
    4.8650006678E-01    2.5523518370E-04
    4.8700006678E-01    2.5321331704E-04
    4.8750006678E-01    2.5120748377E-04
    4.8800006678E-01    2.4921755315E-04
    4.8850006678E-01    2.4724339553E-04
    4.8900006678E-01    2.4528488239E-04
    4.8950006678E-01    2.4334188629E-04
    4.9000006678E-01    2.4141428090E-04
    4.9050006678E-01    2.3950194095E-04
    4.9100006678E-01    2.3760474226E-04
    4.9150006678E-01    2.3572256169E-04
    4.9200006678E-01    2.3385527717E-04
    4.9250006678E-01    2.3200276766E-04
    4.9300006678E-01    2.3016491314E-04
    4.9350006678E-01    2.2834159464E-04
    4.9400006678E-01    2.2653269417E-04
    4.9450006678E-01    2.2473809478E-04
    4.9500006678E-01    2.2295768049E-04
    4.9550006678E-01    2.2119133631E-04
    4.9600006678E-01    2.1943894822E-04
    4.9650006678E-01    2.1770040320E-04
    4.9700006678E-01    2.1597558914E-04
    4.9750006678E-01    2.1426439492E-04
    4.9800006678E-01    2.1256671035E-04
    4.9850006678E-01    2.1088242617E-04
    4.9900006678E-01    2.0921143404E-04
    4.9950006678E-01    2.0755362656E-04
    5.0000006678E-01    2.0590889722E-04
    5.0050006678E-01    2.0427714040E-04
    5.0100006678E-01    2.0265825141E-04
    5.0150006678E-01    2.0105212640E-04
    5.0200006678E-01    1.9945866243E-04
    5.0250006678E-01    1.9787775742E-04
    5.0300006678E-01    1.9630931014E-04
    5.0350006678E-01    1.9475322022E-04
    5.0400006678E-01    1.9320938815E-04
    5.0450006678E-01    1.9167771522E-04
    5.0500006678E-01    1.9015810361E-04
    5.0550006678E-01    1.8865045626E-04
    5.0600006678E-01    1.8715467697E-04
    5.0650006678E-01    1.8567067032E-04
    5.0700006678E-01    1.8419834173E-04
    5.0750006678E-01    1.8273759736E-04
    5.0800006678E-01    1.8128834421E-04
    5.0850006678E-01    1.7985049003E-04
    5.0900006678E-01    1.7842394335E-04
    5.0950006678E-01    1.7700861346E-04
    5.1000006678E-01    1.7560441043E-04
    5.1050006678E-01    1.7421124506E-04
    5.1100006678E-01    1.7282902890E-04
    5.1150006678E-01    1.7145767426E-04
    5.1200006678E-01    1.7009709417E-04
    5.1250006678E-01    1.6874720237E-04
    5.1300006678E-01    1.6740791335E-04
    5.1350006678E-01    1.6607914229E-04
    5.1400006678E-01    1.6476080509E-04
    5.1450006678E-01    1.6345281834E-04
    5.1500006678E-01    1.6215509936E-04
    5.1550006678E-01    1.6086756610E-04
    5.1600006678E-01    1.5959013725E-04
    5.1650006678E-01    1.5832273214E-04
    5.1700006678E-01    1.5706527079E-04
    5.1750006678E-01    1.5581767387E-04
    5.1800006678E-01    1.5457986272E-04
    5.1850006678E-01    1.5335175934E-04
    5.1900006678E-01    1.5213328636E-04
    5.1950006678E-01    1.5092436706E-04
    5.2000006678E-01    1.4972492536E-04
    5.2050006678E-01    1.4853488581E-04
    5.2100006678E-01    1.4735417358E-04
    5.2150006678E-01    1.4618271446E-04
    5.2200006678E-01    1.4502043487E-04
    5.2250006678E-01    1.4386726181E-04
    5.2300006678E-01    1.4272312291E-04
    5.2350006678E-01    1.4158794638E-04
    5.2400006678E-01    1.4046166104E-04
    5.2450006678E-01    1.3934419629E-04
    5.2500006678E-01    1.3823548210E-04
    5.2550006678E-01    1.3713544905E-04
    5.2600006678E-01    1.3604402825E-04
    5.2650006678E-01    1.3496115142E-04
    5.2700006678E-01    1.3388675082E-04
    5.2750006678E-01    1.3282075926E-04
    5.2800006678E-01    1.3176311012E-04
    5.2850006678E-01    1.3071373733E-04
    5.2900006678E-01    1.2967257534E-04
    5.2950006678E-01    1.2863955917E-04
    5.3000006678E-01    1.2761462436E-04
    5.3050006678E-01    1.2659770697E-04
    5.3100006678E-01    1.2558874359E-04
    5.3150006678E-01    1.2458767134E-04
    5.3200006678E-01    1.2359442786E-04
    5.3250006678E-01    1.2260895127E-04
    5.3300006678E-01    1.2163118023E-04
    5.3350006678E-01    1.2066105389E-04
    5.3400006678E-01    1.1969851190E-04
    5.3450006678E-01    1.1874349440E-04
    5.3500006678E-01    1.1779594201E-04
    5.3550006678E-01    1.1685579587E-04
    5.3600006678E-01    1.1592299757E-04
    5.3650006678E-01    1.1499748918E-04
    5.3700006678E-01    1.1407921326E-04
    5.3750006678E-01    1.1316811282E-04
    5.3800006678E-01    1.1226413134E-04
    5.3850006678E-01    1.1136721278E-04
    5.3900006678E-01    1.1047730152E-04
    5.3950006678E-01    1.0959434242E-04
    5.4000006678E-01    1.0871828080E-04
    5.4050006678E-01    1.0784906238E-04
    5.4100006678E-01    1.0698663337E-04
    5.4150006678E-01    1.0613094040E-04
    5.4200006678E-01    1.0528193051E-04
    5.4250006678E-01    1.0443955121E-04
    5.4300006678E-01    1.0360375041E-04
    5.4350006678E-01    1.0277447646E-04
    5.4400006678E-01    1.0195167811E-04
    5.4450006678E-01    1.0113530454E-04
    5.4500006678E-01    1.0032530533E-04
    5.4550006678E-01    9.9521630489E-05
    5.4600006678E-01    9.8724230414E-05
    5.4650006678E-01    9.7933055908E-05
    5.4700006678E-01    9.7148058173E-05
    5.4750006678E-01    9.6369188805E-05
    5.4800006678E-01    9.5596399793E-05
    5.4850006678E-01    9.4829643512E-05
    5.4900006678E-01    9.4068872725E-05
    5.4950006678E-01    9.3314040574E-05
    5.5000006678E-01    9.2565100579E-05
    5.5050006678E-01    9.1822006638E-05
    5.5100006678E-01    9.1084713018E-05
    5.5150006678E-01    9.0353174357E-05
    5.5200006678E-01    8.9627345657E-05
    5.5250006678E-01    8.8907182284E-05
    5.5300006678E-01    8.8192639962E-05
    5.5350006678E-01    8.7483674774E-05
    5.5400006678E-01    8.6780243154E-05
    5.5450006678E-01    8.6082301887E-05
    5.5500006678E-01    8.5389808106E-05
    5.5550006678E-01    8.4702719288E-05
    5.5600006678E-01    8.4020993254E-05
    5.5650006678E-01    8.3344588160E-05
    5.5700006678E-01    8.2673462500E-05
    5.5750006678E-01    8.2007575102E-05
    5.5800006678E-01    8.1346885122E-05
    5.5850006678E-01    8.0691352045E-05
    5.5900006678E-01    8.0040935682E-05
    5.5950006678E-01    7.9395596162E-05
    5.6000006678E-01    7.8755293938E-05
    5.6050006678E-01    7.8119989777E-05
    5.6100006678E-01    7.7489644760E-05
    5.6150006678E-01    7.6864220279E-05
    5.6200006678E-01    7.6243678038E-05
    5.6250006678E-01    7.5627980042E-05
    5.6300006678E-01    7.5017088604E-05
    5.6350006678E-01    7.4410966336E-05
    5.6400006678E-01    7.3809576148E-05
    5.6450006678E-01    7.3212881247E-05
    5.6500006678E-01    7.2620845134E-05
    5.6550006678E-01    7.2033431600E-05
    5.6600006678E-01    7.1450604725E-05
    5.6650006678E-01    7.0872328876E-05
    5.6700006678E-01    7.0298568702E-05
    5.6750006678E-01    6.9729289136E-05
    5.6800006678E-01    6.9164455388E-05
    5.6850006678E-01    6.8604032945E-05
    5.6900006678E-01    6.8047987569E-05
    5.6950006678E-01    6.7496285296E-05
    5.7000006678E-01    6.6948892429E-05
    5.7050006678E-01    6.6405775540E-05
    5.7100006678E-01    6.5866901466E-05
    5.7150006678E-01    6.5332237309E-05
    5.7200006678E-01    6.4801750429E-05
    5.7250006678E-01    6.4275408448E-05
    5.7300006678E-01    6.3753179243E-05
    5.7350006678E-01    6.3235030946E-05
    5.7400006678E-01    6.2720931941E-05
    5.7450006678E-01    6.2210850864E-05
    5.7500006678E-01    6.1704756598E-05
    5.7550006678E-01    6.1202618273E-05
    5.7600006678E-01    6.0704405262E-05
    5.7650006678E-01    6.0210087182E-05
    5.7700006678E-01    5.9719633889E-05
    5.7750006678E-01    5.9233015477E-05
    5.7800006678E-01    5.8750202279E-05
    5.7850006678E-01    5.8271164858E-05
    5.7900006678E-01    5.7795874012E-05
    5.7950006678E-01    5.7324300771E-05
    5.8000006678E-01    5.6856416389E-05
    5.8050006678E-01    5.6392192352E-05
    5.8100006678E-01    5.5931600366E-05
    5.8150006678E-01    5.5474612364E-05
    5.8200006678E-01    5.5021200497E-05
    5.8250006678E-01    5.4571337138E-05
    5.8300006678E-01    5.4124994875E-05
    5.8350006678E-01    5.3682146514E-05
    5.8400006678E-01    5.3242765073E-05
    5.8450006678E-01    5.2806823783E-05
    5.8500006678E-01    5.2374296087E-05
    5.8550006678E-01    5.1945155634E-05
    5.8600006678E-01    5.1519376282E-05
    5.8650006678E-01    5.1096932093E-05
    5.8700006678E-01    5.0677797334E-05
    5.8750006678E-01    5.0261946473E-05
    5.8800006678E-01    4.9849354178E-05
    5.8850006678E-01    4.9439995318E-05
    5.8900006678E-01    4.9033844956E-05
    5.8950006678E-01    4.8630878352E-05
    5.9000006678E-01    4.8231070961E-05
    5.9050006678E-01    4.7834398427E-05
    5.9100006678E-01    4.7440836588E-05
    5.9150006678E-01    4.7050361469E-05
    5.9200006678E-01    4.6662949285E-05
    5.9250006678E-01    4.6278576434E-05
    5.9300006678E-01    4.5897219500E-05
    5.9350006678E-01    4.5518855251E-05
    5.9400006678E-01    4.5143460636E-05
    5.9450006678E-01    4.4771012783E-05
    5.9500006678E-01    4.4401489000E-05
    5.9550006678E-01    4.4034866772E-05
    5.9600006678E-01    4.3671123758E-05
    5.9650006678E-01    4.3310237794E-05
    5.9700006678E-01    4.2952186886E-05
    5.9750006678E-01    4.2596949216E-05
    5.9800006678E-01    4.2244503130E-05
    5.9850006678E-01    4.1894827148E-05
    5.9900006678E-01    4.1547899955E-05
    5.9950006678E-01    4.1203700401E-05
    6.0000006678E-01    4.0862207504E-05
    6.0050006678E-01    4.0523400441E-05
    6.0100006678E-01    4.0187258555E-05
    6.0150006678E-01    3.9853761348E-05
    6.0200006678E-01    3.9522888480E-05
    6.0250006678E-01    3.9194619772E-05
    6.0300006678E-01    3.8868935199E-05
    6.0350006678E-01    3.8545814894E-05
    6.0400006678E-01    3.8225239142E-05
    6.0450006678E-01    3.7907188384E-05
    6.0500006678E-01    3.7591643210E-05
    6.0550006678E-01    3.7278584362E-05
    6.0600006678E-01    3.6967992731E-05
    6.0650006678E-01    3.6659849356E-05
    6.0700006678E-01    3.6354135424E-05
    6.0750006678E-01    3.6050832267E-05
    6.0800006678E-01    3.5749921362E-05
    6.0850006678E-01    3.5451384329E-05
    6.0900006678E-01    3.5155202930E-05
    6.0950006678E-01    3.4861359071E-05
    6.1000006678E-01    3.4569834793E-05
    6.1050006678E-01    3.4280612281E-05
    6.1100006678E-01    3.3993673855E-05
    6.1150006678E-01    3.3709001973E-05
    6.1200006678E-01    3.3426579227E-05
    6.1250006678E-01    3.3146388344E-05
    6.1300006678E-01    3.2868412187E-05
    6.1350006678E-01    3.2592633749E-05
    6.1400006678E-01    3.2319036153E-05
    6.1450006678E-01    3.2047602656E-05
    6.1500006678E-01    3.1778316641E-05
    6.1550006678E-01    3.1511161621E-05
    6.1600006678E-01    3.1246121236E-05
    6.1650006678E-01    3.0983179251E-05
    6.1700006678E-01    3.0722319558E-05
    6.1750006678E-01    3.0463526171E-05
    6.1800006678E-01    3.0206783230E-05
    6.1850006678E-01    2.9952074994E-05
    6.1900006678E-01    2.9699385846E-05
    6.1950006678E-01    2.9448700288E-05
    6.2000006678E-01    2.9200002940E-05
    6.2050006678E-01    2.8953278543E-05
    6.2100006678E-01    2.8708511953E-05
    6.2150006678E-01    2.8465688145E-05
    6.2200006678E-01    2.8224792208E-05
    6.2250006678E-01    2.7985809345E-05
    6.2300006678E-01    2.7748724873E-05
    6.2350006678E-01    2.7513524224E-05
    6.2400006678E-01    2.7280192939E-05
    6.2450006678E-01    2.7048716672E-05
    6.2500006678E-01    2.6819081187E-05
    6.2550006678E-01    2.6591272355E-05
    6.2600006678E-01    2.6365276159E-05
    6.2650006678E-01    2.6141078686E-05
    6.2700006678E-01    2.5918666133E-05
    6.2750006678E-01    2.5698024801E-05
    6.2800006678E-01    2.5479141097E-05
    6.2850006678E-01    2.5262001530E-05
    6.2900006678E-01    2.5046592715E-05
    6.2950006678E-01    2.4832901368E-05
    6.3000006678E-01    2.4620914308E-05
    6.3050006678E-01    2.4410618453E-05
    6.3100006678E-01    2.4202000824E-05
    6.3150006678E-01    2.3995048539E-05
    6.3200006678E-01    2.3789748816E-05
    6.3250006678E-01    2.3586088969E-05
    6.3300006678E-01    2.3384056410E-05
    6.3350006678E-01    2.3183638649E-05
    6.3400006678E-01    2.2984823289E-05
    6.3450006678E-01    2.2787598029E-05
    6.3500006678E-01    2.2591950662E-05
    6.3550006678E-01    2.2397869073E-05
    6.3600006678E-01    2.2205341241E-05
    6.3650006678E-01    2.2014355238E-05
    6.3700006678E-01    2.1824899223E-05
    6.3750006678E-01    2.1636961450E-05
    6.3800006678E-01    2.1450530259E-05
    6.3850006678E-01    2.1265594081E-05
    6.3900006678E-01    2.1082141436E-05
    6.3950006678E-01    2.0900160928E-05
    6.4000006678E-01    2.0719641253E-05
    6.4050006678E-01    2.0540571188E-05
    6.4100006678E-01    2.0362939600E-05
    6.4150006678E-01    2.0186735438E-05
    6.4200006678E-01    2.0011947736E-05
    6.4250006678E-01    1.9838565612E-05
    6.4300006678E-01    1.9666578267E-05
    6.4350006678E-01    1.9495974983E-05
    6.4400006678E-01    1.9326745125E-05
    6.4450006678E-01    1.9158878138E-05
    6.4500006678E-01    1.8992363548E-05
    6.4550006678E-01    1.8827190960E-05
    6.4600006678E-01    1.8663350059E-05
    6.4650006678E-01    1.8500830608E-05
    6.4700006678E-01    1.8339622448E-05
    6.4750006678E-01    1.8179715496E-05
    6.4800006678E-01    1.8021099748E-05
    6.4850006678E-01    1.7863765275E-05
    6.4900006678E-01    1.7707702223E-05
    6.4950006678E-01    1.7552900813E-05
    6.5000006678E-01    1.7399351340E-05
    6.5050006678E-01    1.7247044174E-05
    6.5100006678E-01    1.7095969757E-05
    6.5150006678E-01    1.6946118604E-05
    6.5200006678E-01    1.6797481301E-05
    6.5250006678E-01    1.6650048508E-05
    6.5300006678E-01    1.6503810954E-05
    6.5350006678E-01    1.6358759438E-05
    6.5400006678E-01    1.6214884830E-05
    6.5450006678E-01    1.6072178067E-05
    6.5500006678E-01    1.5930630159E-05
    6.5550006678E-01    1.5790232181E-05
    6.5600006678E-01    1.5650975275E-05
    6.5650006678E-01    1.5512850652E-05
    6.5700006678E-01    1.5375849589E-05
    6.5750006678E-01    1.5239963431E-05
    6.5800006678E-01    1.5105183584E-05
    6.5850006678E-01    1.4971501523E-05
    6.5900006678E-01    1.4838908787E-05
    6.5950006678E-01    1.4707396979E-05
    6.6000006678E-01    1.4576957763E-05
    6.6050006678E-01    1.4447582870E-05
    6.6100006678E-01    1.4319264092E-05
    6.6150006678E-01    1.4191993282E-05
    6.6200006678E-01    1.4065762356E-05
    6.6250006678E-01    1.3940563290E-05
    6.6300006678E-01    1.3816388124E-05
    6.6350006678E-01    1.3693228953E-05
    6.6400006678E-01    1.3571077936E-05
    6.6450006678E-01    1.3449927290E-05
    6.6500006678E-01    1.3329769290E-05
    6.6550006678E-01    1.3210596271E-05
    6.6600006678E-01    1.3092400624E-05
    6.6650006678E-01    1.2975174799E-05
    6.6700006678E-01    1.2858911304E-05
    6.6750006678E-01    1.2743602700E-05
    6.6800006678E-01    1.2629241609E-05
    6.6850006678E-01    1.2515820704E-05
    6.6900006678E-01    1.2403332717E-05
    6.6950006678E-01    1.2291770432E-05
    6.7000006678E-01    1.2181126691E-05
    6.7050006678E-01    1.2071394388E-05
    6.7100006678E-01    1.1962566469E-05
    6.7150006678E-01    1.1854635936E-05
    6.7200006678E-01    1.1747595843E-05
    6.7250006678E-01    1.1641439296E-05
    6.7300006678E-01    1.1536159453E-05
    6.7350006678E-01    1.1431749525E-05
    6.7400006678E-01    1.1328202772E-05
    6.7450006678E-01    1.1225512506E-05
    6.7500006678E-01    1.1123672091E-05
    6.7550006678E-01    1.1022674938E-05
    6.7600006678E-01    1.0922514511E-05
    6.7650006678E-01    1.0823184319E-05
    6.7700006678E-01    1.0724677924E-05
    6.7750006678E-01    1.0626988936E-05
    6.7800006678E-01    1.0530111011E-05
    6.7850006678E-01    1.0434037854E-05
    6.7900006678E-01    1.0338763218E-05
    6.7950006678E-01    1.0244280902E-05
    6.8000006678E-01    1.0150584753E-05
    6.8050006678E-01    1.0057668664E-05
    6.8100006678E-01    9.9655265737E-06
    6.8150006678E-01    9.8741524661E-06
    6.8200006678E-01    9.7835403712E-06
    6.8250006678E-01    9.6936843639E-06
    6.8300006678E-01    9.6045785634E-06
    6.8350006678E-01    9.5162171336E-06
    6.8400006678E-01    9.4285942822E-06
    6.8450006678E-01    9.3417042605E-06
    6.8500006678E-01    9.2555413632E-06
    6.8550006678E-01    9.1700999277E-06
    6.8600006678E-01    9.0853743345E-06
    6.8650006678E-01    9.0013590060E-06
    6.8700006678E-01    8.9180484068E-06
    6.8750006678E-01    8.8354370433E-06
    6.8800006678E-01    8.7535194629E-06
    6.8850006678E-01    8.6722902544E-06
    6.8900006678E-01    8.5917440472E-06
    6.8950006678E-01    8.5118755112E-06
    6.9000006678E-01    8.4326793562E-06
    6.9050006678E-01    8.3541503321E-06
    6.9100006678E-01    8.2762832282E-06
    6.9150006678E-01    8.1990728731E-06
    6.9200006678E-01    8.1225141341E-06
    6.9250006678E-01    8.0466019174E-06
    6.9300006678E-01    7.9713311674E-06
    6.9350006678E-01    7.8966968665E-06
    6.9400006678E-01    7.8226940350E-06
    6.9450006678E-01    7.7493177306E-06
    6.9500006678E-01    7.6765630482E-06
    6.9550006678E-01    7.6044251195E-06
    6.9600006678E-01    7.5328991130E-06
    6.9650006678E-01    7.4619802336E-06
    6.9700006678E-01    7.3916637219E-06
    6.9750006678E-01    7.3219448548E-06
    6.9800006678E-01    7.2528189444E-06
    6.9850006678E-01    7.1842813382E-06
    6.9900006678E-01    7.1163274187E-06
    6.9950006678E-01    7.0489526031E-06
    7.0000006678E-01    6.9821523431E-06
    7.0050006678E-01    6.9159221247E-06
    7.0100006678E-01    6.8502574676E-06
    7.0150006678E-01    6.7851539256E-06
    7.0200006678E-01    6.7206070855E-06
    7.0250006678E-01    6.6566125677E-06
    7.0300006678E-01    6.5931660253E-06
    7.0350006678E-01    6.5302631443E-06
    7.0400006678E-01    6.4678996428E-06
    7.0450006678E-01    6.4060712716E-06
    7.0500006678E-01    6.3447738130E-06
    7.0550006678E-01    6.2840030814E-06
    7.0600006678E-01    6.2237549225E-06
    7.0650006678E-01    6.1640252132E-06
    7.0700006678E-01    6.1048098616E-06
    7.0750006678E-01    6.0461048065E-06
    7.0800006678E-01    5.9879060172E-06
    7.0850006678E-01    5.9302094933E-06
    7.0900006678E-01    5.8730112647E-06
    7.0950006678E-01    5.8163073910E-06
    7.1000006678E-01    5.7600939615E-06
    7.1050006678E-01    5.7043670949E-06
    7.1100006678E-01    5.6491229391E-06
    7.1150006678E-01    5.5943576710E-06
    7.1200006678E-01    5.5400674964E-06
    7.1250006678E-01    5.4862486494E-06
    7.1300006678E-01    5.4328973926E-06
    7.1350006678E-01    5.3800100167E-06
    7.1400006678E-01    5.3275828403E-06
    7.1450006678E-01    5.2756122098E-06
    7.1500006678E-01    5.2240944989E-06
    7.1550006678E-01    5.1730261089E-06
    7.1600006678E-01    5.1224034679E-06
    7.1650006678E-01    5.0722230309E-06
    7.1700006678E-01    5.0224812799E-06
    7.1750006678E-01    4.9731747231E-06
    7.1800006678E-01    4.9242998950E-06
    7.1850006678E-01    4.8758533562E-06
    7.1900006678E-01    4.8278316935E-06
    7.1950006678E-01    4.7802315190E-06
    7.2000006678E-01    4.7330494705E-06
    7.2050006678E-01    4.6862822110E-06
    7.2100006678E-01    4.6399264290E-06
    7.2150006678E-01    4.5939788374E-06
    7.2200006678E-01    4.5484361744E-06
    7.2250006678E-01    4.5032952023E-06
    7.2300006678E-01    4.4585527081E-06
    7.2350006678E-01    4.4142055029E-06
    7.2400006678E-01    4.3702504219E-06
    7.2450006678E-01    4.3266843241E-06
    7.2500006678E-01    4.2835040921E-06
    7.2550006678E-01    4.2407066322E-06
    7.2600006678E-01    4.1982888738E-06
    7.2650006678E-01    4.1562477696E-06
    7.2700006678E-01    4.1145802953E-06
    7.2750006678E-01    4.0732834491E-06
    7.2800006678E-01    4.0323542522E-06
    7.2850006678E-01    3.9917897482E-06
    7.2900006678E-01    3.9515870029E-06
    7.2950006678E-01    3.9117431041E-06
    7.3000006678E-01    3.8722551620E-06
    7.3050006678E-01    3.8331203082E-06
    7.3100006678E-01    3.7943356960E-06
    7.3150006678E-01    3.7558985005E-06
    7.3200006678E-01    3.7178059177E-06
    7.3250006678E-01    3.6800551650E-06
    7.3300006678E-01    3.6426434809E-06
    7.3350006678E-01    3.6055681245E-06
    7.3400006678E-01    3.5688263757E-06
    7.3450006678E-01    3.5324155351E-06
    7.3500006678E-01    3.4963329234E-06
    7.3550006678E-01    3.4605758818E-06
    7.3600006678E-01    3.4251417714E-06
    7.3650006678E-01    3.3900279734E-06
    7.3700006678E-01    3.3552318887E-06
    7.3750006678E-01    3.3207509379E-06
    7.3800006678E-01    3.2865825611E-06
    7.3850006678E-01    3.2527242175E-06
    7.3900006678E-01    3.2191733860E-06
    7.3950006678E-01    3.1859275643E-06
    7.4000006678E-01    3.1529842688E-06
    7.4050006678E-01    3.1203410351E-06
    7.4100006678E-01    3.0879954173E-06
    7.4150006678E-01    3.0559449879E-06
    7.4200006678E-01    3.0241873380E-06
    7.4250006678E-01    2.9927200766E-06
    7.4300006678E-01    2.9615408311E-06
    7.4350006678E-01    2.9306472469E-06
    7.4400006678E-01    2.9000369869E-06
    7.4450006678E-01    2.8697077320E-06
    7.4500006678E-01    2.8396571807E-06
    7.4550006678E-01    2.8098830487E-06
    7.4600006678E-01    2.7803830691E-06
    7.4650006678E-01    2.7511549925E-06
    7.4700006678E-01    2.7221965860E-06
    7.4750006678E-01    2.6935056341E-06
    7.4800006678E-01    2.6650799379E-06
    7.4850006678E-01    2.6369173152E-06
    7.4900006678E-01    2.6090156004E-06
    7.4950006678E-01    2.5813726443E-06
    7.5000006678E-01    2.5539863141E-06
    7.5050006678E-01    2.5268544931E-06
    7.5100006678E-01    2.4999750808E-06
    7.5150006678E-01    2.4733459924E-06
    7.5200006678E-01    2.4469651593E-06
    7.5250006678E-01    2.4208305283E-06
    7.5300006678E-01    2.3949400620E-06
    7.5350006678E-01    2.3692917385E-06
    7.5400006678E-01    2.3438835512E-06
    7.5450006678E-01    2.3187135086E-06
    7.5500006678E-01    2.2937796348E-06
    7.5550006678E-01    2.2690799686E-06
    7.5600006678E-01    2.2446125637E-06
    7.5650006678E-01    2.2203754888E-06
    7.5700006678E-01    2.1963668273E-06
    7.5750006678E-01    2.1725846770E-06
    7.5800006678E-01    2.1490271504E-06
    7.5850006678E-01    2.1256923744E-06
    7.5900006678E-01    2.1025784901E-06
    7.5950006678E-01    2.0796836526E-06
    7.6000006678E-01    2.0570060315E-06
    7.6050006678E-01    2.0345438099E-06
    7.6100006678E-01    2.0122951851E-06
    7.6150006678E-01    1.9902583680E-06
    7.6200006678E-01    1.9684315833E-06
    7.6250006678E-01    1.9468130692E-06
    7.6300006678E-01    1.9254010771E-06
    7.6350006678E-01    1.9041938723E-06
    7.6400006678E-01    1.8831897328E-06
    7.6450006678E-01    1.8623869502E-06
    7.6500006678E-01    1.8417838289E-06
    7.6550006678E-01    1.8213786865E-06
    7.6600006678E-01    1.8011698532E-06
    7.6650006678E-01    1.7811556722E-06
    7.6700006678E-01    1.7613344994E-06
    7.6750006678E-01    1.7417047031E-06
    7.6800006678E-01    1.7222646642E-06
    7.6850006678E-01    1.7030127762E-06
    7.6900006678E-01    1.6839474446E-06
    7.6950006678E-01    1.6650670873E-06
    7.7000006678E-01    1.6463701344E-06
    7.7050006678E-01    1.6278550280E-06
    7.7100006678E-01    1.6095202220E-06
    7.7150006678E-01    1.5913641824E-06
    7.7200006678E-01    1.5733853868E-06
    7.7250006678E-01    1.5555823247E-06
    7.7300006678E-01    1.5379534971E-06
    7.7350006678E-01    1.5204974166E-06
    7.7400006678E-01    1.5032126070E-06
    7.7450006678E-01    1.4860976038E-06
    7.7500006678E-01    1.4691509535E-06
    7.7550006678E-01    1.4523712140E-06
    7.7600006678E-01    1.4357569542E-06
    7.7650006678E-01    1.4193067541E-06
    7.7700006678E-01    1.4030192045E-06
    7.7750006678E-01    1.3868929073E-06
    7.7800006678E-01    1.3709264749E-06
    7.7850006678E-01    1.3551185307E-06
    7.7900006678E-01    1.3394677086E-06
    7.7950006678E-01    1.3239726530E-06
    7.8000006678E-01    1.3086320188E-06
    7.8050006678E-01    1.2934444714E-06
    7.8100006678E-01    1.2784086864E-06
    7.8150006678E-01    1.2635233497E-06
    7.8200006678E-01    1.2487871574E-06
    7.8250006678E-01    1.2341988156E-06
    7.8300006678E-01    1.2197570405E-06
    7.8350006678E-01    1.2054605583E-06
    7.8400006678E-01    1.1913081050E-06
    7.8450006678E-01    1.1772984263E-06
    7.8500006678E-01    1.1634302779E-06
    7.8550006678E-01    1.1497024249E-06
    7.8600006678E-01    1.1361136421E-06
    7.8650006678E-01    1.1226627138E-06
    7.8700006678E-01    1.1093484338E-06
    7.8750006678E-01    1.0961696053E-06
    7.8800006678E-01    1.0831250406E-06
    7.8850006678E-01    1.0702135614E-06
    7.8900006678E-01    1.0574339988E-06
    7.8950006678E-01    1.0447851925E-06
    7.9000006678E-01    1.0322659916E-06
    7.9050006678E-01    1.0198752542E-06
    7.9100006678E-01    1.0076118471E-06
    7.9150006678E-01    9.9547464598E-07
    7.9200006678E-01    9.8346253547E-07
    7.9250006678E-01    9.7157440875E-07
    7.9300006678E-01    9.5980916772E-07
    7.9350006678E-01    9.4816572283E-07
    7.9400006678E-01    9.3664299308E-07
    7.9450006678E-01    9.2523990592E-07
    7.9500006678E-01    9.1395539721E-07
    7.9550006678E-01    9.0278841112E-07
    7.9600006678E-01    8.9173790014E-07
    7.9650006678E-01    8.8080282492E-07
    7.9700006678E-01    8.6998215431E-07
    7.9750006678E-01    8.5927486524E-07
    7.9800006678E-01    8.4867994268E-07
    7.9850006678E-01    8.3819637956E-07
    7.9900006678E-01    8.2782317675E-07
    7.9950006678E-01    8.1755934296E-07
    8.0000006678E-01    8.0740389473E-07
    8.0050006678E-01    7.9735585632E-07
    8.0100006678E-01    7.8741425969E-07
    8.0150006678E-01    7.7757814442E-07
    8.0200006678E-01    7.6784655770E-07
    8.0250006678E-01    7.5821855420E-07
    8.0300006678E-01    7.4869319607E-07
    8.0350006678E-01    7.3926955288E-07
    8.0400006678E-01    7.2994670156E-07
    8.0450006678E-01    7.2072372631E-07
    8.0500006678E-01    7.1159971861E-07
    8.0550006678E-01    7.0257377714E-07
    8.0600006678E-01    6.9364500769E-07
    8.0650006678E-01    6.8481252317E-07
    8.0700006678E-01    6.7607544351E-07
    8.0750006678E-01    6.6743289564E-07
    8.0800006678E-01    6.5888401343E-07
    8.0850006678E-01    6.5042793761E-07
    8.0900006678E-01    6.4206381577E-07
    8.0950006678E-01    6.3379080226E-07
    8.1000006678E-01    6.2560805819E-07
    8.1050006678E-01    6.1751475134E-07
    8.1100006678E-01    6.0951005612E-07
    8.1150006678E-01    6.0159315354E-07
    8.1200006678E-01    5.9376323114E-07
    8.1250006678E-01    5.8601948296E-07
    8.1300006678E-01    5.7836110946E-07
    8.1350006678E-01    5.7078731753E-07
    8.1400006678E-01    5.6329732038E-07
    8.1450006678E-01    5.5589033754E-07
    8.1500006678E-01    5.4856559478E-07
    8.1550006678E-01    5.4132232409E-07
    8.1600006678E-01    5.3415976363E-07
    8.1650006678E-01    5.2707715766E-07
    8.1700006678E-01    5.2007375653E-07
    8.1750006678E-01    5.1314881661E-07
    8.1800006678E-01    5.0630160027E-07
    8.1850006678E-01    4.9953137580E-07
    8.1900006678E-01    4.9283741740E-07
    8.1950006678E-01    4.8621900512E-07
    8.2000006678E-01    4.7967542483E-07
    8.2050006678E-01    4.7320596815E-07
    8.2100006678E-01    4.6680993245E-07
    8.2150006678E-01    4.6048662076E-07
    8.2200006678E-01    4.5423534177E-07
    8.2250006678E-01    4.4805540976E-07
    8.2300006678E-01    4.4194614457E-07
    8.2350006678E-01    4.3590687157E-07
    8.2400006678E-01    4.2993692158E-07
    8.2450006678E-01    4.2403563090E-07
    8.2500006678E-01    4.1820234119E-07
    8.2550006678E-01    4.1243639949E-07
    8.2600006678E-01    4.0673715814E-07
    8.2650006678E-01    4.0110397477E-07
    8.2700006678E-01    3.9553621227E-07
    8.2750006678E-01    3.9003323868E-07
    8.2800006678E-01    3.8459442727E-07
    8.2850006678E-01    3.7921915637E-07
    8.2900006678E-01    3.7390680945E-07
    8.2950006678E-01    3.6865677500E-07
    8.3000006678E-01    3.6346844654E-07
    8.3050006678E-01    3.5834122254E-07
    8.3100006678E-01    3.5327450645E-07
    8.3150006678E-01    3.4826770659E-07
    8.3200006678E-01    3.4332023616E-07
    8.3250006678E-01    3.3843151320E-07
    8.3300006678E-01    3.3360096051E-07
    8.3350006678E-01    3.2882800569E-07
    8.3400006678E-01    3.2411208106E-07
    8.3450006678E-01    3.1945262360E-07
    8.3500006678E-01    3.1484907498E-07
    8.3550006678E-01    3.1030088147E-07
    8.3600006678E-01    3.0580749394E-07
    8.3650006678E-01    3.0136836780E-07
    8.3700006678E-01    2.9698296300E-07
    8.3750006678E-01    2.9265074395E-07
    8.3800006678E-01    2.8837117953E-07
    8.3850006678E-01    2.8414374304E-07
    8.3900006678E-01    2.7996791217E-07
    8.3950006678E-01    2.7584316895E-07
    8.4000006678E-01    2.7176899975E-07
    8.4050006678E-01    2.6774489523E-07
    8.4100006678E-01    2.6377035029E-07
    8.4150006678E-01    2.5984486407E-07
    8.4200006678E-01    2.5596793993E-07
    8.4250006678E-01    2.5213908535E-07
    8.4300006678E-01    2.4835781199E-07
    8.4350006678E-01    2.4462363558E-07
    8.4400006678E-01    2.4093607594E-07
    8.4450006678E-01    2.3729465693E-07
    8.4500006678E-01    2.3369890643E-07
    8.4550006678E-01    2.3014835629E-07
    8.4600006678E-01    2.2664254233E-07
    8.4650006678E-01    2.2318100429E-07
    8.4700006678E-01    2.1976328580E-07
    8.4750006678E-01    2.1638893436E-07
    8.4800006678E-01    2.1305750132E-07
    8.4850006678E-01    2.0976854182E-07
    8.4900006678E-01    2.0652161481E-07
    8.4950006678E-01    2.0331628296E-07
    8.5000006678E-01    2.0015211269E-07
    8.5050006678E-01    1.9702867411E-07
    8.5100006678E-01    1.9394554100E-07
    8.5150006678E-01    1.9090229079E-07
    8.5200006678E-01    1.8789850452E-07
    8.5250006678E-01    1.8493376683E-07
    8.5300006678E-01    1.8200766591E-07
    8.5350006678E-01    1.7911979349E-07
    8.5400006678E-01    1.7626974482E-07
    8.5450006678E-01    1.7345711862E-07
    8.5500006678E-01    1.7068151708E-07
    8.5550006678E-01    1.6794254582E-07
    8.5600006678E-01    1.6523981386E-07
    8.5650006678E-01    1.6257293361E-07
    8.5700006678E-01    1.5994152083E-07
    8.5750006678E-01    1.5734519462E-07
    8.5800006678E-01    1.5478357739E-07
    8.5850006678E-01    1.5225629480E-07
    8.5900006678E-01    1.4976297581E-07
    8.5950006678E-01    1.4730325260E-07
    8.6000006678E-01    1.4487676054E-07
    8.6050006678E-01    1.4248313821E-07
    8.6100006678E-01    1.4012202734E-07
    8.6150006678E-01    1.3779307279E-07
    8.6200006678E-01    1.3549592256E-07
    8.6250006678E-01    1.3323022771E-07
    8.6300006678E-01    1.3099564240E-07
    8.6350006678E-01    1.2879182380E-07
    8.6400006678E-01    1.2661843214E-07
    8.6450006678E-01    1.2447513063E-07
    8.6500006678E-01    1.2236158545E-07
    8.6550006678E-01    1.2027746574E-07
    8.6600006678E-01    1.1822244360E-07
    8.6650006678E-01    1.1619619400E-07
    8.6700006678E-01    1.1419839482E-07
    8.6750006678E-01    1.1222872681E-07
    8.6800006678E-01    1.1028687356E-07
    8.6850006678E-01    1.0837252149E-07
    8.6900006678E-01    1.0648535983E-07
    8.6950006678E-01    1.0462508056E-07
    8.7000006678E-01    1.0279137847E-07
    8.7050006678E-01    1.0098395106E-07
    8.7100006678E-01    9.9202498546E-08
    8.7150006678E-01    9.7446723868E-08
    8.7200006678E-01    9.5716332629E-08
    8.7250006678E-01    9.4011033098E-08
    8.7300006678E-01    9.2330536180E-08
    8.7350006678E-01    9.0674555403E-08
    8.7400006678E-01    8.9042806894E-08
    8.7450006678E-01    8.7435009360E-08
    8.7500006678E-01    8.5850884070E-08
    8.7550006678E-01    8.4290154835E-08
    8.7600006678E-01    8.2752547987E-08
    8.7650006678E-01    8.1237792364E-08
    8.7700006678E-01    7.9745619288E-08
    8.7750006678E-01    7.8275762547E-08
    8.7800006678E-01    7.6827958376E-08
    8.7850006678E-01    7.5401945439E-08
    8.7900006678E-01    7.3997464813E-08
    8.7950006678E-01    7.2614259963E-08
    8.8000006678E-01    7.1252076732E-08
    8.8050006678E-01    6.9910663319E-08
    8.8100006678E-01    6.8589770261E-08
    8.8150006678E-01    6.7289150414E-08
    8.8200006678E-01    6.6008558942E-08
    8.8250006678E-01    6.4747753289E-08
    8.8300006678E-01    6.3506493172E-08
    8.8350006678E-01    6.2284540559E-08
    8.8400006678E-01    6.1081659649E-08
    8.8450006678E-01    5.9897616863E-08
    8.8500006678E-01    5.8732180818E-08
    8.8550006678E-01    5.7585122318E-08
    8.8600006678E-01    5.6456214333E-08
    8.8650006678E-01    5.5345231984E-08
    8.8700006678E-01    5.4251952526E-08
    8.8750006678E-01    5.3176155333E-08
    8.8800006678E-01    5.2117621879E-08
    8.8850006678E-01    5.1076135728E-08
    8.8900006678E-01    5.0051482509E-08
    8.8950006678E-01    4.9043449910E-08
    8.9000006678E-01    4.8051827655E-08
    8.9050006678E-01    4.7076407491E-08
    8.9100006678E-01    4.6116983175E-08
    8.9150006678E-01    4.5173350454E-08
    8.9200006678E-01    4.4245307054E-08
    8.9250006678E-01    4.3332652662E-08
    8.9300006678E-01    4.2435188911E-08
    8.9350006678E-01    4.1552719369E-08
    8.9400006678E-01    4.0685049519E-08
    8.9450006678E-01    3.9831986748E-08
    8.9500006678E-01    3.8993340329E-08
    8.9550006678E-01    3.8168921412E-08
    8.9600006678E-01    3.7358543003E-08
    8.9650006678E-01    3.6562019955E-08
    8.9700006678E-01    3.5779168951E-08
    8.9750006678E-01    3.5009808491E-08
    8.9800006678E-01    3.4253758878E-08
    8.9850006678E-01    3.3510842203E-08
    8.9900006678E-01    3.2780882334E-08
    8.9950006678E-01    3.2063704898E-08
    9.0000006678E-01    3.1359137271E-08
    9.0050006678E-01    3.0667008565E-08
    9.0100006678E-01    2.9987149611E-08
    9.0150006678E-01    2.9319392949E-08
    9.0200006678E-01    2.8663572812E-08
    9.0250006678E-01    2.8019525117E-08
    9.0300006678E-01    2.7387087447E-08
    9.0350006678E-01    2.6766099042E-08
    9.0400006678E-01    2.6156400785E-08
    9.0450006678E-01    2.5557835188E-08
    9.0500006678E-01    2.4970246382E-08
    9.0550006678E-01    2.4393480101E-08
    9.0600006678E-01    2.3827383672E-08
    9.0650006678E-01    2.3271806004E-08
    9.0700006678E-01    2.2726597572E-08
    9.0750006678E-01    2.2191610407E-08
    9.0800006678E-01    2.1666698082E-08
    9.0850006678E-01    2.1151715705E-08
    9.0900006678E-01    2.0646519900E-08
    9.0950006678E-01    2.0150968802E-08
    9.1000006678E-01    1.9664922039E-08
    9.1050006678E-01    1.9188240726E-08
    9.1100006678E-01    1.8720787449E-08
    9.1150006678E-01    1.8262426255E-08
    9.1200006678E-01    1.7813022643E-08
    9.1250006678E-01    1.7372443547E-08
    9.1300006678E-01    1.6940557333E-08
    9.1350006678E-01    1.6517233778E-08
    9.1400006678E-01    1.6102344067E-08
    9.1450006678E-01    1.5695760778E-08
    9.1500006678E-01    1.5297357873E-08
    9.1550006678E-01    1.4907010685E-08
    9.1600006678E-01    1.4524595907E-08
    9.1650006678E-01    1.4149991587E-08
    9.1700006678E-01    1.3783077108E-08
    9.1750006678E-01    1.3423733185E-08
    9.1800006678E-01    1.3071841853E-08
    9.1850006678E-01    1.2727286453E-08
    9.1900006678E-01    1.2389951625E-08
    9.1950006678E-01    1.2059723299E-08
    9.2000006678E-01    1.1736488680E-08
    9.2050006678E-01    1.1420136243E-08
    9.2100006678E-01    1.1110555718E-08
    9.2150006678E-01    1.0807638085E-08
    9.2200006678E-01    1.0511275561E-08
    9.2250006678E-01    1.0221361591E-08
    9.2300006678E-01    9.9377908375E-09
    9.2350006678E-01    9.6604591733E-09
    9.2400006678E-01    9.3892636684E-09
    9.2450006678E-01    9.1241025830E-09
    9.2500006678E-01    8.8648753568E-09
    9.2550006678E-01    8.6114826003E-09
    9.2600006678E-01    8.3638260850E-09
    9.2650006678E-01    8.1218087343E-09
    9.2700006678E-01    7.8853346142E-09
    9.2750006678E-01    7.6543089244E-09
    9.2800006678E-01    7.4286379889E-09
    9.2850006678E-01    7.2082292472E-09
    9.2900006678E-01    6.9929912453E-09
    9.2950006678E-01    6.7828336267E-09
    9.3000006678E-01    6.5776671240E-09
    9.3050006678E-01    6.3774035496E-09
    9.3100006678E-01    6.1819557871E-09
    9.3150006678E-01    5.9912377833E-09
    9.3200006678E-01    5.8051645387E-09
    9.3250006678E-01    5.6236520996E-09
    9.3300006678E-01    5.4466175497E-09
    9.3350006678E-01    5.2739790012E-09
    9.3400006678E-01    5.1056555870E-09
    9.3450006678E-01    4.9415674522E-09
    9.3500006678E-01    4.7816357459E-09
    9.3550006678E-01    4.6257826131E-09
    9.3600006678E-01    4.4739311866E-09
    9.3650006678E-01    4.3260055789E-09
    9.3700006678E-01    4.1819308745E-09
    9.3750006678E-01    4.0416331215E-09
    9.3800006678E-01    3.9050393242E-09
    9.3850006678E-01    3.7720774351E-09
    9.3900006678E-01    3.6426763472E-09
    9.3950006678E-01    3.5167658863E-09
    9.4000006678E-01    3.3942768032E-09
    9.4050006678E-01    3.2751407664E-09
    9.4100006678E-01    3.1592903545E-09
    9.4150006678E-01    3.0466590487E-09
    9.4200006678E-01    2.9371812253E-09
    9.4250006678E-01    2.8307921483E-09
    9.4300006678E-01    2.7274279625E-09
    9.4350006678E-01    2.6270256855E-09
    9.4400006678E-01    2.5295232014E-09
    9.4450006678E-01    2.4348592530E-09
    9.4500006678E-01    2.3429734347E-09
    9.4550006678E-01    2.2538061859E-09
    9.4600006678E-01    2.1672987836E-09
    9.4650006678E-01    2.0833933356E-09
    9.4700006678E-01    2.0020327736E-09
    9.4750006678E-01    1.9231608464E-09
    9.4800006678E-01    1.8467221129E-09
    9.4850006678E-01    1.7726619356E-09
    9.4900006678E-01    1.7009264736E-09
    9.4950006678E-01    1.6314626765E-09
    9.5000006678E-01    1.5642182771E-09
    9.5050006678E-01    1.4991417853E-09
    9.5100006678E-01    1.4361824814E-09
    9.5150006678E-01    1.3752904097E-09
    9.5200006678E-01    1.3164163723E-09
    9.5250006678E-01    1.2595119221E-09
    9.5300006678E-01    1.2045293572E-09
    9.5350006678E-01    1.1514217143E-09
    9.5400006678E-01    1.1001427622E-09
    9.5450006678E-01    1.0506469963E-09
    9.5500006678E-01    1.0028896317E-09
    9.5550006678E-01    9.5682659763E-10
    9.5600006678E-01    9.1241453112E-10
    9.5650006678E-01    8.6961077113E-10
    9.5700006678E-01    8.2837335252E-10
    9.5750006678E-01    7.8866100014E-10
    9.5800006678E-01    7.5043312296E-10
    9.5850006678E-01    7.1364980822E-10
    9.5900006678E-01    6.7827181561E-10
    9.5950006678E-01    6.4426057158E-10
    9.6000006678E-01    6.1157816356E-10
    9.6050006678E-01    5.8018733433E-10
    9.6100006678E-01    5.5005147638E-10
    9.6150006678E-01    5.2113462633E-10
    9.6200006678E-01    4.9340145934E-10
    9.6250006678E-01    4.6681728368E-10
    9.6300006678E-01    4.4134803519E-10
    9.6350006678E-01    4.1696027187E-10
    9.6400006678E-01    3.9362116852E-10
    9.6450006678E-01    3.7129851136E-10
    9.6500006678E-01    3.4996069273E-10
    9.6550006678E-01    3.2957670583E-10
    9.6600006678E-01    3.1011613945E-10
    9.6650006678E-01    2.9154917283E-10
    9.6700006678E-01    2.7384657044E-10
    9.6750006678E-01    2.5697967692E-10
    9.6800006678E-01    2.4092041194E-10
    9.6850006678E-01    2.2564126520E-10
    9.6900006678E-01    2.1111529140E-10
    9.6950006678E-01    1.9731610527E-10
    9.7000006678E-01    1.8421787663E-10
    9.7050006678E-01    1.7179532550E-10
    9.7100006678E-01    1.6002371722E-10
    9.7150006678E-01    1.4887885765E-10
    9.7200006678E-01    1.3833708834E-10
    9.7250006678E-01    1.2837528179E-10
    9.7300006678E-01    1.1897083673E-10
    9.7350006678E-01    1.1010167341E-10
    9.7400006678E-01    1.0174622899E-10
    9.7450006678E-01    9.3883452849E-11
    9.7500006678E-01    8.6492802066E-11
    9.7550006678E-01    7.9554236826E-11
    9.7600006678E-01    7.3048215913E-11
    9.7650006678E-01    6.6955692218E-11
    9.7700006678E-01    6.1258108290E-11
    9.7750006678E-01    5.5937391909E-11
    9.7800006678E-01    5.0975951699E-11
    9.7850006678E-01    4.6356672771E-11
    9.7900006678E-01    4.2062912397E-11
    9.7950006678E-01    3.8078495716E-11
    9.8000006678E-01    3.4387711474E-11
    9.8050006678E-01    3.0975307789E-11
    9.8100006678E-01    2.7826487957E-11
    9.8150006678E-01    2.4926906280E-11
    9.8200006678E-01    2.2262663926E-11
    9.8250006678E-01    1.9820304827E-11
    9.8300006678E-01    1.7586811596E-11
    9.8350006678E-01    1.5549601480E-11
    9.8400006678E-01    1.3696522347E-11
    9.8450006678E-01    1.2015848693E-11
    9.8500006678E-01    1.0496277686E-11
    9.8550006678E-01    9.1269252321E-12
    9.8600006678E-01    7.8973220825E-12
    9.8650006678E-01    6.7974099550E-12
    9.8700006678E-01    5.8175376938E-12
    9.8750006678E-01    4.9484574535E-12
    9.8800006678E-01    4.1813209134E-12
    9.8850006678E-01    3.5076755179E-12
    9.8900006678E-01    2.9194607459E-12
    9.8950006678E-01    2.4090044073E-12
    9.9000006678E-01    1.9690189674E-12
    9.9050006678E-01    1.5925978977E-12
    9.9100006678E-01    1.2732120543E-12
    9.9150006678E-01    1.0047060829E-12
    9.9200006678E-01    7.8129485072E-13
    9.9250006678E-01    5.9755990445E-13
    9.9300006678E-01    4.4844595471E-13
    9.9350006678E-01    3.2925738660E-13
    9.9400006678E-01    2.3565479608E-13
    9.9450006678E-01    1.6365155209E-13
    9.9500006678E-01    1.0961038422E-13
    9.9550006678E-01    7.0239995745E-14
    9.9600006678E-01    4.2591701856E-14
    9.9650006678E-01    2.4056092847E-14
    9.9700006678E-01    1.2359722206E-14
    9.9750006678E-01    5.5618193223E-15
    9.9800006678E-01    2.0510267058E-15
    9.9850006678E-01    5.4216151579E-16
    9.9900006678E-01    7.3001242165E-17
    9.9950006678E-01    1.0933677548E-18
