    1.4492751523E-07    1.0000000000E+00
    5.0014492752E-04    9.9999404535E-01
    1.0001449275E-03    9.9997618848E-01
    1.5001449275E-03    9.9994643023E-01
    2.0001449275E-03    9.9990477195E-01
    2.5001449275E-03    9.9985121551E-01
    3.0001449275E-03    9.9978576334E-01
    3.5001449275E-03    9.9970841840E-01
    4.0001449275E-03    9.9961918419E-01
    4.5001449275E-03    9.9951806474E-01
    5.0001449275E-03    9.9940506463E-01
    5.5001449275E-03    9.9928018895E-01
    6.0001449275E-03    9.9914344335E-01
    6.5001449275E-03    9.9899483402E-01
    7.0001449275E-03    9.9883436765E-01
    7.5001449275E-03    9.9866205151E-01
    8.0001449275E-03    9.9847789338E-01
    8.5001449275E-03    9.9828190156E-01
    9.0001449275E-03    9.9807408490E-01
    9.5001449275E-03    9.9785445277E-01
    1.0000144928E-02    9.9762301510E-01
    1.0500144928E-02    9.9737978230E-01
    1.1000144928E-02    9.9712476536E-01
    1.1500144928E-02    9.9685797575E-01
    1.2000144928E-02    9.9657942550E-01
    1.2500144928E-02    9.9628912715E-01
    1.3000144928E-02    9.9598709377E-01
    1.3500144928E-02    9.9567333895E-01
    1.4000144928E-02    9.9534787681E-01
    1.4500144928E-02    9.9501072198E-01
    1.5000144928E-02    9.9466188960E-01
    1.5500144928E-02    9.9430139535E-01
    1.6000144928E-02    9.9392925542E-01
    1.6500144928E-02    9.9354548651E-01
    1.7000144928E-02    9.9315010583E-01
    1.7500144928E-02    9.9274313110E-01
    1.8000144928E-02    9.9232458056E-01
    1.8500144928E-02    9.9189447296E-01
    1.9000144928E-02    9.9145282755E-01
    1.9500144928E-02    9.9099966408E-01
    2.0000144928E-02    9.9053500281E-01
    2.0500144928E-02    9.9005886450E-01
    2.1000144928E-02    9.8957127041E-01
    2.1500144928E-02    9.8907224230E-01
    2.2000144928E-02    9.8856180242E-01
    2.2500144928E-02    9.8803997352E-01
    2.3000144928E-02    9.8750677882E-01
    2.3500144928E-02    9.8696224207E-01
    2.4000144928E-02    9.8640638747E-01
    2.4500144928E-02    9.8583923972E-01
    2.5000144928E-02    9.8526082401E-01
    2.5500144928E-02    9.8467116599E-01
    2.6000144928E-02    9.8407029181E-01
    2.6500144928E-02    9.8345822807E-01
    2.7000144928E-02    9.8283500188E-01
    2.7500144928E-02    9.8220064078E-01
    2.8000144928E-02    9.8155517282E-01
    2.8500144928E-02    9.8089862647E-01
    2.9000144928E-02    9.8023103071E-01
    2.9500144928E-02    9.7955241495E-01
    3.0000144928E-02    9.7886280907E-01
    3.0500144928E-02    9.7816224340E-01
    3.1000144928E-02    9.7745074873E-01
    3.1500144928E-02    9.7672835628E-01
    3.2000144928E-02    9.7599509776E-01
    3.2500144928E-02    9.7525100527E-01
    3.3000144928E-02    9.7449611140E-01
    3.3500144928E-02    9.7373044915E-01
    3.4000144928E-02    9.7295405197E-01
    3.4500144928E-02    9.7216695373E-01
    3.5000144928E-02    9.7136918874E-01
    3.5500144928E-02    9.7056079174E-01
    3.6000144928E-02    9.6974179788E-01
    3.6500144928E-02    9.6891224274E-01
    3.7000144928E-02    9.6807216231E-01
    3.7500144928E-02    9.6722159302E-01
    3.8000144928E-02    9.6636057168E-01
    3.8500144928E-02    9.6548913553E-01
    3.9000144928E-02    9.6460732219E-01
    3.9500144928E-02    9.6371516971E-01
    4.0000144928E-02    9.6281271653E-01
    4.0500144928E-02    9.6190000146E-01
    4.1000144928E-02    9.6097706375E-01
    4.1500144928E-02    9.6004394299E-01
    4.2000144928E-02    9.5910067918E-01
    4.2500144928E-02    9.5814731271E-01
    4.3000144928E-02    9.5718388432E-01
    4.3500144928E-02    9.5621043515E-01
    4.4000144928E-02    9.5522700670E-01
    4.4500144928E-02    9.5423364083E-01
    4.5000144928E-02    9.5323037978E-01
    4.5500144928E-02    9.5221726614E-01
    4.6000144928E-02    9.5119434286E-01
    4.6500144928E-02    9.5016165324E-01
    4.7000144928E-02    9.4911924094E-01
    4.7500144928E-02    9.4806714994E-01
    4.8000144928E-02    9.4700542460E-01
    4.8500144928E-02    9.4593410958E-01
    4.9000144928E-02    9.4485324990E-01
    4.9500144928E-02    9.4376289091E-01
    5.0000144928E-02    9.4266307826E-01
    5.0500144928E-02    9.4155385797E-01
    5.1000144928E-02    9.4043527633E-01
    5.1500144928E-02    9.3930737997E-01
    5.2000144928E-02    9.3817021585E-01
    5.2500144928E-02    9.3702383119E-01
    5.3000144928E-02    9.3586827355E-01
    5.3500144928E-02    9.3470359079E-01
    5.4000144928E-02    9.3352983106E-01
    5.4500144928E-02    9.3234704278E-01
    5.5000144928E-02    9.3115527469E-01
    5.5500144928E-02    9.2995457579E-01
    5.6000144928E-02    9.2874499539E-01
    5.6500144928E-02    9.2752658305E-01
    5.7000144928E-02    9.2629938860E-01
    5.7500144928E-02    9.2506346216E-01
    5.8000144928E-02    9.2381885410E-01
    5.8500144928E-02    9.2256561506E-01
    5.9000144928E-02    9.2130379591E-01
    5.9500144928E-02    9.2003344780E-01
    6.0000144928E-02    9.1875462212E-01
    6.0500144928E-02    9.1746737049E-01
    6.1000144928E-02    9.1617174481E-01
    6.1500144928E-02    9.1486779716E-01
    6.2000144928E-02    9.1355557988E-01
    6.2500144928E-02    9.1223514556E-01
    6.3000144928E-02    9.1090654697E-01
    6.3500144928E-02    9.0956983712E-01
    6.4000144928E-02    9.0822506924E-01
    6.4500144928E-02    9.0687229677E-01
    6.5000144928E-02    9.0551157333E-01
    6.5500144928E-02    9.0414295279E-01
    6.6000144928E-02    9.0276648918E-01
    6.6500144928E-02    9.0138223674E-01
    6.7000144928E-02    8.9999024990E-01
    6.7500144928E-02    8.9859058326E-01
    6.8000144928E-02    8.9718329164E-01
    6.8500144928E-02    8.9576842999E-01
    6.9000144928E-02    8.9434605347E-01
    6.9500144928E-02    8.9291621739E-01
    7.0000144928E-02    8.9147897724E-01
    7.0500144928E-02    8.9003438865E-01
    7.1000144928E-02    8.8858250743E-01
    7.1500144928E-02    8.8712338953E-01
    7.2000144928E-02    8.8565709106E-01
    7.2500144928E-02    8.8418366825E-01
    7.3000144928E-02    8.8270317749E-01
    7.3500144928E-02    8.8121567532E-01
    7.4000144928E-02    8.7972121837E-01
    7.4500144928E-02    8.7821986345E-01
    7.5000144928E-02    8.7671166744E-01
    7.5500144928E-02    8.7519668739E-01
    7.6000144928E-02    8.7367498043E-01
    7.6500144928E-02    8.7214660381E-01
    7.7000144928E-02    8.7061161491E-01
    7.7500144928E-02    8.6907007118E-01
    7.8000144928E-02    8.6752203019E-01
    7.8500144928E-02    8.6596754959E-01
    7.9000144928E-02    8.6440668716E-01
    7.9500144928E-02    8.6283950071E-01
    8.0000144928E-02    8.6126604817E-01
    8.0500144928E-02    8.5968638754E-01
    8.1000144928E-02    8.5810057691E-01
    8.1500144928E-02    8.5650867441E-01
    8.2000144928E-02    8.5491073826E-01
    8.2500144928E-02    8.5330682673E-01
    8.3000144928E-02    8.5169699818E-01
    8.3500144928E-02    8.5008131098E-01
    8.4000144928E-02    8.4845982358E-01
    8.4500144928E-02    8.4683259447E-01
    8.5000144928E-02    8.4519968219E-01
    8.5500144928E-02    8.4356114531E-01
    8.6000144928E-02    8.4191704243E-01
    8.6500144928E-02    8.4026743221E-01
    8.7000144928E-02    8.3861237330E-01
    8.7500144928E-02    8.3695192440E-01
    8.8000144928E-02    8.3528614423E-01
    8.8500144928E-02    8.3361509151E-01
    8.9000144928E-02    8.3193882499E-01
    8.9500144928E-02    8.3025740342E-01
    9.0000144928E-02    8.2857088555E-01
    9.0500144928E-02    8.2687933014E-01
    9.1000144928E-02    8.2518279595E-01
    9.1500144928E-02    8.2348134172E-01
    9.2000144928E-02    8.2177502621E-01
    9.2500144928E-02    8.2006390812E-01
    9.3000144928E-02    8.1834804617E-01
    9.3500144928E-02    8.1662749906E-01
    9.4000144928E-02    8.1490232543E-01
    9.4500144928E-02    8.1317258394E-01
    9.5000144928E-02    8.1143833318E-01
    9.5500144928E-02    8.0969963172E-01
    9.6000144928E-02    8.0795653810E-01
    9.6500144928E-02    8.0620911081E-01
    9.7000144928E-02    8.0445740828E-01
    9.7500144928E-02    8.0270148891E-01
    9.8000144928E-02    8.0094141105E-01
    9.8500144928E-02    7.9917723298E-01
    9.9000144928E-02    7.9740901293E-01
    9.9500144928E-02    7.9563680906E-01
    1.0000014493E-01    7.9386067948E-01
    1.0050014493E-01    7.9208068220E-01
    1.0100014493E-01    7.9029687520E-01
    1.0150014493E-01    7.8850931634E-01
    1.0200014493E-01    7.8671806343E-01
    1.0250014493E-01    7.8492317420E-01
    1.0300014493E-01    7.8312470627E-01
    1.0350014493E-01    7.8132271719E-01
    1.0400014493E-01    7.7951726442E-01
    1.0450014493E-01    7.7770840531E-01
    1.0500014493E-01    7.7589619712E-01
    1.0550014493E-01    7.7408069702E-01
    1.0600014493E-01    7.7226196206E-01
    1.0650014493E-01    7.7044004918E-01
    1.0700014493E-01    7.6861501523E-01
    1.0750014493E-01    7.6678691693E-01
    1.0800014493E-01    7.6495581089E-01
    1.0850014493E-01    7.6312175360E-01
    1.0900014493E-01    7.6128480142E-01
    1.0950014493E-01    7.5944501060E-01
    1.1000014493E-01    7.5760243726E-01
    1.1050014493E-01    7.5575713738E-01
    1.1100014493E-01    7.5390916681E-01
    1.1150014493E-01    7.5205858126E-01
    1.1200014493E-01    7.5020543632E-01
    1.1250014493E-01    7.4834978742E-01
    1.1300014493E-01    7.4649168985E-01
    1.1350014493E-01    7.4463119876E-01
    1.1400014493E-01    7.4276836914E-01
    1.1450014493E-01    7.4090325583E-01
    1.1500014493E-01    7.3903591352E-01
    1.1550014493E-01    7.3716639676E-01
    1.1600014493E-01    7.3529475990E-01
    1.1650014493E-01    7.3342105716E-01
    1.1700014493E-01    7.3154534258E-01
    1.1750014493E-01    7.2966767005E-01
    1.1800014493E-01    7.2778809328E-01
    1.1850014493E-01    7.2590666579E-01
    1.1900014493E-01    7.2402344097E-01
    1.1950014493E-01    7.2213847199E-01
    1.2000014493E-01    7.2025181186E-01
    1.2050014493E-01    7.1836351342E-01
    1.2100014493E-01    7.1647362931E-01
    1.2150014493E-01    7.1458221199E-01
    1.2200014493E-01    7.1268931374E-01
    1.2250014493E-01    7.1079498664E-01
    1.2300014493E-01    7.0889928258E-01
    1.2350014493E-01    7.0700225326E-01
    1.2400014493E-01    7.0510395018E-01
    1.2450014493E-01    7.0320442466E-01
    1.2500014493E-01    7.0130372779E-01
    1.2550014493E-01    6.9940191048E-01
    1.2600014493E-01    6.9749902344E-01
    1.2650014493E-01    6.9559511716E-01
    1.2700014493E-01    6.9369024192E-01
    1.2750014493E-01    6.9178444781E-01
    1.2800014493E-01    6.8987778469E-01
    1.2850014493E-01    6.8797030223E-01
    1.2900014493E-01    6.8606204985E-01
    1.2950014493E-01    6.8415307680E-01
    1.3000014493E-01    6.8224343207E-01
    1.3050014493E-01    6.8033316445E-01
    1.3100014493E-01    6.7842232252E-01
    1.3150014493E-01    6.7651095461E-01
    1.3200014493E-01    6.7459910885E-01
    1.3250014493E-01    6.7268683312E-01
    1.3300014493E-01    6.7077417510E-01
    1.3350014493E-01    6.6886118223E-01
    1.3400014493E-01    6.6694790170E-01
    1.3450014493E-01    6.6503438051E-01
    1.3500014493E-01    6.6312066539E-01
    1.3550014493E-01    6.6120680285E-01
    1.3600014493E-01    6.5929283916E-01
    1.3650014493E-01    6.5737882036E-01
    1.3700014493E-01    6.5546479224E-01
    1.3750014493E-01    6.5355080037E-01
    1.3800014493E-01    6.5163689006E-01
    1.3850014493E-01    6.4972310638E-01
    1.3900014493E-01    6.4780949417E-01
    1.3950014493E-01    6.4589609801E-01
    1.4000014493E-01    6.4398296225E-01
    1.4050014493E-01    6.4207013098E-01
    1.4100014493E-01    6.4015764804E-01
    1.4150014493E-01    6.3824555704E-01
    1.4200014493E-01    6.3633390132E-01
    1.4250014493E-01    6.3442272398E-01
    1.4300014493E-01    6.3251206787E-01
    1.4350014493E-01    6.3060197558E-01
    1.4400014493E-01    6.2869248946E-01
    1.4450014493E-01    6.2678365158E-01
    1.4500014493E-01    6.2487550378E-01
    1.4550014493E-01    6.2296808764E-01
    1.4600014493E-01    6.2106144447E-01
    1.4650014493E-01    6.1915561533E-01
    1.4700014493E-01    6.1725064102E-01
    1.4750014493E-01    6.1534656209E-01
    1.4800014493E-01    6.1344341883E-01
    1.4850014493E-01    6.1154125125E-01
    1.4900014493E-01    6.0964009911E-01
    1.4950014493E-01    6.0774000192E-01
    1.5000014493E-01    6.0584099892E-01
    1.5050014493E-01    6.0394312907E-01
    1.5100014493E-01    6.0204643110E-01
    1.5150014493E-01    6.0015094345E-01
    1.5200014493E-01    5.9825670431E-01
    1.5250014493E-01    5.9636375159E-01
    1.5300014493E-01    5.9447212295E-01
    1.5350014493E-01    5.9258185578E-01
    1.5400014493E-01    5.9069298720E-01
    1.5450014493E-01    5.8880555406E-01
    1.5500014493E-01    5.8691959296E-01
    1.5550014493E-01    5.8503514022E-01
    1.5600014493E-01    5.8315223190E-01
    1.5650014493E-01    5.8127090377E-01
    1.5700014493E-01    5.7939119137E-01
    1.5750014493E-01    5.7751312994E-01
    1.5800014493E-01    5.7563675447E-01
    1.5850014493E-01    5.7376209967E-01
    1.5900014493E-01    5.7188919999E-01
    1.5950014493E-01    5.7001808961E-01
    1.6000014493E-01    5.6814880243E-01
    1.6050014493E-01    5.6628137210E-01
    1.6100014493E-01    5.6441583199E-01
    1.6150014493E-01    5.6255221520E-01
    1.6200014493E-01    5.6069055456E-01
    1.6250014493E-01    5.5883088263E-01
    1.6300014493E-01    5.5697323172E-01
    1.6350014493E-01    5.5511763385E-01
    1.6400014493E-01    5.5326412077E-01
    1.6450014493E-01    5.5141272397E-01
    1.6500014493E-01    5.4956347468E-01
    1.6550014493E-01    5.4771640383E-01
    1.6600014493E-01    5.4587154212E-01
    1.6650014493E-01    5.4402891996E-01
    1.6700014493E-01    5.4218856750E-01
    1.6750014493E-01    5.4035051460E-01
    1.6800014493E-01    5.3851479089E-01
    1.6850014493E-01    5.3668142570E-01
    1.6900014493E-01    5.3485044811E-01
    1.6950014493E-01    5.3302188692E-01
    1.7000014493E-01    5.3119577068E-01
    1.7050014493E-01    5.2937212767E-01
    1.7100014493E-01    5.2755098588E-01
    1.7150014493E-01    5.2573237306E-01
    1.7200014493E-01    5.2391631670E-01
    1.7250014493E-01    5.2210284400E-01
    1.7300014493E-01    5.2029198191E-01
    1.7350014493E-01    5.1848375711E-01
    1.7400014493E-01    5.1667819603E-01
    1.7450014493E-01    5.1487532481E-01
    1.7500014493E-01    5.1307516936E-01
    1.7550014493E-01    5.1127775531E-01
    1.7600014493E-01    5.0948310801E-01
    1.7650014493E-01    5.0769125259E-01
    1.7700014493E-01    5.0590221388E-01
    1.7750014493E-01    5.0411601648E-01
    1.7800014493E-01    5.0233268471E-01
    1.7850014493E-01    5.0055224263E-01
    1.7900014493E-01    4.9877471406E-01
    1.7950014493E-01    4.9700012255E-01
    1.8000014493E-01    4.9522849139E-01
    1.8050014493E-01    4.9345984361E-01
    1.8100014493E-01    4.9169420200E-01
    1.8150014493E-01    4.8993158908E-01
    1.8200014493E-01    4.8817202712E-01
    1.8250014493E-01    4.8641553813E-01
    1.8300014493E-01    4.8466214389E-01
    1.8350014493E-01    4.8291186589E-01
    1.8400014493E-01    4.8116472540E-01
    1.8450014493E-01    4.7942074341E-01
    1.8500014493E-01    4.7767994070E-01
    1.8550014493E-01    4.7594233775E-01
    1.8600014493E-01    4.7420795483E-01
    1.8650014493E-01    4.7247681195E-01
    1.8700014493E-01    4.7074892887E-01
    1.8750014493E-01    4.6902432509E-01
    1.8800014493E-01    4.6730301990E-01
    1.8850014493E-01    4.6558503231E-01
    1.8900014493E-01    4.6387038110E-01
    1.8950014493E-01    4.6215908481E-01
    1.9000014493E-01    4.6045116173E-01
    1.9050014493E-01    4.5874662991E-01
    1.9100014493E-01    4.5704550716E-01
    1.9150014493E-01    4.5534781106E-01
    1.9200014493E-01    4.5365355894E-01
    1.9250014493E-01    4.5196276788E-01
    1.9300014493E-01    4.5027545475E-01
    1.9350014493E-01    4.4859163618E-01
    1.9400014493E-01    4.4691132853E-01
    1.9450014493E-01    4.4523454797E-01
    1.9500014493E-01    4.4356131041E-01
    1.9550014493E-01    4.4189163154E-01
    1.9600014493E-01    4.4022552682E-01
    1.9650014493E-01    4.3856301146E-01
    1.9700014493E-01    4.3690410046E-01
    1.9750014493E-01    4.3524880858E-01
    1.9800014493E-01    4.3359715037E-01
    1.9850014493E-01    4.3194914014E-01
    1.9900014493E-01    4.3030479197E-01
    1.9950014493E-01    4.2866411972E-01
    2.0000014493E-01    4.2702713703E-01
    2.0050014493E-01    4.2539385733E-01
    2.0100014493E-01    4.2376429380E-01
    2.0150014493E-01    4.2213845942E-01
    2.0200014493E-01    4.2051636694E-01
    2.0250014493E-01    4.1889802890E-01
    2.0300014493E-01    4.1728345763E-01
    2.0350014493E-01    4.1567266523E-01
    2.0400014493E-01    4.1406566358E-01
    2.0450014493E-01    4.1246246437E-01
    2.0500014493E-01    4.1086307905E-01
    2.0550014493E-01    4.0926751888E-01
    2.0600014493E-01    4.0767579489E-01
    2.0650014493E-01    4.0608791793E-01
    2.0700014493E-01    4.0450389861E-01
    2.0750014493E-01    4.0292374735E-01
    2.0800014493E-01    4.0134747437E-01
    2.0850014493E-01    3.9977508965E-01
    2.0900014493E-01    3.9820660302E-01
    2.0950014493E-01    3.9664202405E-01
    2.1000014493E-01    3.9508136217E-01
    2.1050014493E-01    3.9352462655E-01
    2.1100014493E-01    3.9197182620E-01
    2.1150014493E-01    3.9042296991E-01
    2.1200014493E-01    3.8887806630E-01
    2.1250014493E-01    3.8733712376E-01
    2.1300014493E-01    3.8580015051E-01
    2.1350014493E-01    3.8426715457E-01
    2.1400014493E-01    3.8273814377E-01
    2.1450014493E-01    3.8121312573E-01
    2.1500014493E-01    3.7969210792E-01
    2.1550014493E-01    3.7817509757E-01
    2.1600014493E-01    3.7666210176E-01
    2.1650014493E-01    3.7515312738E-01
    2.1700014493E-01    3.7364818113E-01
    2.1750014493E-01    3.7214726950E-01
    2.1800014493E-01    3.7065039885E-01
    2.1850014493E-01    3.6915757530E-01
    2.1900014493E-01    3.6766880484E-01
    2.1950014493E-01    3.6618409326E-01
    2.2000014493E-01    3.6470344615E-01
    2.2050014493E-01    3.6322686897E-01
    2.2100014493E-01    3.6175436695E-01
    2.2150014493E-01    3.6028594520E-01
    2.2200014493E-01    3.5882160861E-01
    2.2250014493E-01    3.5736136193E-01
    2.2300014493E-01    3.5590520972E-01
    2.2350014493E-01    3.5445315638E-01
    2.2400014493E-01    3.5300520614E-01
    2.2450014493E-01    3.5156136306E-01
    2.2500014493E-01    3.5012163104E-01
    2.2550014493E-01    3.4868601380E-01
    2.2600014493E-01    3.4725451490E-01
    2.2650014493E-01    3.4582713777E-01
    2.2700014493E-01    3.4440388562E-01
    2.2750014493E-01    3.4298476155E-01
    2.2800014493E-01    3.4156976848E-01
    2.2850014493E-01    3.4015890917E-01
    2.2900014493E-01    3.3875218623E-01
    2.2950014493E-01    3.3734960212E-01
    2.3000014493E-01    3.3595115912E-01
    2.3050014493E-01    3.3455685939E-01
    2.3100014493E-01    3.3316670491E-01
    2.3150014493E-01    3.3178069754E-01
    2.3200014493E-01    3.3039883896E-01
    2.3250014493E-01    3.2902113071E-01
    2.3300014493E-01    3.2764757419E-01
    2.3350014493E-01    3.2627817066E-01
    2.3400014493E-01    3.2491292122E-01
    2.3450014493E-01    3.2355182682E-01
    2.3500014493E-01    3.2219488830E-01
    2.3550014493E-01    3.2084210632E-01
    2.3600014493E-01    3.1949348143E-01
    2.3650014493E-01    3.1814901402E-01
    2.3700014493E-01    3.1680870436E-01
    2.3750014493E-01    3.1547255257E-01
    2.3800014493E-01    3.1414055864E-01
    2.3850014493E-01    3.1281272242E-01
    2.3900014493E-01    3.1148904364E-01
    2.3950014493E-01    3.1016952187E-01
    2.4000014493E-01    3.0885415659E-01
    2.4050014493E-01    3.0754294712E-01
    2.4100014493E-01    3.0623589266E-01
    2.4150014493E-01    3.0493299228E-01
    2.4200014493E-01    3.0363424493E-01
    2.4250014493E-01    3.0233964942E-01
    2.4300014493E-01    3.0104920446E-01
    2.4350014493E-01    2.9976290862E-01
    2.4400014493E-01    2.9848076035E-01
    2.4450014493E-01    2.9720275798E-01
    2.4500014493E-01    2.9592889972E-01
    2.4550014493E-01    2.9465918367E-01
    2.4600014493E-01    2.9339360780E-01
    2.4650014493E-01    2.9213216997E-01
    2.4700014493E-01    2.9087486792E-01
    2.4750014493E-01    2.8962169930E-01
    2.4800014493E-01    2.8837266160E-01
    2.4850014493E-01    2.8712775225E-01
    2.4900014493E-01    2.8588696852E-01
    2.4950014493E-01    2.8465030762E-01
    2.5000014493E-01    2.8341776661E-01
    2.5050014493E-01    2.8218934247E-01
    2.5100014493E-01    2.8096503206E-01
    2.5150014493E-01    2.7974483213E-01
    2.5200014493E-01    2.7852873934E-01
    2.5250014493E-01    2.7731675023E-01
    2.5300014493E-01    2.7610886127E-01
    2.5350014493E-01    2.7490506878E-01
    2.5400014493E-01    2.7370536903E-01
    2.5450014493E-01    2.7250975816E-01
    2.5500014493E-01    2.7131823221E-01
    2.5550014493E-01    2.7013078714E-01
    2.5600014493E-01    2.6894741881E-01
    2.5650014493E-01    2.6776812299E-01
    2.5700014493E-01    2.6659289533E-01
    2.5750014493E-01    2.6542173141E-01
    2.5800014493E-01    2.6425462673E-01
    2.5850014493E-01    2.6309157666E-01
    2.5900014493E-01    2.6193257653E-01
    2.5950014493E-01    2.6077762153E-01
    2.6000014493E-01    2.5962670681E-01
    2.6050014493E-01    2.5847982739E-01
    2.6100014493E-01    2.5733697823E-01
    2.6150014493E-01    2.5619815421E-01
    2.6200014493E-01    2.5506335011E-01
    2.6250014493E-01    2.5393256063E-01
    2.6300014493E-01    2.5280578040E-01
    2.6350014493E-01    2.5168300395E-01
    2.6400014493E-01    2.5056422575E-01
    2.6450014493E-01    2.4944944018E-01
    2.6500014493E-01    2.4833864155E-01
    2.6550014493E-01    2.4723182407E-01
    2.6600014493E-01    2.4612898191E-01
    2.6650014493E-01    2.4503010913E-01
    2.6700014493E-01    2.4393519974E-01
    2.6750014493E-01    2.4284424767E-01
    2.6800014493E-01    2.4175724677E-01
    2.6850014493E-01    2.4067419083E-01
    2.6900014493E-01    2.3959507357E-01
    2.6950014493E-01    2.3851988862E-01
    2.7000014493E-01    2.3744862956E-01
    2.7050014493E-01    2.3638128991E-01
    2.7100014493E-01    2.3531786309E-01
    2.7150014493E-01    2.3425834250E-01
    2.7200014493E-01    2.3320272143E-01
    2.7250014493E-01    2.3215099313E-01
    2.7300014493E-01    2.3110315080E-01
    2.7350014493E-01    2.3005918753E-01
    2.7400014493E-01    2.2901909640E-01
    2.7450014493E-01    2.2798287040E-01
    2.7500014493E-01    2.2695050247E-01
    2.7550014493E-01    2.2592198549E-01
    2.7600014493E-01    2.2489731227E-01
    2.7650014493E-01    2.2387647559E-01
    2.7700014493E-01    2.2285946814E-01
    2.7750014493E-01    2.2184628257E-01
    2.7800014493E-01    2.2083691149E-01
    2.7850014493E-01    2.1983134743E-01
    2.7900014493E-01    2.1882958289E-01
    2.7950014493E-01    2.1783161029E-01
    2.8000014493E-01    2.1683742202E-01
    2.8050014493E-01    2.1584701041E-01
    2.8100014493E-01    2.1486036776E-01
    2.8150014493E-01    2.1387748628E-01
    2.8200014493E-01    2.1289835817E-01
    2.8250014493E-01    2.1192297556E-01
    2.8300014493E-01    2.1095133055E-01
    2.8350014493E-01    2.0998341517E-01
    2.8400014493E-01    2.0901922143E-01
    2.8450014493E-01    2.0805874127E-01
    2.8500014493E-01    2.0710196662E-01
    2.8550014493E-01    2.0614888934E-01
    2.8600014493E-01    2.0519950124E-01
    2.8650014493E-01    2.0425379412E-01
    2.8700014493E-01    2.0331175971E-01
    2.8750014493E-01    2.0237338972E-01
    2.8800014493E-01    2.0143867581E-01
    2.8850014493E-01    2.0050760959E-01
    2.8900014493E-01    1.9958018266E-01
    2.8950014493E-01    1.9865638656E-01
    2.9000014493E-01    1.9773621281E-01
    2.9050014493E-01    1.9681965287E-01
    2.9100014493E-01    1.9590669818E-01
    2.9150014493E-01    1.9499734016E-01
    2.9200014493E-01    1.9409157017E-01
    2.9250014493E-01    1.9318937954E-01
    2.9300014493E-01    1.9229075958E-01
    2.9350014493E-01    1.9139570157E-01
    2.9400014493E-01    1.9050419674E-01
    2.9450014493E-01    1.8961623631E-01
    2.9500014493E-01    1.8873181144E-01
    2.9550014493E-01    1.8785091331E-01
    2.9600014493E-01    1.8697353302E-01
    2.9650014493E-01    1.8609966167E-01
    2.9700014493E-01    1.8522929033E-01
    2.9750014493E-01    1.8436241003E-01
    2.9800014493E-01    1.8349901179E-01
    2.9850014493E-01    1.8263908660E-01
    2.9900014493E-01    1.8178262542E-01
    2.9950014493E-01    1.8092961918E-01
    3.0000014493E-01    1.8008005881E-01
    3.0050014493E-01    1.7923393518E-01
    3.0100014493E-01    1.7839123918E-01
    3.0150014493E-01    1.7755196164E-01
    3.0200014493E-01    1.7671609338E-01
    3.0250014493E-01    1.7588362523E-01
    3.0300014493E-01    1.7505454794E-01
    3.0350014493E-01    1.7422885230E-01
    3.0400014493E-01    1.7340652903E-01
    3.0450014493E-01    1.7258756888E-01
    3.0500014493E-01    1.7177196254E-01
    3.0550014493E-01    1.7095970071E-01
    3.0600014493E-01    1.7015077405E-01
    3.0650014493E-01    1.6934517322E-01
    3.0700014493E-01    1.6854288887E-01
    3.0750014493E-01    1.6774391161E-01
    3.0800014493E-01    1.6694823206E-01
    3.0850014493E-01    1.6615584080E-01
    3.0900014493E-01    1.6536672843E-01
    3.0950014493E-01    1.6458088551E-01
    3.1000014493E-01    1.6379830259E-01
    3.1050014493E-01    1.6301897022E-01
    3.1100014493E-01    1.6224287892E-01
    3.1150014493E-01    1.6147001921E-01
    3.1200014493E-01    1.6070038161E-01
    3.1250014493E-01    1.5993395661E-01
    3.1300014493E-01    1.5917073469E-01
    3.1350014493E-01    1.5841070633E-01
    3.1400014493E-01    1.5765386201E-01
    3.1450014493E-01    1.5690019217E-01
    3.1500014493E-01    1.5614968728E-01
    3.1550014493E-01    1.5540233778E-01
    3.1600014493E-01    1.5465813410E-01
    3.1650014493E-01    1.5391706668E-01
    3.1700014493E-01    1.5317912593E-01
    3.1750014493E-01    1.5244430227E-01
    3.1800014493E-01    1.5171258612E-01
    3.1850014493E-01    1.5098396789E-01
    3.1900014493E-01    1.5025843797E-01
    3.1950014493E-01    1.4953598676E-01
    3.2000014493E-01    1.4881660466E-01
    3.2050014493E-01    1.4810028205E-01
    3.2100014493E-01    1.4738700933E-01
    3.2150014493E-01    1.4667677688E-01
    3.2200014493E-01    1.4596957509E-01
    3.2250014493E-01    1.4526539433E-01
    3.2300014493E-01    1.4456422497E-01
    3.2350014493E-01    1.4386605742E-01
    3.2400014493E-01    1.4317088202E-01
    3.2450014493E-01    1.4247868918E-01
    3.2500014493E-01    1.4178946926E-01
    3.2550014493E-01    1.4110321264E-01
    3.2600014493E-01    1.4041990970E-01
    3.2650014493E-01    1.3973955081E-01
    3.2700014493E-01    1.3906212637E-01
    3.2750014493E-01    1.3838762675E-01
    3.2800014493E-01    1.3771604235E-01
    3.2850014493E-01    1.3704736353E-01
    3.2900014493E-01    1.3638158071E-01
    3.2950014493E-01    1.3571868427E-01
    3.3000014493E-01    1.3505866460E-01
    3.3050014493E-01    1.3440151212E-01
    3.3100014493E-01    1.3374721722E-01
    3.3150014493E-01    1.3309577032E-01
    3.3200014493E-01    1.3244716183E-01
    3.3250014493E-01    1.3180138217E-01
    3.3300014493E-01    1.3115842177E-01
    3.3350014493E-01    1.3051827106E-01
    3.3400014493E-01    1.2988092048E-01
    3.3450014493E-01    1.2924636046E-01
    3.3500014493E-01    1.2861458147E-01
    3.3550014493E-01    1.2798557396E-01
    3.3600014493E-01    1.2735932839E-01
    3.3650014493E-01    1.2673583524E-01
    3.3700014493E-01    1.2611508499E-01
    3.3750014493E-01    1.2549706812E-01
    3.3800014493E-01    1.2488177514E-01
    3.3850014493E-01    1.2426919655E-01
    3.3900014493E-01    1.2365932286E-01
    3.3950014493E-01    1.2305214461E-01
    3.4000014493E-01    1.2244765231E-01
    3.4050014493E-01    1.2184583652E-01
    3.4100014493E-01    1.2124668778E-01
    3.4150014493E-01    1.2065019667E-01
    3.4200014493E-01    1.2005635375E-01
    3.4250014493E-01    1.1946514962E-01
    3.4300014493E-01    1.1887657486E-01
    3.4350014493E-01    1.1829062008E-01
    3.4400014493E-01    1.1770727591E-01
    3.4450014493E-01    1.1712653297E-01
    3.4500014493E-01    1.1654838190E-01
    3.4550014493E-01    1.1597281336E-01
    3.4600014493E-01    1.1539981802E-01
    3.4650014493E-01    1.1482938655E-01
    3.4700014493E-01    1.1426150965E-01
    3.4750014493E-01    1.1369617802E-01
    3.4800014493E-01    1.1313338238E-01
    3.4850014493E-01    1.1257311346E-01
    3.4900014493E-01    1.1201536201E-01
    3.4950014493E-01    1.1146011879E-01
    3.5000014493E-01    1.1090737458E-01
    3.5050014493E-01    1.1035712015E-01
    3.5100014493E-01    1.0980934631E-01
    3.5150014493E-01    1.0926404389E-01
    3.5200014493E-01    1.0872120370E-01
    3.5250014493E-01    1.0818081661E-01
    3.5300014493E-01    1.0764287346E-01
    3.5350014493E-01    1.0710736514E-01
    3.5400014493E-01    1.0657428255E-01
    3.5450014493E-01    1.0604361658E-01
    3.5500014493E-01    1.0551535818E-01
    3.5550014493E-01    1.0498949827E-01
    3.5600014493E-01    1.0446602781E-01
    3.5650014493E-01    1.0394493778E-01
    3.5700014493E-01    1.0342621918E-01
    3.5750014493E-01    1.0290986300E-01
    3.5800014493E-01    1.0239586027E-01
    3.5850014493E-01    1.0188420203E-01
    3.5900014493E-01    1.0137487935E-01
    3.5950014493E-01    1.0086788329E-01
    3.6000014493E-01    1.0036320495E-01
    3.6050014493E-01    9.9860835449E-02
    3.6100014493E-01    9.9360765907E-02
    3.6150014493E-01    9.8862987473E-02
    3.6200014493E-01    9.8367491313E-02
    3.6250014493E-01    9.7874268611E-02
    3.6300014493E-01    9.7383310569E-02
    3.6350014493E-01    9.6894608406E-02
    3.6400014493E-01    9.6408153363E-02
    3.6450014493E-01    9.5923936696E-02
    3.6500014493E-01    9.5441949683E-02
    3.6550014493E-01    9.4962183620E-02
    3.6600014493E-01    9.4484629822E-02
    3.6650014493E-01    9.4009279622E-02
    3.6700014493E-01    9.3536124375E-02
    3.6750014493E-01    9.3065155453E-02
    3.6800014493E-01    9.2596364250E-02
    3.6850014493E-01    9.2129742177E-02
    3.6900014493E-01    9.1665280668E-02
    3.6950014493E-01    9.1202971173E-02
    3.7000014493E-01    9.0742805166E-02
    3.7050014493E-01    9.0284774139E-02
    3.7100014493E-01    8.9828869604E-02
    3.7150014493E-01    8.9375083095E-02
    3.7200014493E-01    8.8923406164E-02
    3.7250014493E-01    8.8473830386E-02
    3.7300014493E-01    8.8026347356E-02
    3.7350014493E-01    8.7580948687E-02
    3.7400014493E-01    8.7137626017E-02
    3.7450014493E-01    8.6696371002E-02
    3.7500014493E-01    8.6257175320E-02
    3.7550014493E-01    8.5820030669E-02
    3.7600014493E-01    8.5384928771E-02
    3.7650014493E-01    8.4951861365E-02
    3.7700014493E-01    8.4520820215E-02
    3.7750014493E-01    8.4091797104E-02
    3.7800014493E-01    8.3664783838E-02
    3.7850014493E-01    8.3239772243E-02
    3.7900014493E-01    8.2816754167E-02
    3.7950014493E-01    8.2395721481E-02
    3.8000014493E-01    8.1976666076E-02
    3.8050014493E-01    8.1559579864E-02
    3.8100014493E-01    8.1144454783E-02
    3.8150014493E-01    8.0731282788E-02
    3.8200014493E-01    8.0320055858E-02
    3.8250014493E-01    7.9910765995E-02
    3.8300014493E-01    7.9503405222E-02
    3.8350014493E-01    7.9097965583E-02
    3.8400014493E-01    7.8694439147E-02
    3.8450014493E-01    7.8292818002E-02
    3.8500014493E-01    7.7893094261E-02
    3.8550014493E-01    7.7495260057E-02
    3.8600014493E-01    7.7099307547E-02
    3.8650014493E-01    7.6705228910E-02
    3.8700014493E-01    7.6313016347E-02
    3.8750014493E-01    7.5922662082E-02
    3.8800014493E-01    7.5534158361E-02
    3.8850014493E-01    7.5147497454E-02
    3.8900014493E-01    7.4762671651E-02
    3.8950014493E-01    7.4379673267E-02
    3.9000014493E-01    7.3998494639E-02
    3.9050014493E-01    7.3619128126E-02
    3.9100014493E-01    7.3241566110E-02
    3.9150014493E-01    7.2865800997E-02
    3.9200014493E-01    7.2491825214E-02
    3.9250014493E-01    7.2119631212E-02
    3.9300014493E-01    7.1749211464E-02
    3.9350014493E-01    7.1380558467E-02
    3.9400014493E-01    7.1013664741E-02
    3.9450014493E-01    7.0648522827E-02
    3.9500014493E-01    7.0285125290E-02
    3.9550014493E-01    6.9923464720E-02
    3.9600014493E-01    6.9563533726E-02
    3.9650014493E-01    6.9205324943E-02
    3.9700014493E-01    6.8848831029E-02
    3.9750014493E-01    6.8494044663E-02
    3.9800014493E-01    6.8140958548E-02
    3.9850014493E-01    6.7789565412E-02
    3.9900014493E-01    6.7439858004E-02
    3.9950014493E-01    6.7091829095E-02
    4.0000014493E-01    6.6745471482E-02
    4.0050014493E-01    6.6400777984E-02
    4.0100014493E-01    6.6057741442E-02
    4.0150014493E-01    6.5716354721E-02
    4.0200014493E-01    6.5376610710E-02
    4.0250014493E-01    6.5038502319E-02
    4.0300014493E-01    6.4702022483E-02
    4.0350014493E-01    6.4367164159E-02
    4.0400014493E-01    6.4033920329E-02
    4.0450014493E-01    6.3702283996E-02
    4.0500014493E-01    6.3372248187E-02
    4.0550014493E-01    6.3043805952E-02
    4.0600014493E-01    6.2716950364E-02
    4.0650014493E-01    6.2391674519E-02
    4.0700014493E-01    6.2067971538E-02
    4.0750014493E-01    6.1745834563E-02
    4.0800014493E-01    6.1425256759E-02
    4.0850014493E-01    6.1106231315E-02
    4.0900014493E-01    6.0788751444E-02
    4.0950014493E-01    6.0472810380E-02
    4.1000014493E-01    6.0158401381E-02
    4.1050014493E-01    5.9845517729E-02
    4.1100014493E-01    5.9534152728E-02
    4.1150014493E-01    5.9224299706E-02
    4.1200014493E-01    5.8915952012E-02
    4.1250014493E-01    5.8609103020E-02
    4.1300014493E-01    5.8303746126E-02
    4.1350014493E-01    5.7999874751E-02
    4.1400014493E-01    5.7697482335E-02
    4.1450014493E-01    5.7396562345E-02
    4.1500014493E-01    5.7097108268E-02
    4.1550014493E-01    5.6799113617E-02
    4.1600014493E-01    5.6502571924E-02
    4.1650014493E-01    5.6207476748E-02
    4.1700014493E-01    5.5913821667E-02
    4.1750014493E-01    5.5621600284E-02
    4.1800014493E-01    5.5330806226E-02
    4.1850014493E-01    5.5041433139E-02
    4.1900014493E-01    5.4753474696E-02
    4.1950014493E-01    5.4466924589E-02
    4.2000014493E-01    5.4181776537E-02
    4.2050014493E-01    5.3898024276E-02
    4.2100014493E-01    5.3615661571E-02
    4.2150014493E-01    5.3334682204E-02
    4.2200014493E-01    5.3055079983E-02
    4.2250014493E-01    5.2776848739E-02
    4.2300014493E-01    5.2499982322E-02
    4.2350014493E-01    5.2224474608E-02
    4.2400014493E-01    5.1950319495E-02
    4.2450014493E-01    5.1677510901E-02
    4.2500014493E-01    5.1406042769E-02
    4.2550014493E-01    5.1135909064E-02
    4.2600014493E-01    5.0867103773E-02
    4.2650014493E-01    5.0599620904E-02
    4.2700014493E-01    5.0333454490E-02
    4.2750014493E-01    5.0068598584E-02
    4.2800014493E-01    4.9805047262E-02
    4.2850014493E-01    4.9542794623E-02
    4.2900014493E-01    4.9281834787E-02
    4.2950014493E-01    4.9022161896E-02
    4.3000014493E-01    4.8763770116E-02
    4.3050014493E-01    4.8506653633E-02
    4.3100014493E-01    4.8250806655E-02
    4.3150014493E-01    4.7996223413E-02
    4.3200014493E-01    4.7742898161E-02
    4.3250014493E-01    4.7490825172E-02
    4.3300014493E-01    4.7239998742E-02
    4.3350014493E-01    4.6990413191E-02
    4.3400014493E-01    4.6742062858E-02
    4.3450014493E-01    4.6494942104E-02
    4.3500014493E-01    4.6249045313E-02
    4.3550014493E-01    4.6004366891E-02
    4.3600014493E-01    4.5760901263E-02
    4.3650014493E-01    4.5518642878E-02
    4.3700014493E-01    4.5277586206E-02
    4.3750014493E-01    4.5037725738E-02
    4.3800014493E-01    4.4799055987E-02
    4.3850014493E-01    4.4561571487E-02
    4.3900014493E-01    4.4325266792E-02
    4.3950014493E-01    4.4090136481E-02
    4.4000014493E-01    4.3856175151E-02
    4.4050014493E-01    4.3623377420E-02
    4.4100014493E-01    4.3391737930E-02
    4.4150014493E-01    4.3161251342E-02
    4.4200014493E-01    4.2931912338E-02
    4.4250014493E-01    4.2703715623E-02
    4.4300014493E-01    4.2476655920E-02
    4.4350014493E-01    4.2250727975E-02
    4.4400014493E-01    4.2025926555E-02
    4.4450014493E-01    4.1802246447E-02
    4.4500014493E-01    4.1579682458E-02
    4.4550014493E-01    4.1358229418E-02
    4.4600014493E-01    4.1137882176E-02
    4.4650014493E-01    4.0918635602E-02
    4.4700014493E-01    4.0700484587E-02
    4.4750014493E-01    4.0483424042E-02
    4.4800014493E-01    4.0267448899E-02
    4.4850014493E-01    4.0052554109E-02
    4.4900014493E-01    3.9838734646E-02
    4.4950014493E-01    3.9625985502E-02
    4.5000014493E-01    3.9414301691E-02
    4.5050014493E-01    3.9203678246E-02
    4.5100014493E-01    3.8994110221E-02
    4.5150014493E-01    3.8785592688E-02
    4.5200014493E-01    3.8578120744E-02
    4.5250014493E-01    3.8371689500E-02
    4.5300014493E-01    3.8166294091E-02
    4.5350014493E-01    3.7961929670E-02
    4.5400014493E-01    3.7758591413E-02
    4.5450014493E-01    3.7556274511E-02
    4.5500014493E-01    3.7354974178E-02
    4.5550014493E-01    3.7154685647E-02
    4.5600014493E-01    3.6955404171E-02
    4.5650014493E-01    3.6757125021E-02
    4.5700014493E-01    3.6559843491E-02
    4.5750014493E-01    3.6363554890E-02
    4.5800014493E-01    3.6168254550E-02
    4.5850014493E-01    3.5973937821E-02
    4.5900014493E-01    3.5780600073E-02
    4.5950014493E-01    3.5588236693E-02
    4.6000014493E-01    3.5396843091E-02
    4.6050014493E-01    3.5206414693E-02
    4.6100014493E-01    3.5016946945E-02
    4.6150014493E-01    3.4828435313E-02
    4.6200014493E-01    3.4640875282E-02
    4.6250014493E-01    3.4454262353E-02
    4.6300014493E-01    3.4268592051E-02
    4.6350014493E-01    3.4083859915E-02
    4.6400014493E-01    3.3900061506E-02
    4.6450014493E-01    3.3717192403E-02
    4.6500014493E-01    3.3535248201E-02
    4.6550014493E-01    3.3354224518E-02
    4.6600014493E-01    3.3174116988E-02
    4.6650014493E-01    3.2994921263E-02
    4.6700014493E-01    3.2816633015E-02
    4.6750014493E-01    3.2639247934E-02
    4.6800014493E-01    3.2462761728E-02
    4.6850014493E-01    3.2287170124E-02
    4.6900014493E-01    3.2112468865E-02
    4.6950014493E-01    3.1938653716E-02
    4.7000014493E-01    3.1765720456E-02
    4.7050014493E-01    3.1593664884E-02
    4.7100014493E-01    3.1422482819E-02
    4.7150014493E-01    3.1252170094E-02
    4.7200014493E-01    3.1082722562E-02
    4.7250014493E-01    3.0914136095E-02
    4.7300014493E-01    3.0746406580E-02
    4.7350014493E-01    3.0579529923E-02
    4.7400014493E-01    3.0413502049E-02
    4.7450014493E-01    3.0248318899E-02
    4.7500014493E-01    3.0083976431E-02
    4.7550014493E-01    2.9920470622E-02
    4.7600014493E-01    2.9757797467E-02
    4.7650014493E-01    2.9595952975E-02
    4.7700014493E-01    2.9434933177E-02
    4.7750014493E-01    2.9274734117E-02
    4.7800014493E-01    2.9115351858E-02
    4.7850014493E-01    2.8956782481E-02
    4.7900014493E-01    2.8799022083E-02
    4.7950014493E-01    2.8642066779E-02
    4.8000014493E-01    2.8485912698E-02
    4.8050014493E-01    2.8330555990E-02
    4.8100014493E-01    2.8175992820E-02
    4.8150014493E-01    2.8022219370E-02
    4.8200014493E-01    2.7869231837E-02
    4.8250014493E-01    2.7717026438E-02
    4.8300014493E-01    2.7565599403E-02
    4.8350014493E-01    2.7414946983E-02
    4.8400014493E-01    2.7265065441E-02
    4.8450014493E-01    2.7115951059E-02
    4.8500014493E-01    2.6967600134E-02
    4.8550014493E-01    2.6820008982E-02
    4.8600014493E-01    2.6673173933E-02
    4.8650014493E-01    2.6527091332E-02
    4.8700014493E-01    2.6381757544E-02
    4.8750014493E-01    2.6237168947E-02
    4.8800014493E-01    2.6093321936E-02
    4.8850014493E-01    2.5950212922E-02
    4.8900014493E-01    2.5807838332E-02
    4.8950014493E-01    2.5666194610E-02
    4.9000014493E-01    2.5525278214E-02
    4.9050014493E-01    2.5385085617E-02
    4.9100014493E-01    2.5245613312E-02
    4.9150014493E-01    2.5106857803E-02
    4.9200014493E-01    2.4968815612E-02
    4.9250014493E-01    2.4831483276E-02
    4.9300014493E-01    2.4694857348E-02
    4.9350014493E-01    2.4558934395E-02
    4.9400014493E-01    2.4423711002E-02
    4.9450014493E-01    2.4289183766E-02
    4.9500014493E-01    2.4155349302E-02
    4.9550014493E-01    2.4022204239E-02
    4.9600014493E-01    2.3889745221E-02
    4.9650014493E-01    2.3757968908E-02
    4.9700014493E-01    2.3626871973E-02
    4.9750014493E-01    2.3496451108E-02
    4.9800014493E-01    2.3366703016E-02
    4.9850014493E-01    2.3237624416E-02
    4.9900014493E-01    2.3109212042E-02
    4.9950014493E-01    2.2981462644E-02
    5.0000014493E-01    2.2854372985E-02
    5.0050014493E-01    2.2727939843E-02
    5.0100014493E-01    2.2602160011E-02
    5.0150014493E-01    2.2477030297E-02
    5.0200014493E-01    2.2352547523E-02
    5.0250014493E-01    2.2228708524E-02
    5.0300014493E-01    2.2105510151E-02
    5.0350014493E-01    2.1982949271E-02
    5.0400014493E-01    2.1861022761E-02
    5.0450014493E-01    2.1739727515E-02
    5.0500014493E-01    2.1619060442E-02
    5.0550014493E-01    2.1499018463E-02
    5.0600014493E-01    2.1379598513E-02
    5.0650014493E-01    2.1260797544E-02
    5.0700014493E-01    2.1142612518E-02
    5.0750014493E-01    2.1025040413E-02
    5.0800014493E-01    2.0908078221E-02
    5.0850014493E-01    2.0791722947E-02
    5.0900014493E-01    2.0675971610E-02
    5.0950014493E-01    2.0560821244E-02
    5.1000014493E-01    2.0446268893E-02
    5.1050014493E-01    2.0332311620E-02
    5.1100014493E-01    2.0218946495E-02
    5.1150014493E-01    2.0106170608E-02
    5.1200014493E-01    1.9993981057E-02
    5.1250014493E-01    1.9882374958E-02
    5.1300014493E-01    1.9771349436E-02
    5.1350014493E-01    1.9660901632E-02
    5.1400014493E-01    1.9551028699E-02
    5.1450014493E-01    1.9441727805E-02
    5.1500014493E-01    1.9332996128E-02
    5.1550014493E-01    1.9224830862E-02
    5.1600014493E-01    1.9117229212E-02
    5.1650014493E-01    1.9010188397E-02
    5.1700014493E-01    1.8903705649E-02
    5.1750014493E-01    1.8797778211E-02
    5.1800014493E-01    1.8692403342E-02
    5.1850014493E-01    1.8587578310E-02
    5.1900014493E-01    1.8483300399E-02
    5.1950014493E-01    1.8379566904E-02
    5.2000014493E-01    1.8276375133E-02
    5.2050014493E-01    1.8173722405E-02
    5.2100014493E-01    1.8071606054E-02
    5.2150014493E-01    1.7970023425E-02
    5.2200014493E-01    1.7868971876E-02
    5.2250014493E-01    1.7768448776E-02
    5.2300014493E-01    1.7668451508E-02
    5.2350014493E-01    1.7568977466E-02
    5.2400014493E-01    1.7470024057E-02
    5.2450014493E-01    1.7371588699E-02
    5.2500014493E-01    1.7273668823E-02
    5.2550014493E-01    1.7176261873E-02
    5.2600014493E-01    1.7079365303E-02
    5.2650014493E-01    1.6982976579E-02
    5.2700014493E-01    1.6887093180E-02
    5.2750014493E-01    1.6791712597E-02
    5.2800014493E-01    1.6696832332E-02
    5.2850014493E-01    1.6602449899E-02
    5.2900014493E-01    1.6508562823E-02
    5.2950014493E-01    1.6415168642E-02
    5.3000014493E-01    1.6322264904E-02
    5.3050014493E-01    1.6229849170E-02
    5.3100014493E-01    1.6137919012E-02
    5.3150014493E-01    1.6046472012E-02
    5.3200014493E-01    1.5955505766E-02
    5.3250014493E-01    1.5865017880E-02
    5.3300014493E-01    1.5775005971E-02
    5.3350014493E-01    1.5685467667E-02
    5.3400014493E-01    1.5596400608E-02
    5.3450014493E-01    1.5507802445E-02
    5.3500014493E-01    1.5419670841E-02
    5.3550014493E-01    1.5332003467E-02
    5.3600014493E-01    1.5244798009E-02
    5.3650014493E-01    1.5158052161E-02
    5.3700014493E-01    1.5071763629E-02
    5.3750014493E-01    1.4985930130E-02
    5.3800014493E-01    1.4900549392E-02
    5.3850014493E-01    1.4815619152E-02
    5.3900014493E-01    1.4731137161E-02
    5.3950014493E-01    1.4647101178E-02
    5.4000014493E-01    1.4563508974E-02
    5.4050014493E-01    1.4480358329E-02
    5.4100014493E-01    1.4397647035E-02
    5.4150014493E-01    1.4315372894E-02
    5.4200014493E-01    1.4233533719E-02
    5.4250014493E-01    1.4152127333E-02
    5.4300014493E-01    1.4071151569E-02
    5.4350014493E-01    1.3990604271E-02
    5.4400014493E-01    1.3910483293E-02
    5.4450014493E-01    1.3830786499E-02
    5.4500014493E-01    1.3751511763E-02
    5.4550014493E-01    1.3672656970E-02
    5.4600014493E-01    1.3594220015E-02
    5.4650014493E-01    1.3516198801E-02
    5.4700014493E-01    1.3438591245E-02
    5.4750014493E-01    1.3361395270E-02
    5.4800014493E-01    1.3284608812E-02
    5.4850014493E-01    1.3208229813E-02
    5.4900014493E-01    1.3132256230E-02
    5.4950014493E-01    1.3056686026E-02
    5.5000014493E-01    1.2981517175E-02
    5.5050014493E-01    1.2906747660E-02
    5.5100014493E-01    1.2832375474E-02
    5.5150014493E-01    1.2758398622E-02
    5.5200014493E-01    1.2684815114E-02
    5.5250014493E-01    1.2611622973E-02
    5.5300014493E-01    1.2538820231E-02
    5.5350014493E-01    1.2466404928E-02
    5.5400014493E-01    1.2394375114E-02
    5.5450014493E-01    1.2322728851E-02
    5.5500014493E-01    1.2251464205E-02
    5.5550014493E-01    1.2180579257E-02
    5.5600014493E-01    1.2110072093E-02
    5.5650014493E-01    1.2039940811E-02
    5.5700014493E-01    1.1970183515E-02
    5.5750014493E-01    1.1900798322E-02
    5.5800014493E-01    1.1831783356E-02
    5.5850014493E-01    1.1763136750E-02
    5.5900014493E-01    1.1694856645E-02
    5.5950014493E-01    1.1626941194E-02
    5.6000014493E-01    1.1559388556E-02
    5.6050014493E-01    1.1492196901E-02
    5.6100014493E-01    1.1425364405E-02
    5.6150014493E-01    1.1358889257E-02
    5.6200014493E-01    1.1292769651E-02
    5.6250014493E-01    1.1227003792E-02
    5.6300014493E-01    1.1161589892E-02
    5.6350014493E-01    1.1096526173E-02
    5.6400014493E-01    1.1031810864E-02
    5.6450014493E-01    1.0967442206E-02
    5.6500014493E-01    1.0903418444E-02
    5.6550014493E-01    1.0839737835E-02
    5.6600014493E-01    1.0776398642E-02
    5.6650014493E-01    1.0713399139E-02
    5.6700014493E-01    1.0650737606E-02
    5.6750014493E-01    1.0588412332E-02
    5.6800014493E-01    1.0526421616E-02
    5.6850014493E-01    1.0464763762E-02
    5.6900014493E-01    1.0403437086E-02
    5.6950014493E-01    1.0342439909E-02
    5.7000014493E-01    1.0281770561E-02
    5.7050014493E-01    1.0221427382E-02
    5.7100014493E-01    1.0161408718E-02
    5.7150014493E-01    1.0101712924E-02
    5.7200014493E-01    1.0042338361E-02
    5.7250014493E-01    9.9832834021E-03
    5.7300014493E-01    9.9245464243E-03
    5.7350014493E-01    9.8661258145E-03
    5.7400014493E-01    9.8080199671E-03
    5.7450014493E-01    9.7502272841E-03
    5.7500014493E-01    9.6927461755E-03
    5.7550014493E-01    9.6355750591E-03
    5.7600014493E-01    9.5787123603E-03
    5.7650014493E-01    9.5221565121E-03
    5.7700014493E-01    9.4659059553E-03
    5.7750014493E-01    9.4099591383E-03
    5.7800014493E-01    9.3543145171E-03
    5.7850014493E-01    9.2989705551E-03
    5.7900014493E-01    9.2439257232E-03
    5.7950014493E-01    9.1891785000E-03
    5.8000014493E-01    9.1347273714E-03
    5.8050014493E-01    9.0805708306E-03
    5.8100014493E-01    9.0267073784E-03
    5.8150014493E-01    8.9731355226E-03
    5.8200014493E-01    8.9198537788E-03
    5.8250014493E-01    8.8668606694E-03
    5.8300014493E-01    8.8141547242E-03
    5.8350014493E-01    8.7617344803E-03
    5.8400014493E-01    8.7095984818E-03
    5.8450014493E-01    8.6577452800E-03
    5.8500014493E-01    8.6061734335E-03
    5.8550014493E-01    8.5548815076E-03
    5.8600014493E-01    8.5038680748E-03
    5.8650014493E-01    8.4531317148E-03
    5.8700014493E-01    8.4026710139E-03
    5.8750014493E-01    8.3524845657E-03
    5.8800014493E-01    8.3025709704E-03
    5.8850014493E-01    8.2529288352E-03
    5.8900014493E-01    8.2035567743E-03
    5.8950014493E-01    8.1544534084E-03
    5.9000014493E-01    8.1056173651E-03
    5.9050014493E-01    8.0570472790E-03
    5.9100014493E-01    8.0087417910E-03
    5.9150014493E-01    7.9606995490E-03
    5.9200014493E-01    7.9129192073E-03
    5.9250014493E-01    7.8653994270E-03
    5.9300014493E-01    7.8181388758E-03
    5.9350014493E-01    7.7711362278E-03
    5.9400014493E-01    7.7243901638E-03
    5.9450014493E-01    7.6778993709E-03
    5.9500014493E-01    7.6316625429E-03
    5.9550014493E-01    7.5856783799E-03
    5.9600014493E-01    7.5399455884E-03
    5.9650014493E-01    7.4944628813E-03
    5.9700014493E-01    7.4492289778E-03
    5.9750014493E-01    7.4042426035E-03
    5.9800014493E-01    7.3595024903E-03
    5.9850014493E-01    7.3150073762E-03
    5.9900014493E-01    7.2707560057E-03
    5.9950014493E-01    7.2267471291E-03
    6.0000014493E-01    7.1829795032E-03
    6.0050014493E-01    7.1394518909E-03
    6.0100014493E-01    7.0961630610E-03
    6.0150014493E-01    7.0531117887E-03
    6.0200014493E-01    7.0102968549E-03
    6.0250014493E-01    6.9677170468E-03
    6.0300014493E-01    6.9253711574E-03
    6.0350014493E-01    6.8832579859E-03
    6.0400014493E-01    6.8413763372E-03
    6.0450014493E-01    6.7997250222E-03
    6.0500014493E-01    6.7583028578E-03
    6.0550014493E-01    6.7171086665E-03
    6.0600014493E-01    6.6761412768E-03
    6.0650014493E-01    6.6353995230E-03
    6.0700014493E-01    6.5948822452E-03
    6.0750014493E-01    6.5545882891E-03
    6.0800014493E-01    6.5145165062E-03
    6.0850014493E-01    6.4746657537E-03
    6.0900014493E-01    6.4350348944E-03
    6.0950014493E-01    6.3956227969E-03
    6.1000014493E-01    6.3564283352E-03
    6.1050014493E-01    6.3174503890E-03
    6.1100014493E-01    6.2786878436E-03
    6.1150014493E-01    6.2401395896E-03
    6.1200014493E-01    6.2018045233E-03
    6.1250014493E-01    6.1636815465E-03
    6.1300014493E-01    6.1257695664E-03
    6.1350014493E-01    6.0880674955E-03
    6.1400014493E-01    6.0505742518E-03
    6.1450014493E-01    6.0132887588E-03
    6.1500014493E-01    5.9762099451E-03
    6.1550014493E-01    5.9393367447E-03
    6.1600014493E-01    5.9026680971E-03
    6.1650014493E-01    5.8662029468E-03
    6.1700014493E-01    5.8299402436E-03
    6.1750014493E-01    5.7938789427E-03
    6.1800014493E-01    5.7580180042E-03
    6.1850014493E-01    5.7223563936E-03
    6.1900014493E-01    5.6868930815E-03
    6.1950014493E-01    5.6516270435E-03
    6.2000014493E-01    5.6165572604E-03
    6.2050014493E-01    5.5816827181E-03
    6.2100014493E-01    5.5470024075E-03
    6.2150014493E-01    5.5125153245E-03
    6.2200014493E-01    5.4782204700E-03
    6.2250014493E-01    5.4441168498E-03
    6.2300014493E-01    5.4102034749E-03
    6.2350014493E-01    5.3764793610E-03
    6.2400014493E-01    5.3429435288E-03
    6.2450014493E-01    5.3095950037E-03
    6.2500014493E-01    5.2764328163E-03
    6.2550014493E-01    5.2434560016E-03
    6.2600014493E-01    5.2106635998E-03
    6.2650014493E-01    5.1780546556E-03
    6.2700014493E-01    5.1456282187E-03
    6.2750014493E-01    5.1133833433E-03
    6.2800014493E-01    5.0813190885E-03
    6.2850014493E-01    5.0494345180E-03
    6.2900014493E-01    5.0177287002E-03
    6.2950014493E-01    4.9862007082E-03
    6.3000014493E-01    4.9548496195E-03
    6.3050014493E-01    4.9236745165E-03
    6.3100014493E-01    4.8926744860E-03
    6.3150014493E-01    4.8618486193E-03
    6.3200014493E-01    4.8311960126E-03
    6.3250014493E-01    4.8007157661E-03
    6.3300014493E-01    4.7704069848E-03
    6.3350014493E-01    4.7402687782E-03
    6.3400014493E-01    4.7103002601E-03
    6.3450014493E-01    4.6805005487E-03
    6.3500014493E-01    4.6508687668E-03
    6.3550014493E-01    4.6214040415E-03
    6.3600014493E-01    4.5921055041E-03
    6.3650014493E-01    4.5629722905E-03
    6.3700014493E-01    4.5340035407E-03
    6.3750014493E-01    4.5051983992E-03
    6.3800014493E-01    4.4765560146E-03
    6.3850014493E-01    4.4480755398E-03
    6.3900014493E-01    4.4197561320E-03
    6.3950014493E-01    4.3915969526E-03
    6.4000014493E-01    4.3635971671E-03
    6.4050014493E-01    4.3357559453E-03
    6.4100014493E-01    4.3080724612E-03
    6.4150014493E-01    4.2805458927E-03
    6.4200014493E-01    4.2531754219E-03
    6.4250014493E-01    4.2259602352E-03
    6.4300014493E-01    4.1988995228E-03
    6.4350014493E-01    4.1719924792E-03
    6.4400014493E-01    4.1452383026E-03
    6.4450014493E-01    4.1186361956E-03
    6.4500014493E-01    4.0921853645E-03
    6.4550014493E-01    4.0658850198E-03
    6.4600014493E-01    4.0397343758E-03
    6.4650014493E-01    4.0137326507E-03
    6.4700014493E-01    3.9878790667E-03
    6.4750014493E-01    3.9621728500E-03
    6.4800014493E-01    3.9366132305E-03
    6.4850014493E-01    3.9111994420E-03
    6.4900014493E-01    3.8859307223E-03
    6.4950014493E-01    3.8608063128E-03
    6.5000014493E-01    3.8358254587E-03
    6.5050014493E-01    3.8109874093E-03
    6.5100014493E-01    3.7862914173E-03
    6.5150014493E-01    3.7617367393E-03
    6.5200014493E-01    3.7373226356E-03
    6.5250014493E-01    3.7130483703E-03
    6.5300014493E-01    3.6889132112E-03
    6.5350014493E-01    3.6649164295E-03
    6.5400014493E-01    3.6410573004E-03
    6.5450014493E-01    3.6173351025E-03
    6.5500014493E-01    3.5937491183E-03
    6.5550014493E-01    3.5702986335E-03
    6.5600014493E-01    3.5469829377E-03
    6.5650014493E-01    3.5238013240E-03
    6.5700014493E-01    3.5007530889E-03
    6.5750014493E-01    3.4778375327E-03
    6.5800014493E-01    3.4550539589E-03
    6.5850014493E-01    3.4324016749E-03
    6.5900014493E-01    3.4098799911E-03
    6.5950014493E-01    3.3874882218E-03
    6.6000014493E-01    3.3652256844E-03
    6.6050014493E-01    3.3430917000E-03
    6.6100014493E-01    3.3210855929E-03
    6.6150014493E-01    3.2992066909E-03
    6.6200014493E-01    3.2774543253E-03
    6.6250014493E-01    3.2558278305E-03
    6.6300014493E-01    3.2343265444E-03
    6.6350014493E-01    3.2129498082E-03
    6.6400014493E-01    3.1916969664E-03
    6.6450014493E-01    3.1705673669E-03
    6.6500014493E-01    3.1495603608E-03
    6.6550014493E-01    3.1286753023E-03
    6.6600014493E-01    3.1079115492E-03
    6.6650014493E-01    3.0872684622E-03
    6.6700014493E-01    3.0667454054E-03
    6.6750014493E-01    3.0463417460E-03
    6.6800014493E-01    3.0260568545E-03
    6.6850014493E-01    3.0058901046E-03
    6.6900014493E-01    2.9858408728E-03
    6.6950014493E-01    2.9659085392E-03
    6.7000014493E-01    2.9460924867E-03
    6.7050014493E-01    2.9263921015E-03
    6.7100014493E-01    2.9068067728E-03
    6.7150014493E-01    2.8873358929E-03
    6.7200014493E-01    2.8679788571E-03
    6.7250014493E-01    2.8487350637E-03
    6.7300014493E-01    2.8296039144E-03
    6.7350014493E-01    2.8105848133E-03
    6.7400014493E-01    2.7916771681E-03
    6.7450014493E-01    2.7728803891E-03
    6.7500014493E-01    2.7541938896E-03
    6.7550014493E-01    2.7356170862E-03
    6.7600014493E-01    2.7171493980E-03
    6.7650014493E-01    2.6987902472E-03
    6.7700014493E-01    2.6805390590E-03
    6.7750014493E-01    2.6623952614E-03
    6.7800014493E-01    2.6443582853E-03
    6.7850014493E-01    2.6264275645E-03
    6.7900014493E-01    2.6086025356E-03
    6.7950014493E-01    2.5908826381E-03
    6.8000014493E-01    2.5732673142E-03
    6.8050014493E-01    2.5557560091E-03
    6.8100014493E-01    2.5383481707E-03
    6.8150014493E-01    2.5210432497E-03
    6.8200014493E-01    2.5038406995E-03
    6.8250014493E-01    2.4867399763E-03
    6.8300014493E-01    2.4697405391E-03
    6.8350014493E-01    2.4528418496E-03
    6.8400014493E-01    2.4360433722E-03
    6.8450014493E-01    2.4193445740E-03
    6.8500014493E-01    2.4027449247E-03
    6.8550014493E-01    2.3862438970E-03
    6.8600014493E-01    2.3698409658E-03
    6.8650014493E-01    2.3535356090E-03
    6.8700014493E-01    2.3373273070E-03
    6.8750014493E-01    2.3212155428E-03
    6.8800014493E-01    2.3051998021E-03
    6.8850014493E-01    2.2892795731E-03
    6.8900014493E-01    2.2734543467E-03
    6.8950014493E-01    2.2577236162E-03
    6.9000014493E-01    2.2420868776E-03
    6.9050014493E-01    2.2265436294E-03
    6.9100014493E-01    2.2110933727E-03
    6.9150014493E-01    2.1957356109E-03
    6.9200014493E-01    2.1804698503E-03
    6.9250014493E-01    2.1652955992E-03
    6.9300014493E-01    2.1502123688E-03
    6.9350014493E-01    2.1352196726E-03
    6.9400014493E-01    2.1203170265E-03
    6.9450014493E-01    2.1055039490E-03
    6.9500014493E-01    2.0907799609E-03
    6.9550014493E-01    2.0761445854E-03
    6.9600014493E-01    2.0615973483E-03
    6.9650014493E-01    2.0471377776E-03
    6.9700014493E-01    2.0327654037E-03
    6.9750014493E-01    2.0184797596E-03
    6.9800014493E-01    2.0042803804E-03
    6.9850014493E-01    1.9901668036E-03
    6.9900014493E-01    1.9761385692E-03
    6.9950014493E-01    1.9621952193E-03
    7.0000014493E-01    1.9483362984E-03
    7.0050014493E-01    1.9345613535E-03
    7.0100014493E-01    1.9208699335E-03
    7.0150014493E-01    1.9072615899E-03
    7.0200014493E-01    1.8937358764E-03
    7.0250014493E-01    1.8802923489E-03
    7.0300014493E-01    1.8669305656E-03
    7.0350014493E-01    1.8536500868E-03
    7.0400014493E-01    1.8404504752E-03
    7.0450014493E-01    1.8273312957E-03
    7.0500014493E-01    1.8142921152E-03
    7.0550014493E-01    1.8013325030E-03
    7.0600014493E-01    1.7884520306E-03
    7.0650014493E-01    1.7756502715E-03
    7.0700014493E-01    1.7629268014E-03
    7.0750014493E-01    1.7502811982E-03
    7.0800014493E-01    1.7377130421E-03
    7.0850014493E-01    1.7252219150E-03
    7.0900014493E-01    1.7128074013E-03
    7.0950014493E-01    1.7004690873E-03
    7.1000014493E-01    1.6882065615E-03
    7.1050014493E-01    1.6760194145E-03
    7.1100014493E-01    1.6639072388E-03
    7.1150014493E-01    1.6518696292E-03
    7.1200014493E-01    1.6399061824E-03
    7.1250014493E-01    1.6280164972E-03
    7.1300014493E-01    1.6162001743E-03
    7.1350014493E-01    1.6044568166E-03
    7.1400014493E-01    1.5927860290E-03
    7.1450014493E-01    1.5811874183E-03
    7.1500014493E-01    1.5696605933E-03
    7.1550014493E-01    1.5582051648E-03
    7.1600014493E-01    1.5468207457E-03
    7.1650014493E-01    1.5355069506E-03
    7.1700014493E-01    1.5242633963E-03
    7.1750014493E-01    1.5130897015E-03
    7.1800014493E-01    1.5019854867E-03
    7.1850014493E-01    1.4909503744E-03
    7.1900014493E-01    1.4799839890E-03
    7.1950014493E-01    1.4690859568E-03
    7.2000014493E-01    1.4582559061E-03
    7.2050014493E-01    1.4474934669E-03
    7.2100014493E-01    1.4367982713E-03
    7.2150014493E-01    1.4261699530E-03
    7.2200014493E-01    1.4156081477E-03
    7.2250014493E-01    1.4051124931E-03
    7.2300014493E-01    1.3946826284E-03
    7.2350014493E-01    1.3843181948E-03
    7.2400014493E-01    1.3740188355E-03
    7.2450014493E-01    1.3637841952E-03
    7.2500014493E-01    1.3536139205E-03
    7.2550014493E-01    1.3435076600E-03
    7.2600014493E-01    1.3334650637E-03
    7.2650014493E-01    1.3234857838E-03
    7.2700014493E-01    1.3135694739E-03
    7.2750014493E-01    1.3037157896E-03
    7.2800014493E-01    1.2939243881E-03
    7.2850014493E-01    1.2841949284E-03
    7.2900014493E-01    1.2745270712E-03
    7.2950014493E-01    1.2649204790E-03
    7.3000014493E-01    1.2553748160E-03
    7.3050014493E-01    1.2458897480E-03
    7.3100014493E-01    1.2364649425E-03
    7.3150014493E-01    1.2271000689E-03
    7.3200014493E-01    1.2177947980E-03
    7.3250014493E-01    1.2085488025E-03
    7.3300014493E-01    1.1993617566E-03
    7.3350014493E-01    1.1902333361E-03
    7.3400014493E-01    1.1811632188E-03
    7.3450014493E-01    1.1721510837E-03
    7.3500014493E-01    1.1631966117E-03
    7.3550014493E-01    1.1542994853E-03
    7.3600014493E-01    1.1454593885E-03
    7.3650014493E-01    1.1366760069E-03
    7.3700014493E-01    1.1279490278E-03
    7.3750014493E-01    1.1192781401E-03
    7.3800014493E-01    1.1106630342E-03
    7.3850014493E-01    1.1021034021E-03
    7.3900014493E-01    1.0935989373E-03
    7.3950014493E-01    1.0851493351E-03
    7.4000014493E-01    1.0767542919E-03
    7.4050014493E-01    1.0684135062E-03
    7.4100014493E-01    1.0601266775E-03
    7.4150014493E-01    1.0518935072E-03
    7.4200014493E-01    1.0437136981E-03
    7.4250014493E-01    1.0355869544E-03
    7.4300014493E-01    1.0275129820E-03
    7.4350014493E-01    1.0194914882E-03
    7.4400014493E-01    1.0115221817E-03
    7.4450014493E-01    1.0036047728E-03
    7.4500014493E-01    9.9573897332E-04
    7.4550014493E-01    9.8792449636E-04
    7.4600014493E-01    9.8016105663E-04
    7.4650014493E-01    9.7244837022E-04
    7.4700014493E-01    9.6478615470E-04
    7.4750014493E-01    9.5717412907E-04
    7.4800014493E-01    9.4961201373E-04
    7.4850014493E-01    9.4209953055E-04
    7.4900014493E-01    9.3463640276E-04
    7.4950014493E-01    9.2722235505E-04
    7.5000014493E-01    9.1985711348E-04
    7.5050014493E-01    9.1254040550E-04
    7.5100014493E-01    9.0527195997E-04
    7.5150014493E-01    8.9805150711E-04
    7.5200014493E-01    8.9087877852E-04
    7.5250014493E-01    8.8375350716E-04
    7.5300014493E-01    8.7667542735E-04
    7.5350014493E-01    8.6964427478E-04
    7.5400014493E-01    8.6265978646E-04
    7.5450014493E-01    8.5572170075E-04
    7.5500014493E-01    8.4882975734E-04
    7.5550014493E-01    8.4198369725E-04
    7.5600014493E-01    8.3518326281E-04
    7.5650014493E-01    8.2842819767E-04
    7.5700014493E-01    8.2171824678E-04
    7.5750014493E-01    8.1505315638E-04
    7.5800014493E-01    8.0843267403E-04
    7.5850014493E-01    8.0185654854E-04
    7.5900014493E-01    7.9532453002E-04
    7.5950014493E-01    7.8883636985E-04
    7.6000014493E-01    7.8239182068E-04
    7.6050014493E-01    7.7599063641E-04
    7.6100014493E-01    7.6963257220E-04
    7.6150014493E-01    7.6331738446E-04
    7.6200014493E-01    7.5704483083E-04
    7.6250014493E-01    7.5081467020E-04
    7.6300014493E-01    7.4462666267E-04
    7.6350014493E-01    7.3848056958E-04
    7.6400014493E-01    7.3237615348E-04
    7.6450014493E-01    7.2631317812E-04
    7.6500014493E-01    7.2029140847E-04
    7.6550014493E-01    7.1431061069E-04
    7.6600014493E-01    7.0837055213E-04
    7.6650014493E-01    7.0247100133E-04
    7.6700014493E-01    6.9661172801E-04
    7.6750014493E-01    6.9079250307E-04
    7.6800014493E-01    6.8501309856E-04
    7.6850014493E-01    6.7927328770E-04
    7.6900014493E-01    6.7357284488E-04
    7.6950014493E-01    6.6791154563E-04
    7.7000014493E-01    6.6228916662E-04
    7.7050014493E-01    6.5670548567E-04
    7.7100014493E-01    6.5116028172E-04
    7.7150014493E-01    6.4565333485E-04
    7.7200014493E-01    6.4018442626E-04
    7.7250014493E-01    6.3475333826E-04
    7.7300014493E-01    6.2935985427E-04
    7.7350014493E-01    6.2400375882E-04
    7.7400014493E-01    6.1868483755E-04
    7.7450014493E-01    6.1340287717E-04
    7.7500014493E-01    6.0815766549E-04
    7.7550014493E-01    6.0294899142E-04
    7.7600014493E-01    5.9777664492E-04
    7.7650014493E-01    5.9264041703E-04
    7.7700014493E-01    5.8754009987E-04
    7.7750014493E-01    5.8247548662E-04
    7.7800014493E-01    5.7744637149E-04
    7.7850014493E-01    5.7245254977E-04
    7.7900014493E-01    5.6749381779E-04
    7.7950014493E-01    5.6256997290E-04
    7.8000014493E-01    5.5768081351E-04
    7.8050014493E-01    5.5282613904E-04
    7.8100014493E-01    5.4800574996E-04
    7.8150014493E-01    5.4321944774E-04
    7.8200014493E-01    5.3846703486E-04
    7.8250014493E-01    5.3374831482E-04
    7.8300014493E-01    5.2906309213E-04
    7.8350014493E-01    5.2441117228E-04
    7.8400014493E-01    5.1979236177E-04
    7.8450014493E-01    5.1520646808E-04
    7.8500014493E-01    5.1065329968E-04
    7.8550014493E-01    5.0613266602E-04
    7.8600014493E-01    5.0164437752E-04
    7.8650014493E-01    4.9718824557E-04
    7.8700014493E-01    4.9276408252E-04
    7.8750014493E-01    4.8837170170E-04
    7.8800014493E-01    4.8401091736E-04
    7.8850014493E-01    4.7968154473E-04
    7.8900014493E-01    4.7538339997E-04
    7.8950014493E-01    4.7111630019E-04
    7.9000014493E-01    4.6688006343E-04
    7.9050014493E-01    4.6267450866E-04
    7.9100014493E-01    4.5849945578E-04
    7.9150014493E-01    4.5435472561E-04
    7.9200014493E-01    4.5024013988E-04
    7.9250014493E-01    4.4615552124E-04
    7.9300014493E-01    4.4210069326E-04
    7.9350014493E-01    4.3807548038E-04
    7.9400014493E-01    4.3407970798E-04
    7.9450014493E-01    4.3011320230E-04
    7.9500014493E-01    4.2617579048E-04
    7.9550014493E-01    4.2226730056E-04
    7.9600014493E-01    4.1838756144E-04
    7.9650014493E-01    4.1453640290E-04
    7.9700014493E-01    4.1071365561E-04
    7.9750014493E-01    4.0691915109E-04
    7.9800014493E-01    4.0315272173E-04
    7.9850014493E-01    3.9941420076E-04
    7.9900014493E-01    3.9570342230E-04
    7.9950014493E-01    3.9202022130E-04
    8.0000014493E-01    3.8836443355E-04
    8.0050014493E-01    3.8473589569E-04
    8.0100014493E-01    3.8113444519E-04
    8.0150014493E-01    3.7755992038E-04
    8.0200014493E-01    3.7401216037E-04
    8.0250014493E-01    3.7049100515E-04
    8.0300014493E-01    3.6699629549E-04
    8.0350014493E-01    3.6352787299E-04
    8.0400014493E-01    3.6008558007E-04
    8.0450014493E-01    3.5666925995E-04
    8.0500014493E-01    3.5327875665E-04
    8.0550014493E-01    3.4991391500E-04
    8.0600014493E-01    3.4657458063E-04
    8.0650014493E-01    3.4326059994E-04
    8.0700014493E-01    3.3997182014E-04
    8.0750014493E-01    3.3670808923E-04
    8.0800014493E-01    3.3346925596E-04
    8.0850014493E-01    3.3025516988E-04
    8.0900014493E-01    3.2706568131E-04
    8.0950014493E-01    3.2390064133E-04
    8.1000014493E-01    3.2075990180E-04
    8.1050014493E-01    3.1764331531E-04
    8.1100014493E-01    3.1455073526E-04
    8.1150014493E-01    3.1148201575E-04
    8.1200014493E-01    3.0843701165E-04
    8.1250014493E-01    3.0541557859E-04
    8.1300014493E-01    3.0241757291E-04
    8.1350014493E-01    2.9944285173E-04
    8.1400014493E-01    2.9649127287E-04
    8.1450014493E-01    2.9356269489E-04
    8.1500014493E-01    2.9065697709E-04
    8.1550014493E-01    2.8777397947E-04
    8.1600014493E-01    2.8491356278E-04
    8.1650014493E-01    2.8207558845E-04
    8.1700014493E-01    2.7925991866E-04
    8.1750014493E-01    2.7646641627E-04
    8.1800014493E-01    2.7369494486E-04
    8.1850014493E-01    2.7094536872E-04
    8.1900014493E-01    2.6821755281E-04
    8.1950014493E-01    2.6551136281E-04
    8.2000014493E-01    2.6282666509E-04
    8.2050014493E-01    2.6016332669E-04
    8.2100014493E-01    2.5752121535E-04
    8.2150014493E-01    2.5490019949E-04
    8.2200014493E-01    2.5230014821E-04
    8.2250014493E-01    2.4972093128E-04
    8.2300014493E-01    2.4716241913E-04
    8.2350014493E-01    2.4462448287E-04
    8.2400014493E-01    2.4210699427E-04
    8.2450014493E-01    2.3960982578E-04
    8.2500014493E-01    2.3713285047E-04
    8.2550014493E-01    2.3467594209E-04
    8.2600014493E-01    2.3223897505E-04
    8.2650014493E-01    2.2982182437E-04
    8.2700014493E-01    2.2742436575E-04
    8.2750014493E-01    2.2504647551E-04
    8.2800014493E-01    2.2268803063E-04
    8.2850014493E-01    2.2034890871E-04
    8.2900014493E-01    2.1802898796E-04
    8.2950014493E-01    2.1572814727E-04
    8.3000014493E-01    2.1344626611E-04
    8.3050014493E-01    2.1118322459E-04
    8.3100014493E-01    2.0893890344E-04
    8.3150014493E-01    2.0671318400E-04
    8.3200014493E-01    2.0450594823E-04
    8.3250014493E-01    2.0231707869E-04
    8.3300014493E-01    2.0014645856E-04
    8.3350014493E-01    1.9799397160E-04
    8.3400014493E-01    1.9585950220E-04
    8.3450014493E-01    1.9374293533E-04
    8.3500014493E-01    1.9164415655E-04
    8.3550014493E-01    1.8956305203E-04
    8.3600014493E-01    1.8749950852E-04
    8.3650014493E-01    1.8545341334E-04
    8.3700014493E-01    1.8342465441E-04
    8.3750014493E-01    1.8141312023E-04
    8.3800014493E-01    1.7941869987E-04
    8.3850014493E-01    1.7744128298E-04
    8.3900014493E-01    1.7548075977E-04
    8.3950014493E-01    1.7353702104E-04
    8.4000014493E-01    1.7160995812E-04
    8.4050014493E-01    1.6969946294E-04
    8.4100014493E-01    1.6780542797E-04
    8.4150014493E-01    1.6592774623E-04
    8.4200014493E-01    1.6406631131E-04
    8.4250014493E-01    1.6222101734E-04
    8.4300014493E-01    1.6039175902E-04
    8.4350014493E-01    1.5857843156E-04
    8.4400014493E-01    1.5678093074E-04
    8.4450014493E-01    1.5499915287E-04
    8.4500014493E-01    1.5323299481E-04
    8.4550014493E-01    1.5148235393E-04
    8.4600014493E-01    1.4974712815E-04
    8.4650014493E-01    1.4802721592E-04
    8.4700014493E-01    1.4632251621E-04
    8.4750014493E-01    1.4463292853E-04
    8.4800014493E-01    1.4295835288E-04
    8.4850014493E-01    1.4129868981E-04
    8.4900014493E-01    1.3965384036E-04
    8.4950014493E-01    1.3802370612E-04
    8.5000014493E-01    1.3640818915E-04
    8.5050014493E-01    1.3480719204E-04
    8.5100014493E-01    1.3322061789E-04
    8.5150014493E-01    1.3164837030E-04
    8.5200014493E-01    1.3009035336E-04
    8.5250014493E-01    1.2854647166E-04
    8.5300014493E-01    1.2701663031E-04
    8.5350014493E-01    1.2550073489E-04
    8.5400014493E-01    1.2399869147E-04
    8.5450014493E-01    1.2251040661E-04
    8.5500014493E-01    1.2103578738E-04
    8.5550014493E-01    1.1957474130E-04
    8.5600014493E-01    1.1812717640E-04
    8.5650014493E-01    1.1669300116E-04
    8.5700014493E-01    1.1527212456E-04
    8.5750014493E-01    1.1386445604E-04
    8.5800014493E-01    1.1246990552E-04
    8.5850014493E-01    1.1108838339E-04
    8.5900014493E-01    1.0971980050E-04
    8.5950014493E-01    1.0836406816E-04
    8.6000014493E-01    1.0702109817E-04
    8.6050014493E-01    1.0569080275E-04
    8.6100014493E-01    1.0437309460E-04
    8.6150014493E-01    1.0306788688E-04
    8.6200014493E-01    1.0177509319E-04
    8.6250014493E-01    1.0049462759E-04
    8.6300014493E-01    9.9226404585E-05
    8.6350014493E-01    9.7970339124E-05
    8.6400014493E-01    9.6726346604E-05
    8.6450014493E-01    9.5494342860E-05
    8.6500014493E-01    9.4274244170E-05
    8.6550014493E-01    9.3065967247E-05
    8.6600014493E-01    9.1869429240E-05
    8.6650014493E-01    9.0684547731E-05
    8.6700014493E-01    8.9511240733E-05
    8.6750014493E-01    8.8349426688E-05
    8.6800014493E-01    8.7199024462E-05
    8.6850014493E-01    8.6059953348E-05
    8.6900014493E-01    8.4932133061E-05
    8.6950014493E-01    8.3815483736E-05
    8.7000014493E-01    8.2709925924E-05
    8.7050014493E-01    8.1615380594E-05
    8.7100014493E-01    8.0531769128E-05
    8.7150014493E-01    7.9459013321E-05
    8.7200014493E-01    7.8397035377E-05
    8.7250014493E-01    7.7345757905E-05
    8.7300014493E-01    7.6305103924E-05
    8.7350014493E-01    7.5274996854E-05
    8.7400014493E-01    7.4255360516E-05
    8.7450014493E-01    7.3246119132E-05
    8.7500014493E-01    7.2247197322E-05
    8.7550014493E-01    7.1258520100E-05
    8.7600014493E-01    7.0280012873E-05
    8.7650014493E-01    6.9311601442E-05
    8.7700014493E-01    6.8353211995E-05
    8.7750014493E-01    6.7404771110E-05
    8.7800014493E-01    6.6466205749E-05
    8.7850014493E-01    6.5537443258E-05
    8.7900014493E-01    6.4618411366E-05
    8.7950014493E-01    6.3709038180E-05
    8.8000014493E-01    6.2809252188E-05
    8.8050014493E-01    6.1918982250E-05
    8.8100014493E-01    6.1038157605E-05
    8.8150014493E-01    6.0166707860E-05
    8.8200014493E-01    5.9304562995E-05
    8.8250014493E-01    5.8451653358E-05
    8.8300014493E-01    5.7607909665E-05
    8.8350014493E-01    5.6773262994E-05
    8.8400014493E-01    5.5947644790E-05
    8.8450014493E-01    5.5130986856E-05
    8.8500014493E-01    5.4323221356E-05
    8.8550014493E-01    5.3524280812E-05
    8.8600014493E-01    5.2734098101E-05
    8.8650014493E-01    5.1952606456E-05
    8.8700014493E-01    5.1179739459E-05
    8.8750014493E-01    5.0415431046E-05
    8.8800014493E-01    4.9659615499E-05
    8.8850014493E-01    4.8912227451E-05
    8.8900014493E-01    4.8173201875E-05
    8.8950014493E-01    4.7442474092E-05
    8.9000014493E-01    4.6719979764E-05
    8.9050014493E-01    4.6005654892E-05
    8.9100014493E-01    4.5299435815E-05
    8.9150014493E-01    4.4601259212E-05
    8.9200014493E-01    4.3911062093E-05
    8.9250014493E-01    4.3228781805E-05
    8.9300014493E-01    4.2554356024E-05
    8.9350014493E-01    4.1887722758E-05
    8.9400014493E-01    4.1228820342E-05
    8.9450014493E-01    4.0577587440E-05
    8.9500014493E-01    3.9933963038E-05
    8.9550014493E-01    3.9297886448E-05
    8.9600014493E-01    3.8669297304E-05
    8.9650014493E-01    3.8048135558E-05
    8.9700014493E-01    3.7434341483E-05
    8.9750014493E-01    3.6827855668E-05
    8.9800014493E-01    3.6228619018E-05
    8.9850014493E-01    3.5636572751E-05
    8.9900014493E-01    3.5051658399E-05
    8.9950014493E-01    3.4473817804E-05
    9.0000014493E-01    3.3902993117E-05
    9.0050014493E-01    3.3339126796E-05
    9.0100014493E-01    3.2782161606E-05
    9.0150014493E-01    3.2232040618E-05
    9.0200014493E-01    3.1688707204E-05
    9.0250014493E-01    3.1152105038E-05
    9.0300014493E-01    3.0622178096E-05
    9.0350014493E-01    3.0098870648E-05
    9.0400014493E-01    2.9582127267E-05
    9.0450014493E-01    2.9071892817E-05
    9.0500014493E-01    2.8568112458E-05
    9.0550014493E-01    2.8070731643E-05
    9.0600014493E-01    2.7579696115E-05
    9.0650014493E-01    2.7094951908E-05
    9.0700014493E-01    2.6616445343E-05
    9.0750014493E-01    2.6144123029E-05
    9.0800014493E-01    2.5677931859E-05
    9.0850014493E-01    2.5217819011E-05
    9.0900014493E-01    2.4763731946E-05
    9.0950014493E-01    2.4315618405E-05
    9.1000014493E-01    2.3873426409E-05
    9.1050014493E-01    2.3437104258E-05
    9.1100014493E-01    2.3006600528E-05
    9.1150014493E-01    2.2581864071E-05
    9.1200014493E-01    2.2162844014E-05
    9.1250014493E-01    2.1749489755E-05
    9.1300014493E-01    2.1341750965E-05
    9.1350014493E-01    2.0939577584E-05
    9.1400014493E-01    2.0542919821E-05
    9.1450014493E-01    2.0151728154E-05
    9.1500014493E-01    1.9765953324E-05
    9.1550014493E-01    1.9385546340E-05
    9.1600014493E-01    1.9010458471E-05
    9.1650014493E-01    1.8640641251E-05
    9.1700014493E-01    1.8276046473E-05
    9.1750014493E-01    1.7916626190E-05
    9.1800014493E-01    1.7562332714E-05
    9.1850014493E-01    1.7213118613E-05
    9.1900014493E-01    1.6868936709E-05
    9.1950014493E-01    1.6529740082E-05
    9.2000014493E-01    1.6195482062E-05
    9.2050014493E-01    1.5866116232E-05
    9.2100014493E-01    1.5541596425E-05
    9.2150014493E-01    1.5221876724E-05
    9.2200014493E-01    1.4906911459E-05
    9.2250014493E-01    1.4596655208E-05
    9.2300014493E-01    1.4291062793E-05
    9.2350014493E-01    1.3990089282E-05
    9.2400014493E-01    1.3693689985E-05
    9.2450014493E-01    1.3401820454E-05
    9.2500014493E-01    1.3114436481E-05
    9.2550014493E-01    1.2831494100E-05
    9.2600014493E-01    1.2552949581E-05
    9.2650014493E-01    1.2278759431E-05
    9.2700014493E-01    1.2008880393E-05
    9.2750014493E-01    1.1743269447E-05
    9.2800014493E-01    1.1481883803E-05
    9.2850014493E-01    1.1224680906E-05
    9.2900014493E-01    1.0971618432E-05
    9.2950014493E-01    1.0722654284E-05
    9.3000014493E-01    1.0477746599E-05
    9.3050014493E-01    1.0236853737E-05
    9.3100014493E-01    9.9999342882E-06
    9.3150014493E-01    9.7669470657E-06
    9.3200014493E-01    9.5378511082E-06
    9.3250014493E-01    9.3126056776E-06
    9.3300014493E-01    9.0911702577E-06
    9.3350014493E-01    8.8735045533E-06
    9.3400014493E-01    8.6595684893E-06
    9.3450014493E-01    8.4493222093E-06
    9.3500014493E-01    8.2427260745E-06
    9.3550014493E-01    8.0397406630E-06
    9.3600014493E-01    7.8403267681E-06
    9.3650014493E-01    7.6444453979E-06
    9.3700014493E-01    7.4520577737E-06
    9.3750014493E-01    7.2631253292E-06
    9.3800014493E-01    7.0776097094E-06
    9.3850014493E-01    6.8954727693E-06
    9.3900014493E-01    6.7166765735E-06
    9.3950014493E-01    6.5411833942E-06
    9.4000014493E-01    6.3689557111E-06
    9.4050014493E-01    6.1999562097E-06
    9.4100014493E-01    6.0341477807E-06
    9.4150014493E-01    5.8714935186E-06
    9.4200014493E-01    5.7119567209E-06
    9.4250014493E-01    5.5555008873E-06
    9.4300014493E-01    5.4020897182E-06
    9.4350014493E-01    5.2516871139E-06
    9.4400014493E-01    5.1042571739E-06
    9.4450014493E-01    4.9597641955E-06
    9.4500014493E-01    4.8181726730E-06
    9.4550014493E-01    4.6794472965E-06
    9.4600014493E-01    4.5435529515E-06
    9.4650014493E-01    4.4104547172E-06
    9.4700014493E-01    4.2801178659E-06
    9.4750014493E-01    4.1525078621E-06
    9.4800014493E-01    4.0275903614E-06
    9.4850014493E-01    3.9053312096E-06
    9.4900014493E-01    3.7856964415E-06
    9.4950014493E-01    3.6686522806E-06
    9.5000014493E-01    3.5541651375E-06
    9.5050014493E-01    3.4422016091E-06
    9.5100014493E-01    3.3327284780E-06
    9.5150014493E-01    3.2257127113E-06
    9.5200014493E-01    3.1211214596E-06
    9.5250014493E-01    3.0189220565E-06
    9.5300014493E-01    2.9190820170E-06
    9.5350014493E-01    2.8215690373E-06
    9.5400014493E-01    2.7263509935E-06
    9.5450014493E-01    2.6333959408E-06
    9.5500014493E-01    2.5426721126E-06
    9.5550014493E-01    2.4541479195E-06
    9.5600014493E-01    2.3677919488E-06
    9.5650014493E-01    2.2835729629E-06
    9.5700014493E-01    2.2014598994E-06
    9.5750014493E-01    2.1214218692E-06
    9.5800014493E-01    2.0434281564E-06
    9.5850014493E-01    1.9674482172E-06
    9.5900014493E-01    1.8934516787E-06
    9.5950014493E-01    1.8214083388E-06
    9.6000014493E-01    1.7512881645E-06
    9.6050014493E-01    1.6830612916E-06
    9.6100014493E-01    1.6166980237E-06
    9.6150014493E-01    1.5521688315E-06
    9.6200014493E-01    1.4894443516E-06
    9.6250014493E-01    1.4284953860E-06
    9.6300014493E-01    1.3692929013E-06
    9.6350014493E-01    1.3118080277E-06
    9.6400014493E-01    1.2560120581E-06
    9.6450014493E-01    1.2018764476E-06
    9.6500014493E-01    1.1493728124E-06
    9.6550014493E-01    1.0984729293E-06
    9.6600014493E-01    1.0491487346E-06
    9.6650014493E-01    1.0013723233E-06
    9.6700014493E-01    9.5511594872E-07
    9.6750014493E-01    9.1035202113E-07
    9.6800014493E-01    8.6705310742E-07
    9.6850014493E-01    8.2519193010E-07
    9.6900014493E-01    7.8474136658E-07
    9.6950014493E-01    7.4567444841E-07
    9.7000014493E-01    7.0796436048E-07
    9.7050014493E-01    6.7158444026E-07
    9.7100014493E-01    6.3650817706E-07
    9.7150014493E-01    6.0270921126E-07
    9.7200014493E-01    5.7016133354E-07
    9.7250014493E-01    5.3883848416E-07
    9.7300014493E-01    5.0871475218E-07
    9.7350014493E-01    4.7976437476E-07
    9.7400014493E-01    4.5196173638E-07
    9.7450014493E-01    4.2528136812E-07
    9.7500014493E-01    3.9969794693E-07
    9.7550014493E-01    3.7518629490E-07
    9.7600014493E-01    3.5172137855E-07
    9.7650014493E-01    3.2927830807E-07
    9.7700014493E-01    3.0783233666E-07
    9.7750014493E-01    2.8735885976E-07
    9.7800014493E-01    2.6783341438E-07
    9.7850014493E-01    2.4923167837E-07
    9.7900014493E-01    2.3152946973E-07
    9.7950014493E-01    2.1470274589E-07
    9.8000014493E-01    1.9872760307E-07
    9.8050014493E-01    1.8358027551E-07
    9.8100014493E-01    1.6923713483E-07
    9.8150014493E-01    1.5567468934E-07
    9.8200014493E-01    1.4286958335E-07
    9.8250014493E-01    1.3079859648E-07
    9.8300014493E-01    1.1943864302E-07
    9.8350014493E-01    1.0876677121E-07
    9.8400014493E-01    9.8760162613E-08
    9.8450014493E-01    8.9396131435E-08
    9.8500014493E-01    8.0652123853E-08
    9.8550014493E-01    7.2505717369E-08
    9.8600014493E-01    6.4934620150E-08
    9.8650014493E-01    5.7916670376E-08
    9.8700014493E-01    5.1429835595E-08
    9.8750014493E-01    4.5452212070E-08
    9.8800014493E-01    3.9962024146E-08
    9.8850014493E-01    3.4937623601E-08
    9.8900014493E-01    3.0357489019E-08
    9.8950014493E-01    2.6200225150E-08
    9.9000014493E-01    2.2444562287E-08
    9.9050014493E-01    1.9069355633E-08
    9.9100014493E-01    1.6053584684E-08
    9.9150014493E-01    1.3376352603E-08
    9.9200014493E-01    1.1016885608E-08
    9.9250014493E-01    8.9545323531E-09
    9.9300014493E-01    7.1687633224E-09
    9.9350014493E-01    5.6391702185E-09
    9.9400014493E-01    4.3454653592E-09
    9.9450014493E-01    3.2674810752E-09
    9.9500014493E-01    2.3851691116E-09
    9.9550014493E-01    1.6786000315E-09
    9.9600014493E-01    1.1279626236E-09
    9.9650014493E-01    7.1356331222E-10
    9.9700014493E-01    4.1582557003E-10
    9.9750014493E-01    2.1528933426E-10
    9.9800014493E-01    9.2610425443E-11
    9.9850014493E-01    2.8559969260E-11
    9.9900014493E-01    4.0238211251E-12
    9.9950014493E-01    1.9937381998E-15
