    3.6297627478E-07    1.0000000000E+00
    5.0036297627E-04    9.9999984165E-01
    1.0003629763E-03    9.9999936704E-01
    1.5003629763E-03    9.9999857618E-01
    2.0003629763E-03    9.9999746907E-01
    2.5003629763E-03    9.9999604571E-01
    3.0003629763E-03    9.9999430610E-01
    3.5003629763E-03    9.9999225023E-01
    4.0003629763E-03    9.9998987811E-01
    4.5003629763E-03    9.9998718973E-01
    5.0003629763E-03    9.9998418509E-01
    5.5003629763E-03    9.9998086420E-01
    6.0003629763E-03    9.9997722705E-01
    6.5003629763E-03    9.9997327364E-01
    7.0003629763E-03    9.9996900397E-01
    7.5003629763E-03    9.9996441804E-01
    8.0003629763E-03    9.9995951584E-01
    8.5003629763E-03    9.9995429737E-01
    9.0003629763E-03    9.9994876264E-01
    9.5003629763E-03    9.9994291163E-01
    1.0000362976E-02    9.9993674436E-01
    1.0500362976E-02    9.9993026080E-01
    1.1000362976E-02    9.9992346097E-01
    1.1500362976E-02    9.9991634486E-01
    1.2000362976E-02    9.9990891247E-01
    1.2500362976E-02    9.9990116379E-01
    1.3000362976E-02    9.9989309882E-01
    1.3500362976E-02    9.9988471756E-01
    1.4000362976E-02    9.9987602000E-01
    1.4500362976E-02    9.9986700615E-01
    1.5000362976E-02    9.9985767599E-01
    1.5500362976E-02    9.9984802953E-01
    1.6000362976E-02    9.9983806676E-01
    1.6500362976E-02    9.9982778768E-01
    1.7000362976E-02    9.9981719228E-01
    1.7500362976E-02    9.9980628056E-01
    1.8000362976E-02    9.9979505251E-01
    1.8500362976E-02    9.9978350814E-01
    1.9000362976E-02    9.9977164743E-01
    1.9500362976E-02    9.9975947039E-01
    2.0000362976E-02    9.9974697700E-01
    2.0500362976E-02    9.9973416726E-01
    2.1000362976E-02    9.9972104117E-01
    2.1500362976E-02    9.9970759873E-01
    2.2000362976E-02    9.9969383992E-01
    2.2500362976E-02    9.9967976475E-01
    2.3000362976E-02    9.9966537320E-01
    2.3500362976E-02    9.9965066527E-01
    2.4000362976E-02    9.9963564096E-01
    2.4500362976E-02    9.9962030026E-01
    2.5000362976E-02    9.9960464317E-01
    2.5500362976E-02    9.9958866967E-01
    2.6000362976E-02    9.9957237977E-01
    2.6500362976E-02    9.9955577345E-01
    2.7000362976E-02    9.9953885071E-01
    2.7500362976E-02    9.9952161155E-01
    2.8000362976E-02    9.9950405595E-01
    2.8500362976E-02    9.9948618391E-01
    2.9000362976E-02    9.9946799543E-01
    2.9500362976E-02    9.9944949049E-01
    3.0000362976E-02    9.9943066910E-01
    3.0500362976E-02    9.9941153123E-01
    3.1000362976E-02    9.9939207689E-01
    3.1500362976E-02    9.9937230607E-01
    3.2000362976E-02    9.9935221876E-01
    3.2500362976E-02    9.9933181495E-01
    3.3000362976E-02    9.9931109463E-01
    3.3500362976E-02    9.9929005781E-01
    3.4000362976E-02    9.9926870446E-01
    3.4500362976E-02    9.9924703458E-01
    3.5000362976E-02    9.9922504816E-01
    3.5500362976E-02    9.9920274520E-01
    3.6000362976E-02    9.9918012569E-01
    3.6500362976E-02    9.9915718961E-01
    3.7000362976E-02    9.9913393696E-01
    3.7500362976E-02    9.9911036773E-01
    3.8000362976E-02    9.9908648191E-01
    3.8500362976E-02    9.9906227949E-01
    3.9000362976E-02    9.9903776047E-01
    3.9500362976E-02    9.9901292482E-01
    4.0000362976E-02    9.9898777255E-01
    4.0500362976E-02    9.9896230365E-01
    4.1000362976E-02    9.9893651809E-01
    4.1500362976E-02    9.9891041589E-01
    4.2000362976E-02    9.9888399701E-01
    4.2500362976E-02    9.9885726146E-01
    4.3000362976E-02    9.9883020923E-01
    4.3500362976E-02    9.9880284030E-01
    4.4000362976E-02    9.9877515466E-01
    4.4500362976E-02    9.9874715230E-01
    4.5000362976E-02    9.9871883322E-01
    4.5500362976E-02    9.9869019740E-01
    4.6000362976E-02    9.9866124483E-01
    4.6500362976E-02    9.9863197550E-01
    4.7000362976E-02    9.9860238939E-01
    4.7500362976E-02    9.9857248651E-01
    4.8000362976E-02    9.9854226682E-01
    4.8500362976E-02    9.9851173034E-01
    4.9000362976E-02    9.9848087703E-01
    4.9500362976E-02    9.9844970690E-01
    5.0000362976E-02    9.9841821992E-01
    5.0500362976E-02    9.9838641609E-01
    5.1000362976E-02    9.9835429540E-01
    5.1500362976E-02    9.9832185782E-01
    5.2000362976E-02    9.9828910336E-01
    5.2500362976E-02    9.9825603199E-01
    5.3000362976E-02    9.9822264371E-01
    5.3500362976E-02    9.9818893850E-01
    5.4000362976E-02    9.9815491635E-01
    5.4500362976E-02    9.9812057725E-01
    5.5000362976E-02    9.9808592118E-01
    5.5500362976E-02    9.9805094812E-01
    5.6000362976E-02    9.9801565808E-01
    5.6500362976E-02    9.9798005103E-01
    5.7000362976E-02    9.9794412695E-01
    5.7500362976E-02    9.9790788584E-01
    5.8000362976E-02    9.9787132769E-01
    5.8500362976E-02    9.9783445247E-01
    5.9000362976E-02    9.9779726017E-01
    5.9500362976E-02    9.9775975078E-01
    6.0000362976E-02    9.9772192429E-01
    6.0500362976E-02    9.9768378068E-01
    6.1000362976E-02    9.9764531993E-01
    6.1500362976E-02    9.9760654204E-01
    6.2000362976E-02    9.9756744698E-01
    6.2500362976E-02    9.9752803474E-01
    6.3000362976E-02    9.9748830531E-01
    6.3500362976E-02    9.9744825867E-01
    6.4000362976E-02    9.9740789481E-01
    6.4500362976E-02    9.9736721370E-01
    6.5000362976E-02    9.9732621534E-01
    6.5500362976E-02    9.9728489971E-01
    6.6000362976E-02    9.9724326679E-01
    6.6500362976E-02    9.9720131657E-01
    6.7000362976E-02    9.9715904903E-01
    6.7500362976E-02    9.9711646415E-01
    6.8000362976E-02    9.9707356192E-01
    6.8500362976E-02    9.9703034232E-01
    6.9000362976E-02    9.9698680534E-01
    6.9500362976E-02    9.9694295096E-01
    7.0000362976E-02    9.9689877916E-01
    7.0500362976E-02    9.9685428992E-01
    7.1000362976E-02    9.9680948323E-01
    7.1500362976E-02    9.9676435907E-01
    7.2000362976E-02    9.9671891743E-01
    7.2500362976E-02    9.9667315828E-01
    7.3000362976E-02    9.9662708160E-01
    7.3500362976E-02    9.9658068739E-01
    7.4000362976E-02    9.9653397562E-01
    7.4500362976E-02    9.9648694628E-01
    7.5000362976E-02    9.9643959934E-01
    7.5500362976E-02    9.9639193479E-01
    7.6000362976E-02    9.9634395261E-01
    7.6500362976E-02    9.9629565278E-01
    7.7000362976E-02    9.9624703528E-01
    7.7500362976E-02    9.9619810010E-01
    7.8000362976E-02    9.9614884721E-01
    7.8500362976E-02    9.9609927660E-01
    7.9000362976E-02    9.9604938825E-01
    7.9500362976E-02    9.9599918213E-01
    8.0000362976E-02    9.9594865823E-01
    8.0500362976E-02    9.9589781653E-01
    8.1000362976E-02    9.9584665701E-01
    8.1500362976E-02    9.9579517965E-01
    8.2000362976E-02    9.9574338443E-01
    8.2500362976E-02    9.9569127133E-01
    8.3000362976E-02    9.9563884033E-01
    8.3500362976E-02    9.9558609141E-01
    8.4000362976E-02    9.9553302455E-01
    8.4500362976E-02    9.9547963973E-01
    8.5000362976E-02    9.9542593692E-01
    8.5500362976E-02    9.9537191612E-01
    8.6000362976E-02    9.9531757729E-01
    8.6500362976E-02    9.9526292041E-01
    8.7000362976E-02    9.9520794547E-01
    8.7500362976E-02    9.9515265244E-01
    8.8000362976E-02    9.9509704130E-01
    8.8500362976E-02    9.9504111204E-01
    8.9000362976E-02    9.9498486462E-01
    8.9500362976E-02    9.9492829903E-01
    9.0000362976E-02    9.9487141524E-01
    9.0500362976E-02    9.9481421324E-01
    9.1000362976E-02    9.9475669300E-01
    9.1500362976E-02    9.9469885449E-01
    9.2000362976E-02    9.9464069770E-01
    9.2500362976E-02    9.9458222261E-01
    9.3000362976E-02    9.9452342919E-01
    9.3500362976E-02    9.9446431741E-01
    9.4000362976E-02    9.9440488726E-01
    9.4500362976E-02    9.9434513871E-01
    9.5000362976E-02    9.9428507174E-01
    9.5500362976E-02    9.9422468633E-01
    9.6000362976E-02    9.9416398244E-01
    9.6500362976E-02    9.9410296007E-01
    9.7000362976E-02    9.9404161918E-01
    9.7500362976E-02    9.9397995976E-01
    9.8000362976E-02    9.9391798176E-01
    9.8500362976E-02    9.9385568519E-01
    9.9000362976E-02    9.9379307000E-01
    9.9500362976E-02    9.9373013618E-01
    1.0000036298E-01    9.9366688369E-01
    1.0050036298E-01    9.9360331252E-01
    1.0100036298E-01    9.9353942264E-01
    1.0150036298E-01    9.9347521403E-01
    1.0200036298E-01    9.9341068666E-01
    1.0250036298E-01    9.9334584051E-01
    1.0300036298E-01    9.9328067554E-01
    1.0350036298E-01    9.9321519174E-01
    1.0400036298E-01    9.9314938908E-01
    1.0450036298E-01    9.9308326753E-01
    1.0500036298E-01    9.9301682707E-01
    1.0550036298E-01    9.9295006768E-01
    1.0600036298E-01    9.9288298932E-01
    1.0650036298E-01    9.9281559197E-01
    1.0700036298E-01    9.9274787560E-01
    1.0750036298E-01    9.9267984019E-01
    1.0800036298E-01    9.9261148571E-01
    1.0850036298E-01    9.9254281214E-01
    1.0900036298E-01    9.9247381944E-01
    1.0950036298E-01    9.9240450760E-01
    1.1000036298E-01    9.9233487657E-01
    1.1050036298E-01    9.9226492635E-01
    1.1100036298E-01    9.9219465689E-01
    1.1150036298E-01    9.9212406817E-01
    1.1200036298E-01    9.9205316016E-01
    1.1250036298E-01    9.9198193284E-01
    1.1300036298E-01    9.9191038618E-01
    1.1350036298E-01    9.9183852015E-01
    1.1400036298E-01    9.9176633472E-01
    1.1450036298E-01    9.9169382987E-01
    1.1500036298E-01    9.9162100555E-01
    1.1550036298E-01    9.9154786176E-01
    1.1600036298E-01    9.9147439845E-01
    1.1650036298E-01    9.9140061560E-01
    1.1700036298E-01    9.9132651318E-01
    1.1750036298E-01    9.9125209117E-01
    1.1800036298E-01    9.9117734952E-01
    1.1850036298E-01    9.9110228822E-01
    1.1900036298E-01    9.9102690723E-01
    1.1950036298E-01    9.9095120652E-01
    1.2000036298E-01    9.9087518606E-01
    1.2050036298E-01    9.9079884583E-01
    1.2100036298E-01    9.9072218580E-01
    1.2150036298E-01    9.9064520592E-01
    1.2200036298E-01    9.9056790618E-01
    1.2250036298E-01    9.9049028654E-01
    1.2300036298E-01    9.9041234698E-01
    1.2350036298E-01    9.9033408745E-01
    1.2400036298E-01    9.9025550794E-01
    1.2450036298E-01    9.9017660840E-01
    1.2500036298E-01    9.9009738881E-01
    1.2550036298E-01    9.9001784914E-01
    1.2600036298E-01    9.8993798936E-01
    1.2650036298E-01    9.8985780943E-01
    1.2700036298E-01    9.8977730932E-01
    1.2750036298E-01    9.8969648901E-01
    1.2800036298E-01    9.8961534845E-01
    1.2850036298E-01    9.8953388762E-01
    1.2900036298E-01    9.8945210649E-01
    1.2950036298E-01    9.8937000501E-01
    1.3000036298E-01    9.8928758317E-01
    1.3050036298E-01    9.8920484092E-01
    1.3100036298E-01    9.8912177824E-01
    1.3150036298E-01    9.8903839509E-01
    1.3200036298E-01    9.8895469144E-01
    1.3250036298E-01    9.8887066725E-01
    1.3300036298E-01    9.8878632250E-01
    1.3350036298E-01    9.8870165714E-01
    1.3400036298E-01    9.8861667115E-01
    1.3450036298E-01    9.8853136449E-01
    1.3500036298E-01    9.8844573713E-01
    1.3550036298E-01    9.8835978903E-01
    1.3600036298E-01    9.8827352017E-01
    1.3650036298E-01    9.8818693049E-01
    1.3700036298E-01    9.8810001998E-01
    1.3750036298E-01    9.8801278859E-01
    1.3800036298E-01    9.8792523630E-01
    1.3850036298E-01    9.8783736306E-01
    1.3900036298E-01    9.8774916884E-01
    1.3950036298E-01    9.8766065361E-01
    1.4000036298E-01    9.8757181733E-01
    1.4050036298E-01    9.8748265997E-01
    1.4100036298E-01    9.8739318149E-01
    1.4150036298E-01    9.8730338185E-01
    1.4200036298E-01    9.8721326102E-01
    1.4250036298E-01    9.8712281897E-01
    1.4300036298E-01    9.8703205565E-01
    1.4350036298E-01    9.8694097103E-01
    1.4400036298E-01    9.8684956507E-01
    1.4450036298E-01    9.8675783775E-01
    1.4500036298E-01    9.8666578901E-01
    1.4550036298E-01    9.8657341883E-01
    1.4600036298E-01    9.8648072717E-01
    1.4650036298E-01    9.8638771399E-01
    1.4700036298E-01    9.8629437925E-01
    1.4750036298E-01    9.8620072291E-01
    1.4800036298E-01    9.8610674495E-01
    1.4850036298E-01    9.8601244531E-01
    1.4900036298E-01    9.8591782397E-01
    1.4950036298E-01    9.8582288088E-01
    1.5000036298E-01    9.8572761601E-01
    1.5050036298E-01    9.8563202932E-01
    1.5100036298E-01    9.8553612077E-01
    1.5150036298E-01    9.8543989032E-01
    1.5200036298E-01    9.8534333793E-01
    1.5250036298E-01    9.8524646357E-01
    1.5300036298E-01    9.8514926719E-01
    1.5350036298E-01    9.8505174876E-01
    1.5400036298E-01    9.8495390823E-01
    1.5450036298E-01    9.8485574558E-01
    1.5500036298E-01    9.8475726075E-01
    1.5550036298E-01    9.8465845371E-01
    1.5600036298E-01    9.8455932441E-01
    1.5650036298E-01    9.8445987283E-01
    1.5700036298E-01    9.8436009891E-01
    1.5750036298E-01    9.8426000263E-01
    1.5800036298E-01    9.8415958393E-01
    1.5850036298E-01    9.8405884278E-01
    1.5900036298E-01    9.8395777913E-01
    1.5950036298E-01    9.8385639295E-01
    1.6000036298E-01    9.8375468420E-01
    1.6050036298E-01    9.8365265283E-01
    1.6100036298E-01    9.8355029880E-01
    1.6150036298E-01    9.8344762207E-01
    1.6200036298E-01    9.8334462261E-01
    1.6250036298E-01    9.8324130036E-01
    1.6300036298E-01    9.8313765528E-01
    1.6350036298E-01    9.8303368734E-01
    1.6400036298E-01    9.8292939649E-01
    1.6450036298E-01    9.8282478269E-01
    1.6500036298E-01    9.8271984590E-01
    1.6550036298E-01    9.8261458607E-01
    1.6600036298E-01    9.8250900317E-01
    1.6650036298E-01    9.8240309714E-01
    1.6700036298E-01    9.8229686795E-01
    1.6750036298E-01    9.8219031555E-01
    1.6800036298E-01    9.8208343989E-01
    1.6850036298E-01    9.8197624095E-01
    1.6900036298E-01    9.8186871867E-01
    1.6950036298E-01    9.8176087300E-01
    1.7000036298E-01    9.8165270391E-01
    1.7050036298E-01    9.8154421135E-01
    1.7100036298E-01    9.8143539527E-01
    1.7150036298E-01    9.8132625564E-01
    1.7200036298E-01    9.8121679240E-01
    1.7250036298E-01    9.8110700552E-01
    1.7300036298E-01    9.8099689494E-01
    1.7350036298E-01    9.8088646062E-01
    1.7400036298E-01    9.8077570252E-01
    1.7450036298E-01    9.8066462060E-01
    1.7500036298E-01    9.8055321480E-01
    1.7550036298E-01    9.8044148508E-01
    1.7600036298E-01    9.8032943139E-01
    1.7650036298E-01    9.8021705369E-01
    1.7700036298E-01    9.8010435194E-01
    1.7750036298E-01    9.7999132608E-01
    1.7800036298E-01    9.7987797608E-01
    1.7850036298E-01    9.7976430187E-01
    1.7900036298E-01    9.7965030343E-01
    1.7950036298E-01    9.7953598069E-01
    1.8000036298E-01    9.7942133362E-01
    1.8050036298E-01    9.7930636216E-01
    1.8100036298E-01    9.7919106628E-01
    1.8150036298E-01    9.7907544591E-01
    1.8200036298E-01    9.7895950102E-01
    1.8250036298E-01    9.7884323155E-01
    1.8300036298E-01    9.7872663746E-01
    1.8350036298E-01    9.7860971870E-01
    1.8400036298E-01    9.7849247522E-01
    1.8450036298E-01    9.7837490697E-01
    1.8500036298E-01    9.7825701391E-01
    1.8550036298E-01    9.7813879599E-01
    1.8600036298E-01    9.7802025315E-01
    1.8650036298E-01    9.7790138535E-01
    1.8700036298E-01    9.7778219254E-01
    1.8750036298E-01    9.7766267467E-01
    1.8800036298E-01    9.7754283169E-01
    1.8850036298E-01    9.7742266354E-01
    1.8900036298E-01    9.7730217019E-01
    1.8950036298E-01    9.7718135158E-01
    1.9000036298E-01    9.7706020766E-01
    1.9050036298E-01    9.7693873838E-01
    1.9100036298E-01    9.7681694369E-01
    1.9150036298E-01    9.7669482353E-01
    1.9200036298E-01    9.7657237787E-01
    1.9250036298E-01    9.7644960664E-01
    1.9300036298E-01    9.7632650980E-01
    1.9350036298E-01    9.7620308729E-01
    1.9400036298E-01    9.7607933907E-01
    1.9450036298E-01    9.7595526508E-01
    1.9500036298E-01    9.7583086527E-01
    1.9550036298E-01    9.7570613958E-01
    1.9600036298E-01    9.7558108797E-01
    1.9650036298E-01    9.7545571039E-01
    1.9700036298E-01    9.7533000678E-01
    1.9750036298E-01    9.7520397708E-01
    1.9800036298E-01    9.7507762126E-01
    1.9850036298E-01    9.7495093924E-01
    1.9900036298E-01    9.7482393099E-01
    1.9950036298E-01    9.7469659644E-01
    2.0000036298E-01    9.7456893555E-01
    2.0050036298E-01    9.7444094825E-01
    2.0100036298E-01    9.7431263451E-01
    2.0150036298E-01    9.7418399425E-01
    2.0200036298E-01    9.7405502744E-01
    2.0250036298E-01    9.7392573400E-01
    2.0300036298E-01    9.7379611390E-01
    2.0350036298E-01    9.7366616708E-01
    2.0400036298E-01    9.7353589347E-01
    2.0450036298E-01    9.7340529303E-01
    2.0500036298E-01    9.7327436570E-01
    2.0550036298E-01    9.7314311143E-01
    2.0600036298E-01    9.7301153015E-01
    2.0650036298E-01    9.7287962183E-01
    2.0700036298E-01    9.7274738639E-01
    2.0750036298E-01    9.7261482378E-01
    2.0800036298E-01    9.7248193395E-01
    2.0850036298E-01    9.7234871684E-01
    2.0900036298E-01    9.7221517240E-01
    2.0950036298E-01    9.7208130057E-01
    2.1000036298E-01    9.7194710128E-01
    2.1050036298E-01    9.7181257449E-01
    2.1100036298E-01    9.7167772014E-01
    2.1150036298E-01    9.7154253817E-01
    2.1200036298E-01    9.7140702852E-01
    2.1250036298E-01    9.7127119114E-01
    2.1300036298E-01    9.7113502596E-01
    2.1350036298E-01    9.7099853293E-01
    2.1400036298E-01    9.7086171200E-01
    2.1450036298E-01    9.7072456310E-01
    2.1500036298E-01    9.7058708617E-01
    2.1550036298E-01    9.7044928116E-01
    2.1600036298E-01    9.7031114801E-01
    2.1650036298E-01    9.7017268666E-01
    2.1700036298E-01    9.7003389705E-01
    2.1750036298E-01    9.6989477911E-01
    2.1800036298E-01    9.6975533280E-01
    2.1850036298E-01    9.6961555805E-01
    2.1900036298E-01    9.6947545480E-01
    2.1950036298E-01    9.6933502299E-01
    2.2000036298E-01    9.6919426257E-01
    2.2050036298E-01    9.6905317346E-01
    2.2100036298E-01    9.6891175562E-01
    2.2150036298E-01    9.6877000897E-01
    2.2200036298E-01    9.6862793347E-01
    2.2250036298E-01    9.6848552904E-01
    2.2300036298E-01    9.6834279563E-01
    2.2350036298E-01    9.6819973318E-01
    2.2400036298E-01    9.6805634162E-01
    2.2450036298E-01    9.6791262089E-01
    2.2500036298E-01    9.6776857093E-01
    2.2550036298E-01    9.6762419168E-01
    2.2600036298E-01    9.6747948308E-01
    2.2650036298E-01    9.6733444506E-01
    2.2700036298E-01    9.6718907756E-01
    2.2750036298E-01    9.6704338052E-01
    2.2800036298E-01    9.6689735388E-01
    2.2850036298E-01    9.6675099757E-01
    2.2900036298E-01    9.6660431152E-01
    2.2950036298E-01    9.6645729568E-01
    2.3000036298E-01    9.6630994999E-01
    2.3050036298E-01    9.6616227437E-01
    2.3100036298E-01    9.6601426876E-01
    2.3150036298E-01    9.6586593311E-01
    2.3200036298E-01    9.6571726734E-01
    2.3250036298E-01    9.6556827139E-01
    2.3300036298E-01    9.6541894519E-01
    2.3350036298E-01    9.6526928869E-01
    2.3400036298E-01    9.6511930181E-01
    2.3450036298E-01    9.6496898449E-01
    2.3500036298E-01    9.6481833667E-01
    2.3550036298E-01    9.6466735828E-01
    2.3600036298E-01    9.6451604925E-01
    2.3650036298E-01    9.6436440951E-01
    2.3700036298E-01    9.6421243901E-01
    2.3750036298E-01    9.6406013767E-01
    2.3800036298E-01    9.6390750543E-01
    2.3850036298E-01    9.6375454222E-01
    2.3900036298E-01    9.6360124798E-01
    2.3950036298E-01    9.6344762263E-01
    2.4000036298E-01    9.6329366611E-01
    2.4050036298E-01    9.6313937835E-01
    2.4100036298E-01    9.6298475929E-01
    2.4150036298E-01    9.6282980885E-01
    2.4200036298E-01    9.6267452698E-01
    2.4250036298E-01    9.6251891359E-01
    2.4300036298E-01    9.6236296862E-01
    2.4350036298E-01    9.6220669201E-01
    2.4400036298E-01    9.6205008368E-01
    2.4450036298E-01    9.6189314356E-01
    2.4500036298E-01    9.6173587159E-01
    2.4550036298E-01    9.6157826770E-01
    2.4600036298E-01    9.6142033181E-01
    2.4650036298E-01    9.6126206386E-01
    2.4700036298E-01    9.6110346377E-01
    2.4750036298E-01    9.6094453149E-01
    2.4800036298E-01    9.6078526693E-01
    2.4850036298E-01    9.6062567002E-01
    2.4900036298E-01    9.6046574070E-01
    2.4950036298E-01    9.6030547889E-01
    2.5000036298E-01    9.6014488452E-01
    2.5050036298E-01    9.5998395753E-01
    2.5100036298E-01    9.5982269784E-01
    2.5150036298E-01    9.5966110537E-01
    2.5200036298E-01    9.5949918006E-01
    2.5250036298E-01    9.5933692183E-01
    2.5300036298E-01    9.5917433061E-01
    2.5350036298E-01    9.5901140634E-01
    2.5400036298E-01    9.5884814893E-01
    2.5450036298E-01    9.5868455831E-01
    2.5500036298E-01    9.5852063441E-01
    2.5550036298E-01    9.5835637716E-01
    2.5600036298E-01    9.5819178648E-01
    2.5650036298E-01    9.5802686231E-01
    2.5700036298E-01    9.5786160455E-01
    2.5750036298E-01    9.5769601315E-01
    2.5800036298E-01    9.5753008803E-01
    2.5850036298E-01    9.5736382911E-01
    2.5900036298E-01    9.5719723631E-01
    2.5950036298E-01    9.5703030957E-01
    2.6000036298E-01    9.5686304881E-01
    2.6050036298E-01    9.5669545395E-01
    2.6100036298E-01    9.5652752492E-01
    2.6150036298E-01    9.5635926164E-01
    2.6200036298E-01    9.5619066403E-01
    2.6250036298E-01    9.5602173202E-01
    2.6300036298E-01    9.5585246554E-01
    2.6350036298E-01    9.5568286450E-01
    2.6400036298E-01    9.5551292883E-01
    2.6450036298E-01    9.5534265846E-01
    2.6500036298E-01    9.5517205330E-01
    2.6550036298E-01    9.5500111327E-01
    2.6600036298E-01    9.5482983831E-01
    2.6650036298E-01    9.5465822834E-01
    2.6700036298E-01    9.5448628326E-01
    2.6750036298E-01    9.5431400301E-01
    2.6800036298E-01    9.5414138752E-01
    2.6850036298E-01    9.5396843669E-01
    2.6900036298E-01    9.5379515045E-01
    2.6950036298E-01    9.5362152872E-01
    2.7000036298E-01    9.5344757143E-01
    2.7050036298E-01    9.5327327849E-01
    2.7100036298E-01    9.5309864982E-01
    2.7150036298E-01    9.5292368535E-01
    2.7200036298E-01    9.5274838499E-01
    2.7250036298E-01    9.5257274866E-01
    2.7300036298E-01    9.5239677629E-01
    2.7350036298E-01    9.5222046779E-01
    2.7400036298E-01    9.5204382308E-01
    2.7450036298E-01    9.5186684208E-01
    2.7500036298E-01    9.5168952471E-01
    2.7550036298E-01    9.5151187088E-01
    2.7600036298E-01    9.5133388052E-01
    2.7650036298E-01    9.5115555355E-01
    2.7700036298E-01    9.5097688987E-01
    2.7750036298E-01    9.5079788942E-01
    2.7800036298E-01    9.5061855210E-01
    2.7850036298E-01    9.5043887783E-01
    2.7900036298E-01    9.5025886654E-01
    2.7950036298E-01    9.5007851813E-01
    2.8000036298E-01    9.4989783253E-01
    2.8050036298E-01    9.4971680964E-01
    2.8100036298E-01    9.4953544939E-01
    2.8150036298E-01    9.4935375170E-01
    2.8200036298E-01    9.4917171647E-01
    2.8250036298E-01    9.4898934362E-01
    2.8300036298E-01    9.4880663307E-01
    2.8350036298E-01    9.4862358474E-01
    2.8400036298E-01    9.4844019853E-01
    2.8450036298E-01    9.4825647436E-01
    2.8500036298E-01    9.4807241215E-01
    2.8550036298E-01    9.4788801182E-01
    2.8600036298E-01    9.4770327326E-01
    2.8650036298E-01    9.4751819641E-01
    2.8700036298E-01    9.4733278116E-01
    2.8750036298E-01    9.4714702744E-01
    2.8800036298E-01    9.4696093516E-01
    2.8850036298E-01    9.4677450423E-01
    2.8900036298E-01    9.4658773456E-01
    2.8950036298E-01    9.4640062607E-01
    2.9000036298E-01    9.4621317866E-01
    2.9050036298E-01    9.4602539226E-01
    2.9100036298E-01    9.4583726676E-01
    2.9150036298E-01    9.4564880209E-01
    2.9200036298E-01    9.4545999814E-01
    2.9250036298E-01    9.4527085485E-01
    2.9300036298E-01    9.4508137211E-01
    2.9350036298E-01    9.4489154983E-01
    2.9400036298E-01    9.4470138793E-01
    2.9450036298E-01    9.4451088631E-01
    2.9500036298E-01    9.4432004489E-01
    2.9550036298E-01    9.4412886358E-01
    2.9600036298E-01    9.4393734228E-01
    2.9650036298E-01    9.4374548090E-01
    2.9700036298E-01    9.4355327936E-01
    2.9750036298E-01    9.4336073755E-01
    2.9800036298E-01    9.4316785540E-01
    2.9850036298E-01    9.4297463280E-01
    2.9900036298E-01    9.4278106966E-01
    2.9950036298E-01    9.4258716590E-01
    3.0000036298E-01    9.4239292142E-01
    3.0050036298E-01    9.4219833613E-01
    3.0100036298E-01    9.4200340993E-01
    3.0150036298E-01    9.4180814273E-01
    3.0200036298E-01    9.4161253444E-01
    3.0250036298E-01    9.4141658496E-01
    3.0300036298E-01    9.4122029421E-01
    3.0350036298E-01    9.4102366207E-01
    3.0400036298E-01    9.4082668847E-01
    3.0450036298E-01    9.4062937331E-01
    3.0500036298E-01    9.4043171649E-01
    3.0550036298E-01    9.4023371791E-01
    3.0600036298E-01    9.4003537748E-01
    3.0650036298E-01    9.3983669511E-01
    3.0700036298E-01    9.3963767070E-01
    3.0750036298E-01    9.3943830415E-01
    3.0800036298E-01    9.3923859536E-01
    3.0850036298E-01    9.3903854425E-01
    3.0900036298E-01    9.3883815071E-01
    3.0950036298E-01    9.3863741464E-01
    3.1000036298E-01    9.3843633595E-01
    3.1050036298E-01    9.3823491455E-01
    3.1100036298E-01    9.3803315032E-01
    3.1150036298E-01    9.3783104318E-01
    3.1200036298E-01    9.3762859303E-01
    3.1250036298E-01    9.3742579976E-01
    3.1300036298E-01    9.3722266328E-01
    3.1350036298E-01    9.3701918349E-01
    3.1400036298E-01    9.3681536029E-01
    3.1450036298E-01    9.3661119358E-01
    3.1500036298E-01    9.3640668326E-01
    3.1550036298E-01    9.3620182924E-01
    3.1600036298E-01    9.3599663140E-01
    3.1650036298E-01    9.3579108965E-01
    3.1700036298E-01    9.3558520388E-01
    3.1750036298E-01    9.3537897401E-01
    3.1800036298E-01    9.3517239992E-01
    3.1850036298E-01    9.3496548151E-01
    3.1900036298E-01    9.3475821869E-01
    3.1950036298E-01    9.3455061134E-01
    3.2000036298E-01    9.3434265938E-01
    3.2050036298E-01    9.3413436268E-01
    3.2100036298E-01    9.3392572116E-01
    3.2150036298E-01    9.3371673471E-01
    3.2200036298E-01    9.3350740322E-01
    3.2250036298E-01    9.3329772659E-01
    3.2300036298E-01    9.3308770472E-01
    3.2350036298E-01    9.3287733750E-01
    3.2400036298E-01    9.3266662482E-01
    3.2450036298E-01    9.3245556660E-01
    3.2500036298E-01    9.3224416271E-01
    3.2550036298E-01    9.3203241305E-01
    3.2600036298E-01    9.3182031752E-01
    3.2650036298E-01    9.3160787601E-01
    3.2700036298E-01    9.3139508841E-01
    3.2750036298E-01    9.3118195463E-01
    3.2800036298E-01    9.3096847454E-01
    3.2850036298E-01    9.3075464805E-01
    3.2900036298E-01    9.3054047505E-01
    3.2950036298E-01    9.3032595543E-01
    3.3000036298E-01    9.3011108908E-01
    3.3050036298E-01    9.2989587589E-01
    3.3100036298E-01    9.2968031576E-01
    3.3150036298E-01    9.2946440858E-01
    3.3200036298E-01    9.2924815424E-01
    3.3250036298E-01    9.2903155262E-01
    3.3300036298E-01    9.2881460363E-01
    3.3350036298E-01    9.2859730714E-01
    3.3400036298E-01    9.2837966306E-01
    3.3450036298E-01    9.2816167127E-01
    3.3500036298E-01    9.2794333165E-01
    3.3550036298E-01    9.2772464411E-01
    3.3600036298E-01    9.2750560852E-01
    3.3650036298E-01    9.2728622478E-01
    3.3700036298E-01    9.2706649278E-01
    3.3750036298E-01    9.2684641239E-01
    3.3800036298E-01    9.2662598352E-01
    3.3850036298E-01    9.2640520605E-01
    3.3900036298E-01    9.2618407986E-01
    3.3950036298E-01    9.2596260484E-01
    3.4000036298E-01    9.2574078088E-01
    3.4050036298E-01    9.2551860787E-01
    3.4100036298E-01    9.2529608569E-01
    3.4150036298E-01    9.2507321423E-01
    3.4200036298E-01    9.2484999337E-01
    3.4250036298E-01    9.2462642300E-01
    3.4300036298E-01    9.2440250300E-01
    3.4350036298E-01    9.2417823326E-01
    3.4400036298E-01    9.2395361366E-01
    3.4450036298E-01    9.2372864409E-01
    3.4500036298E-01    9.2350332443E-01
    3.4550036298E-01    9.2327765456E-01
    3.4600036298E-01    9.2305163437E-01
    3.4650036298E-01    9.2282526374E-01
    3.4700036298E-01    9.2259854255E-01
    3.4750036298E-01    9.2237147069E-01
    3.4800036298E-01    9.2214404803E-01
    3.4850036298E-01    9.2191627446E-01
    3.4900036298E-01    9.2168814986E-01
    3.4950036298E-01    9.2145967412E-01
    3.5000036298E-01    9.2123084710E-01
    3.5050036298E-01    9.2100166870E-01
    3.5100036298E-01    9.2077213879E-01
    3.5150036298E-01    9.2054225725E-01
    3.5200036298E-01    9.2031202397E-01
    3.5250036298E-01    9.2008143881E-01
    3.5300036298E-01    9.1985050167E-01
    3.5350036298E-01    9.1961921242E-01
    3.5400036298E-01    9.1938757094E-01
    3.5450036298E-01    9.1915557710E-01
    3.5500036298E-01    9.1892323078E-01
    3.5550036298E-01    9.1869053187E-01
    3.5600036298E-01    9.1845748024E-01
    3.5650036298E-01    9.1822407576E-01
    3.5700036298E-01    9.1799031832E-01
    3.5750036298E-01    9.1775620778E-01
    3.5800036298E-01    9.1752174403E-01
    3.5850036298E-01    9.1728692694E-01
    3.5900036298E-01    9.1705175638E-01
    3.5950036298E-01    9.1681623224E-01
    3.6000036298E-01    9.1658035438E-01
    3.6050036298E-01    9.1634412268E-01
    3.6100036298E-01    9.1610753702E-01
    3.6150036298E-01    9.1587059726E-01
    3.6200036298E-01    9.1563330328E-01
    3.6250036298E-01    9.1539565496E-01
    3.6300036298E-01    9.1515765217E-01
    3.6350036298E-01    9.1491929477E-01
    3.6400036298E-01    9.1468058265E-01
    3.6450036298E-01    9.1444151567E-01
    3.6500036298E-01    9.1420209371E-01
    3.6550036298E-01    9.1396231664E-01
    3.6600036298E-01    9.1372218432E-01
    3.6650036298E-01    9.1348169663E-01
    3.6700036298E-01    9.1324085344E-01
    3.6750036298E-01    9.1299965462E-01
    3.6800036298E-01    9.1275810003E-01
    3.6850036298E-01    9.1251618956E-01
    3.6900036298E-01    9.1227392306E-01
    3.6950036298E-01    9.1203130040E-01
    3.7000036298E-01    9.1178832146E-01
    3.7050036298E-01    9.1154498610E-01
    3.7100036298E-01    9.1130129419E-01
    3.7150036298E-01    9.1105724560E-01
    3.7200036298E-01    9.1081284018E-01
    3.7250036298E-01    9.1056807782E-01
    3.7300036298E-01    9.1032295838E-01
    3.7350036298E-01    9.1007748172E-01
    3.7400036298E-01    9.0983164770E-01
    3.7450036298E-01    9.0958545620E-01
    3.7500036298E-01    9.0933890708E-01
    3.7550036298E-01    9.0909200020E-01
    3.7600036298E-01    9.0884473543E-01
    3.7650036298E-01    9.0859711262E-01
    3.7700036298E-01    9.0834913166E-01
    3.7750036298E-01    9.0810079239E-01
    3.7800036298E-01    9.0785209468E-01
    3.7850036298E-01    9.0760303840E-01
    3.7900036298E-01    9.0735362340E-01
    3.7950036298E-01    9.0710384955E-01
    3.8000036298E-01    9.0685371670E-01
    3.8050036298E-01    9.0660322473E-01
    3.8100036298E-01    9.0635237349E-01
    3.8150036298E-01    9.0610116284E-01
    3.8200036298E-01    9.0584959265E-01
    3.8250036298E-01    9.0559766276E-01
    3.8300036298E-01    9.0534537305E-01
    3.8350036298E-01    9.0509272337E-01
    3.8400036298E-01    9.0483971357E-01
    3.8450036298E-01    9.0458634352E-01
    3.8500036298E-01    9.0433261308E-01
    3.8550036298E-01    9.0407852210E-01
    3.8600036298E-01    9.0382407044E-01
    3.8650036298E-01    9.0356925796E-01
    3.8700036298E-01    9.0331408451E-01
    3.8750036298E-01    9.0305854996E-01
    3.8800036298E-01    9.0280265414E-01
    3.8850036298E-01    9.0254639693E-01
    3.8900036298E-01    9.0228977818E-01
    3.8950036298E-01    9.0203279774E-01
    3.9000036298E-01    9.0177545546E-01
    3.9050036298E-01    9.0151775120E-01
    3.9100036298E-01    9.0125968482E-01
    3.9150036298E-01    9.0100125616E-01
    3.9200036298E-01    9.0074246508E-01
    3.9250036298E-01    9.0048331144E-01
    3.9300036298E-01    9.0022379508E-01
    3.9350036298E-01    8.9996391585E-01
    3.9400036298E-01    8.9970367361E-01
    3.9450036298E-01    8.9944306821E-01
    3.9500036298E-01    8.9918209950E-01
    3.9550036298E-01    8.9892076733E-01
    3.9600036298E-01    8.9865907155E-01
    3.9650036298E-01    8.9839701201E-01
    3.9700036298E-01    8.9813458856E-01
    3.9750036298E-01    8.9787180104E-01
    3.9800036298E-01    8.9760864931E-01
    3.9850036298E-01    8.9734513322E-01
    3.9900036298E-01    8.9708125260E-01
    3.9950036298E-01    8.9681700731E-01
    4.0000036298E-01    8.9655239720E-01
    4.0050036298E-01    8.9628742211E-01
    4.0100036298E-01    8.9602208189E-01
    4.0150036298E-01    8.9575637638E-01
    4.0200036298E-01    8.9549030543E-01
    4.0250036298E-01    8.9522386888E-01
    4.0300036298E-01    8.9495706659E-01
    4.0350036298E-01    8.9468989838E-01
    4.0400036298E-01    8.9442236411E-01
    4.0450036298E-01    8.9415446362E-01
    4.0500036298E-01    8.9388619675E-01
    4.0550036298E-01    8.9361756335E-01
    4.0600036298E-01    8.9334856325E-01
    4.0650036298E-01    8.9307919631E-01
    4.0700036298E-01    8.9280946235E-01
    4.0750036298E-01    8.9253936122E-01
    4.0800036298E-01    8.9226889277E-01
    4.0850036298E-01    8.9199805683E-01
    4.0900036298E-01    8.9172685324E-01
    4.0950036298E-01    8.9145528184E-01
    4.1000036298E-01    8.9118334247E-01
    4.1050036298E-01    8.9091103496E-01
    4.1100036298E-01    8.9063835917E-01
    4.1150036298E-01    8.9036531492E-01
    4.1200036298E-01    8.9009190205E-01
    4.1250036298E-01    8.8981812039E-01
    4.1300036298E-01    8.8954396979E-01
    4.1350036298E-01    8.8926945008E-01
    4.1400036298E-01    8.8899456110E-01
    4.1450036298E-01    8.8871930268E-01
    4.1500036298E-01    8.8844367466E-01
    4.1550036298E-01    8.8816767686E-01
    4.1600036298E-01    8.8789130913E-01
    4.1650036298E-01    8.8761457130E-01
    4.1700036298E-01    8.8733746319E-01
    4.1750036298E-01    8.8705998465E-01
    4.1800036298E-01    8.8678213551E-01
    4.1850036298E-01    8.8650391559E-01
    4.1900036298E-01    8.8622532473E-01
    4.1950036298E-01    8.8594636276E-01
    4.2000036298E-01    8.8566702952E-01
    4.2050036298E-01    8.8538732482E-01
    4.2100036298E-01    8.8510724850E-01
    4.2150036298E-01    8.8482680039E-01
    4.2200036298E-01    8.8454598031E-01
    4.2250036298E-01    8.8426478810E-01
    4.2300036298E-01    8.8398322359E-01
    4.2350036298E-01    8.8370128660E-01
    4.2400036298E-01    8.8341897695E-01
    4.2450036298E-01    8.8313629448E-01
    4.2500036298E-01    8.8285323901E-01
    4.2550036298E-01    8.8256981036E-01
    4.2600036298E-01    8.8228600837E-01
    4.2650036298E-01    8.8200183285E-01
    4.2700036298E-01    8.8171728364E-01
    4.2750036298E-01    8.8143236054E-01
    4.2800036298E-01    8.8114706340E-01
    4.2850036298E-01    8.8086139202E-01
    4.2900036298E-01    8.8057534624E-01
    4.2950036298E-01    8.8028892587E-01
    4.3000036298E-01    8.8000213074E-01
    4.3050036298E-01    8.7971496066E-01
    4.3100036298E-01    8.7942741547E-01
    4.3150036298E-01    8.7913949497E-01
    4.3200036298E-01    8.7885119899E-01
    4.3250036298E-01    8.7856252735E-01
    4.3300036298E-01    8.7827347986E-01
    4.3350036298E-01    8.7798405635E-01
    4.3400036298E-01    8.7769425662E-01
    4.3450036298E-01    8.7740408051E-01
    4.3500036298E-01    8.7711352783E-01
    4.3550036298E-01    8.7682259838E-01
    4.3600036298E-01    8.7653129200E-01
    4.3650036298E-01    8.7623960849E-01
    4.3700036298E-01    8.7594754766E-01
    4.3750036298E-01    8.7565510934E-01
    4.3800036298E-01    8.7536229334E-01
    4.3850036298E-01    8.7506909947E-01
    4.3900036298E-01    8.7477552754E-01
    4.3950036298E-01    8.7448157737E-01
    4.4000036298E-01    8.7418724877E-01
    4.4050036298E-01    8.7389254154E-01
    4.4100036298E-01    8.7359745551E-01
    4.4150036298E-01    8.7330199048E-01
    4.4200036298E-01    8.7300614626E-01
    4.4250036298E-01    8.7270992266E-01
    4.4300036298E-01    8.7241331950E-01
    4.4350036298E-01    8.7211633657E-01
    4.4400036298E-01    8.7181897369E-01
    4.4450036298E-01    8.7152123066E-01
    4.4500036298E-01    8.7122310729E-01
    4.4550036298E-01    8.7092460340E-01
    4.4600036298E-01    8.7062571877E-01
    4.4650036298E-01    8.7032645323E-01
    4.4700036298E-01    8.7002680658E-01
    4.4750036298E-01    8.6972677861E-01
    4.4800036298E-01    8.6942636913E-01
    4.4850036298E-01    8.6912557796E-01
    4.4900036298E-01    8.6882440488E-01
    4.4950036298E-01    8.6852284971E-01
    4.5000036298E-01    8.6822091224E-01
    4.5050036298E-01    8.6791859227E-01
    4.5100036298E-01    8.6761588962E-01
    4.5150036298E-01    8.6731280407E-01
    4.5200036298E-01    8.6700933543E-01
    4.5250036298E-01    8.6670548349E-01
    4.5300036298E-01    8.6640124807E-01
    4.5350036298E-01    8.6609662894E-01
    4.5400036298E-01    8.6579162592E-01
    4.5450036298E-01    8.6548623879E-01
    4.5500036298E-01    8.6518046736E-01
    4.5550036298E-01    8.6487431143E-01
    4.5600036298E-01    8.6456777078E-01
    4.5650036298E-01    8.6426084521E-01
    4.5700036298E-01    8.6395353452E-01
    4.5750036298E-01    8.6364583850E-01
    4.5800036298E-01    8.6333775695E-01
    4.5850036298E-01    8.6302928965E-01
    4.5900036298E-01    8.6272043640E-01
    4.5950036298E-01    8.6241119700E-01
    4.6000036298E-01    8.6210157122E-01
    4.6050036298E-01    8.6179155887E-01
    4.6100036298E-01    8.6148115974E-01
    4.6150036298E-01    8.6117037360E-01
    4.6200036298E-01    8.6085920026E-01
    4.6250036298E-01    8.6054763951E-01
    4.6300036298E-01    8.6023569112E-01
    4.6350036298E-01    8.5992335488E-01
    4.6400036298E-01    8.5961063059E-01
    4.6450036298E-01    8.5929751803E-01
    4.6500036298E-01    8.5898401698E-01
    4.6550036298E-01    8.5867012723E-01
    4.6600036298E-01    8.5835584857E-01
    4.6650036298E-01    8.5804118077E-01
    4.6700036298E-01    8.5772612363E-01
    4.6750036298E-01    8.5741067692E-01
    4.6800036298E-01    8.5709484043E-01
    4.6850036298E-01    8.5677861393E-01
    4.6900036298E-01    8.5646199721E-01
    4.6950036298E-01    8.5614499006E-01
    4.7000036298E-01    8.5582759224E-01
    4.7050036298E-01    8.5550980354E-01
    4.7100036298E-01    8.5519162374E-01
    4.7150036298E-01    8.5487305262E-01
    4.7200036298E-01    8.5455408994E-01
    4.7250036298E-01    8.5423473550E-01
    4.7300036298E-01    8.5391498906E-01
    4.7350036298E-01    8.5359485041E-01
    4.7400036298E-01    8.5327431931E-01
    4.7450036298E-01    8.5295339554E-01
    4.7500036298E-01    8.5263207888E-01
    4.7550036298E-01    8.5231036910E-01
    4.7600036298E-01    8.5198826596E-01
    4.7650036298E-01    8.5166576925E-01
    4.7700036298E-01    8.5134287874E-01
    4.7750036298E-01    8.5101959419E-01
    4.7800036298E-01    8.5069591537E-01
    4.7850036298E-01    8.5037184206E-01
    4.7900036298E-01    8.5004737402E-01
    4.7950036298E-01    8.4972251103E-01
    4.8000036298E-01    8.4939725284E-01
    4.8050036298E-01    8.4907159924E-01
    4.8100036298E-01    8.4874554997E-01
    4.8150036298E-01    8.4841910481E-01
    4.8200036298E-01    8.4809226353E-01
    4.8250036298E-01    8.4776502589E-01
    4.8300036298E-01    8.4743739164E-01
    4.8350036298E-01    8.4710936057E-01
    4.8400036298E-01    8.4678093242E-01
    4.8450036298E-01    8.4645210696E-01
    4.8500036298E-01    8.4612288395E-01
    4.8550036298E-01    8.4579326316E-01
    4.8600036298E-01    8.4546324433E-01
    4.8650036298E-01    8.4513282724E-01
    4.8700036298E-01    8.4480201164E-01
    4.8750036298E-01    8.4447079728E-01
    4.8800036298E-01    8.4413918393E-01
    4.8850036298E-01    8.4380717134E-01
    4.8900036298E-01    8.4347475927E-01
    4.8950036298E-01    8.4314194748E-01
    4.9000036298E-01    8.4280873570E-01
    4.9050036298E-01    8.4247512372E-01
    4.9100036298E-01    8.4214111126E-01
    4.9150036298E-01    8.4180669809E-01
    4.9200036298E-01    8.4147188397E-01
    4.9250036298E-01    8.4113666863E-01
    4.9300036298E-01    8.4080105183E-01
    4.9350036298E-01    8.4046503333E-01
    4.9400036298E-01    8.4012861287E-01
    4.9450036298E-01    8.3979179019E-01
    4.9500036298E-01    8.3945456505E-01
    4.9550036298E-01    8.3911693719E-01
    4.9600036298E-01    8.3877890637E-01
    4.9650036298E-01    8.3844047232E-01
    4.9700036298E-01    8.3810163479E-01
    4.9750036298E-01    8.3776239353E-01
    4.9800036298E-01    8.3742274827E-01
    4.9850036298E-01    8.3708269876E-01
    4.9900036298E-01    8.3674224475E-01
    4.9950036298E-01    8.3640138598E-01
    5.0000036298E-01    8.3606012218E-01
    5.0050036298E-01    8.3571845309E-01
    5.0100036298E-01    8.3537637846E-01
    5.0150036298E-01    8.3503389803E-01
    5.0200036298E-01    8.3469101152E-01
    5.0250036298E-01    8.3434771868E-01
    5.0300036298E-01    8.3400401925E-01
    5.0350036298E-01    8.3365991296E-01
    5.0400036298E-01    8.3331539954E-01
    5.0450036298E-01    8.3297047873E-01
    5.0500036298E-01    8.3262515027E-01
    5.0550036298E-01    8.3227941388E-01
    5.0600036298E-01    8.3193326929E-01
    5.0650036298E-01    8.3158671625E-01
    5.0700036298E-01    8.3123975447E-01
    5.0750036298E-01    8.3089238369E-01
    5.0800036298E-01    8.3054460364E-01
    5.0850036298E-01    8.3019641404E-01
    5.0900036298E-01    8.2984781463E-01
    5.0950036298E-01    8.2949880512E-01
    5.1000036298E-01    8.2914938525E-01
    5.1050036298E-01    8.2879955474E-01
    5.1100036298E-01    8.2844931331E-01
    5.1150036298E-01    8.2809866069E-01
    5.1200036298E-01    8.2774759660E-01
    5.1250036298E-01    8.2739612077E-01
    5.1300036298E-01    8.2704423290E-01
    5.1350036298E-01    8.2669193273E-01
    5.1400036298E-01    8.2633921997E-01
    5.1450036298E-01    8.2598609434E-01
    5.1500036298E-01    8.2563255556E-01
    5.1550036298E-01    8.2527860335E-01
    5.1600036298E-01    8.2492423742E-01
    5.1650036298E-01    8.2456945749E-01
    5.1700036298E-01    8.2421426327E-01
    5.1750036298E-01    8.2385865448E-01
    5.1800036298E-01    8.2350263083E-01
    5.1850036298E-01    8.2314619203E-01
    5.1900036298E-01    8.2278933779E-01
    5.1950036298E-01    8.2243206783E-01
    5.2000036298E-01    8.2207438185E-01
    5.2050036298E-01    8.2171627956E-01
    5.2100036298E-01    8.2135776068E-01
    5.2150036298E-01    8.2099882490E-01
    5.2200036298E-01    8.2063947193E-01
    5.2250036298E-01    8.2027970149E-01
    5.2300036298E-01    8.1991951327E-01
    5.2350036298E-01    8.1955890698E-01
    5.2400036298E-01    8.1919788232E-01
    5.2450036298E-01    8.1883643899E-01
    5.2500036298E-01    8.1847457670E-01
    5.2550036298E-01    8.1811229515E-01
    5.2600036298E-01    8.1774959402E-01
    5.2650036298E-01    8.1738647303E-01
    5.2700036298E-01    8.1702293188E-01
    5.2750036298E-01    8.1665897025E-01
    5.2800036298E-01    8.1629458784E-01
    5.2850036298E-01    8.1592978436E-01
    5.2900036298E-01    8.1556455949E-01
    5.2950036298E-01    8.1519891292E-01
    5.3000036298E-01    8.1483284436E-01
    5.3050036298E-01    8.1446635348E-01
    5.3100036298E-01    8.1409943999E-01
    5.3150036298E-01    8.1373210357E-01
    5.3200036298E-01    8.1336434391E-01
    5.3250036298E-01    8.1299616070E-01
    5.3300036298E-01    8.1262755362E-01
    5.3350036298E-01    8.1225852237E-01
    5.3400036298E-01    8.1188906662E-01
    5.3450036298E-01    8.1151918606E-01
    5.3500036298E-01    8.1114888038E-01
    5.3550036298E-01    8.1077814925E-01
    5.3600036298E-01    8.1040699237E-01
    5.3650036298E-01    8.1003540940E-01
    5.3700036298E-01    8.0966340003E-01
    5.3750036298E-01    8.0929096394E-01
    5.3800036298E-01    8.0891810081E-01
    5.3850036298E-01    8.0854481031E-01
    5.3900036298E-01    8.0817109211E-01
    5.3950036298E-01    8.0779694590E-01
    5.4000036298E-01    8.0742237135E-01
    5.4050036298E-01    8.0704736812E-01
    5.4100036298E-01    8.0667193590E-01
    5.4150036298E-01    8.0629607435E-01
    5.4200036298E-01    8.0591978314E-01
    5.4250036298E-01    8.0554306194E-01
    5.4300036298E-01    8.0516591043E-01
    5.4350036298E-01    8.0478832826E-01
    5.4400036298E-01    8.0441031510E-01
    5.4450036298E-01    8.0403187062E-01
    5.4500036298E-01    8.0365299449E-01
    5.4550036298E-01    8.0327368636E-01
    5.4600036298E-01    8.0289394590E-01
    5.4650036298E-01    8.0251377276E-01
    5.4700036298E-01    8.0213316662E-01
    5.4750036298E-01    8.0175212712E-01
    5.4800036298E-01    8.0137065393E-01
    5.4850036298E-01    8.0098874670E-01
    5.4900036298E-01    8.0060640509E-01
    5.4950036298E-01    8.0022362876E-01
    5.5000036298E-01    7.9984041735E-01
    5.5050036298E-01    7.9945677052E-01
    5.5100036298E-01    7.9907268793E-01
    5.5150036298E-01    7.9868816921E-01
    5.5200036298E-01    7.9830321403E-01
    5.5250036298E-01    7.9791782203E-01
    5.5300036298E-01    7.9753199286E-01
    5.5350036298E-01    7.9714572617E-01
    5.5400036298E-01    7.9675902160E-01
    5.5450036298E-01    7.9637187879E-01
    5.5500036298E-01    7.9598429739E-01
    5.5550036298E-01    7.9559627704E-01
    5.5600036298E-01    7.9520781738E-01
    5.5650036298E-01    7.9481891805E-01
    5.5700036298E-01    7.9442957870E-01
    5.5750036298E-01    7.9403979895E-01
    5.5800036298E-01    7.9364957845E-01
    5.5850036298E-01    7.9325891683E-01
    5.5900036298E-01    7.9286781372E-01
    5.5950036298E-01    7.9247626876E-01
    5.6000036298E-01    7.9208428159E-01
    5.6050036298E-01    7.9169185182E-01
    5.6100036298E-01    7.9129897910E-01
    5.6150036298E-01    7.9090566305E-01
    5.6200036298E-01    7.9051190329E-01
    5.6250036298E-01    7.9011769946E-01
    5.6300036298E-01    7.8972305119E-01
    5.6350036298E-01    7.8932795808E-01
    5.6400036298E-01    7.8893241978E-01
    5.6450036298E-01    7.8853643589E-01
    5.6500036298E-01    7.8814000604E-01
    5.6550036298E-01    7.8774312986E-01
    5.6600036298E-01    7.8734580695E-01
    5.6650036298E-01    7.8694803694E-01
    5.6700036298E-01    7.8654981943E-01
    5.6750036298E-01    7.8615115406E-01
    5.6800036298E-01    7.8575204042E-01
    5.6850036298E-01    7.8535247814E-01
    5.6900036298E-01    7.8495246682E-01
    5.6950036298E-01    7.8455200607E-01
    5.7000036298E-01    7.8415109551E-01
    5.7050036298E-01    7.8374973474E-01
    5.7100036298E-01    7.8334792336E-01
    5.7150036298E-01    7.8294566098E-01
    5.7200036298E-01    7.8254294721E-01
    5.7250036298E-01    7.8213978165E-01
    5.7300036298E-01    7.8173616389E-01
    5.7350036298E-01    7.8133209355E-01
    5.7400036298E-01    7.8092757021E-01
    5.7450036298E-01    7.8052259347E-01
    5.7500036298E-01    7.8011716294E-01
    5.7550036298E-01    7.7971127821E-01
    5.7600036298E-01    7.7930493887E-01
    5.7650036298E-01    7.7889814451E-01
    5.7700036298E-01    7.7849089472E-01
    5.7750036298E-01    7.7808318910E-01
    5.7800036298E-01    7.7767502723E-01
    5.7850036298E-01    7.7726640870E-01
    5.7900036298E-01    7.7685733310E-01
    5.7950036298E-01    7.7644780001E-01
    5.8000036298E-01    7.7603780901E-01
    5.8050036298E-01    7.7562735969E-01
    5.8100036298E-01    7.7521645162E-01
    5.8150036298E-01    7.7480508439E-01
    5.8200036298E-01    7.7439325757E-01
    5.8250036298E-01    7.7398097075E-01
    5.8300036298E-01    7.7356822349E-01
    5.8350036298E-01    7.7315501536E-01
    5.8400036298E-01    7.7274134596E-01
    5.8450036298E-01    7.7232721483E-01
    5.8500036298E-01    7.7191262156E-01
    5.8550036298E-01    7.7149756571E-01
    5.8600036298E-01    7.7108204684E-01
    5.8650036298E-01    7.7066606453E-01
    5.8700036298E-01    7.7024961834E-01
    5.8750036298E-01    7.6983270783E-01
    5.8800036298E-01    7.6941533257E-01
    5.8850036298E-01    7.6899749210E-01
    5.8900036298E-01    7.6857918600E-01
    5.8950036298E-01    7.6816041381E-01
    5.9000036298E-01    7.6774117510E-01
    5.9050036298E-01    7.6732146941E-01
    5.9100036298E-01    7.6690129630E-01
    5.9150036298E-01    7.6648065533E-01
    5.9200036298E-01    7.6605954604E-01
    5.9250036298E-01    7.6563796797E-01
    5.9300036298E-01    7.6521592069E-01
    5.9350036298E-01    7.6479340372E-01
    5.9400036298E-01    7.6437041662E-01
    5.9450036298E-01    7.6394695893E-01
    5.9500036298E-01    7.6352303019E-01
    5.9550036298E-01    7.6309862994E-01
    5.9600036298E-01    7.6267375771E-01
    5.9650036298E-01    7.6224841305E-01
    5.9700036298E-01    7.6182259548E-01
    5.9750036298E-01    7.6139630455E-01
    5.9800036298E-01    7.6096953977E-01
    5.9850036298E-01    7.6054230069E-01
    5.9900036298E-01    7.6011458683E-01
    5.9950036298E-01    7.5968639772E-01
    6.0000036298E-01    7.5925773288E-01
    6.0050036298E-01    7.5882859184E-01
    6.0100036298E-01    7.5839897412E-01
    6.0150036298E-01    7.5796887924E-01
    6.0200036298E-01    7.5753830672E-01
    6.0250036298E-01    7.5710725608E-01
    6.0300036298E-01    7.5667572683E-01
    6.0350036298E-01    7.5624371849E-01
    6.0400036298E-01    7.5581123056E-01
    6.0450036298E-01    7.5537826257E-01
    6.0500036298E-01    7.5494481402E-01
    6.0550036298E-01    7.5451088442E-01
    6.0600036298E-01    7.5407647327E-01
    6.0650036298E-01    7.5364158008E-01
    6.0700036298E-01    7.5320620435E-01
    6.0750036298E-01    7.5277034558E-01
    6.0800036298E-01    7.5233400327E-01
    6.0850036298E-01    7.5189717693E-01
    6.0900036298E-01    7.5145986603E-01
    6.0950036298E-01    7.5102207009E-01
    6.1000036298E-01    7.5058378859E-01
    6.1050036298E-01    7.5014502102E-01
    6.1100036298E-01    7.4970576688E-01
    6.1150036298E-01    7.4926602564E-01
    6.1200036298E-01    7.4882579679E-01
    6.1250036298E-01    7.4838507983E-01
    6.1300036298E-01    7.4794387423E-01
    6.1350036298E-01    7.4750217946E-01
    6.1400036298E-01    7.4705999502E-01
    6.1450036298E-01    7.4661732037E-01
    6.1500036298E-01    7.4617415499E-01
    6.1550036298E-01    7.4573049836E-01
    6.1600036298E-01    7.4528634994E-01
    6.1650036298E-01    7.4484170921E-01
    6.1700036298E-01    7.4439657563E-01
    6.1750036298E-01    7.4395094866E-01
    6.1800036298E-01    7.4350482778E-01
    6.1850036298E-01    7.4305821244E-01
    6.1900036298E-01    7.4261110211E-01
    6.1950036298E-01    7.4216349624E-01
    6.2000036298E-01    7.4171539429E-01
    6.2050036298E-01    7.4126679571E-01
    6.2100036298E-01    7.4081769995E-01
    6.2150036298E-01    7.4036810648E-01
    6.2200036298E-01    7.3991801473E-01
    6.2250036298E-01    7.3946742415E-01
    6.2300036298E-01    7.3901633419E-01
    6.2350036298E-01    7.3856474429E-01
    6.2400036298E-01    7.3811265390E-01
    6.2450036298E-01    7.3766006244E-01
    6.2500036298E-01    7.3720696936E-01
    6.2550036298E-01    7.3675337409E-01
    6.2600036298E-01    7.3629927607E-01
    6.2650036298E-01    7.3584467473E-01
    6.2700036298E-01    7.3538956950E-01
    6.2750036298E-01    7.3493395979E-01
    6.2800036298E-01    7.3447784505E-01
    6.2850036298E-01    7.3402122469E-01
    6.2900036298E-01    7.3356409813E-01
    6.2950036298E-01    7.3310646479E-01
    6.3000036298E-01    7.3264832409E-01
    6.3050036298E-01    7.3218967545E-01
    6.3100036298E-01    7.3173051827E-01
    6.3150036298E-01    7.3127085196E-01
    6.3200036298E-01    7.3081067594E-01
    6.3250036298E-01    7.3034998962E-01
    6.3300036298E-01    7.2988879238E-01
    6.3350036298E-01    7.2942708365E-01
    6.3400036298E-01    7.2896486281E-01
    6.3450036298E-01    7.2850212927E-01
    6.3500036298E-01    7.2803888242E-01
    6.3550036298E-01    7.2757512166E-01
    6.3600036298E-01    7.2711084637E-01
    6.3650036298E-01    7.2664605594E-01
    6.3700036298E-01    7.2618074977E-01
    6.3750036298E-01    7.2571492723E-01
    6.3800036298E-01    7.2524858772E-01
    6.3850036298E-01    7.2478173060E-01
    6.3900036298E-01    7.2431435525E-01
    6.3950036298E-01    7.2384646106E-01
    6.4000036298E-01    7.2337804739E-01
    6.4050036298E-01    7.2290911362E-01
    6.4100036298E-01    7.2243965912E-01
    6.4150036298E-01    7.2196968325E-01
    6.4200036298E-01    7.2149918537E-01
    6.4250036298E-01    7.2102816485E-01
    6.4300036298E-01    7.2055662105E-01
    6.4350036298E-01    7.2008455332E-01
    6.4400036298E-01    7.1961196102E-01
    6.4450036298E-01    7.1913884350E-01
    6.4500036298E-01    7.1866520011E-01
    6.4550036298E-01    7.1819103020E-01
    6.4600036298E-01    7.1771633311E-01
    6.4650036298E-01    7.1724110819E-01
    6.4700036298E-01    7.1676535477E-01
    6.4750036298E-01    7.1628907220E-01
    6.4800036298E-01    7.1581225980E-01
    6.4850036298E-01    7.1533491692E-01
    6.4900036298E-01    7.1485704288E-01
    6.4950036298E-01    7.1437863701E-01
    6.5000036298E-01    7.1389969863E-01
    6.5050036298E-01    7.1342022708E-01
    6.5100036298E-01    7.1294022166E-01
    6.5150036298E-01    7.1245968169E-01
    6.5200036298E-01    7.1197860650E-01
    6.5250036298E-01    7.1149699539E-01
    6.5300036298E-01    7.1101484767E-01
    6.5350036298E-01    7.1053216265E-01
    6.5400036298E-01    7.1004893964E-01
    6.5450036298E-01    7.0956517794E-01
    6.5500036298E-01    7.0908087684E-01
    6.5550036298E-01    7.0859603564E-01
    6.5600036298E-01    7.0811065364E-01
    6.5650036298E-01    7.0762473013E-01
    6.5700036298E-01    7.0713826440E-01
    6.5750036298E-01    7.0665125572E-01
    6.5800036298E-01    7.0616370340E-01
    6.5850036298E-01    7.0567560670E-01
    6.5900036298E-01    7.0518696491E-01
    6.5950036298E-01    7.0469777729E-01
    6.6000036298E-01    7.0420804313E-01
    6.6050036298E-01    7.0371776168E-01
    6.6100036298E-01    7.0322693222E-01
    6.6150036298E-01    7.0273555402E-01
    6.6200036298E-01    7.0224362632E-01
    6.6250036298E-01    7.0175114839E-01
    6.6300036298E-01    7.0125811949E-01
    6.6350036298E-01    7.0076453887E-01
    6.6400036298E-01    7.0027040576E-01
    6.6450036298E-01    6.9977571944E-01
    6.6500036298E-01    6.9928047912E-01
    6.6550036298E-01    6.9878468407E-01
    6.6600036298E-01    6.9828833350E-01
    6.6650036298E-01    6.9779142666E-01
    6.6700036298E-01    6.9729396279E-01
    6.6750036298E-01    6.9679594110E-01
    6.6800036298E-01    6.9629736082E-01
    6.6850036298E-01    6.9579822118E-01
    6.6900036298E-01    6.9529852139E-01
    6.6950036298E-01    6.9479826067E-01
    6.7000036298E-01    6.9429743824E-01
    6.7050036298E-01    6.9379605330E-01
    6.7100036298E-01    6.9329410506E-01
    6.7150036298E-01    6.9279159273E-01
    6.7200036298E-01    6.9228851550E-01
    6.7250036298E-01    6.9178487258E-01
    6.7300036298E-01    6.9128066315E-01
    6.7350036298E-01    6.9077588640E-01
    6.7400036298E-01    6.9027054153E-01
    6.7450036298E-01    6.8976462773E-01
    6.7500036298E-01    6.8925814416E-01
    6.7550036298E-01    6.8875109001E-01
    6.7600036298E-01    6.8824346445E-01
    6.7650036298E-01    6.8773526666E-01
    6.7700036298E-01    6.8722649580E-01
    6.7750036298E-01    6.8671715103E-01
    6.7800036298E-01    6.8620723153E-01
    6.7850036298E-01    6.8569673644E-01
    6.7900036298E-01    6.8518566492E-01
    6.7950036298E-01    6.8467401612E-01
    6.8000036298E-01    6.8416178918E-01
    6.8050036298E-01    6.8364898326E-01
    6.8100036298E-01    6.8313559750E-01
    6.8150036298E-01    6.8262163102E-01
    6.8200036298E-01    6.8210708296E-01
    6.8250036298E-01    6.8159195246E-01
    6.8300036298E-01    6.8107623863E-01
    6.8350036298E-01    6.8055994061E-01
    6.8400036298E-01    6.8004305751E-01
    6.8450036298E-01    6.7952558844E-01
    6.8500036298E-01    6.7900753252E-01
    6.8550036298E-01    6.7848888886E-01
    6.8600036298E-01    6.7796965655E-01
    6.8650036298E-01    6.7744983471E-01
    6.8700036298E-01    6.7692942243E-01
    6.8750036298E-01    6.7640841879E-01
    6.8800036298E-01    6.7588682290E-01
    6.8850036298E-01    6.7536463383E-01
    6.8900036298E-01    6.7484185067E-01
    6.8950036298E-01    6.7431847250E-01
    6.9000036298E-01    6.7379449838E-01
    6.9050036298E-01    6.7326992740E-01
    6.9100036298E-01    6.7274475861E-01
    6.9150036298E-01    6.7221899108E-01
    6.9200036298E-01    6.7169262386E-01
    6.9250036298E-01    6.7116565602E-01
    6.9300036298E-01    6.7063808660E-01
    6.9350036298E-01    6.7010991464E-01
    6.9400036298E-01    6.6958113920E-01
    6.9450036298E-01    6.6905175930E-01
    6.9500036298E-01    6.6852177399E-01
    6.9550036298E-01    6.6799118228E-01
    6.9600036298E-01    6.6745998322E-01
    6.9650036298E-01    6.6692817581E-01
    6.9700036298E-01    6.6639575909E-01
    6.9750036298E-01    6.6586273205E-01
    6.9800036298E-01    6.6532909371E-01
    6.9850036298E-01    6.6479484308E-01
    6.9900036298E-01    6.6425997915E-01
    6.9950036298E-01    6.6372450092E-01
    7.0000036298E-01    6.6318840738E-01
    7.0050036298E-01    6.6265169753E-01
    7.0100036298E-01    6.6211437033E-01
    7.0150036298E-01    6.6157642478E-01
    7.0200036298E-01    6.6103785985E-01
    7.0250036298E-01    6.6049867449E-01
    7.0300036298E-01    6.5995886769E-01
    7.0350036298E-01    6.5941843840E-01
    7.0400036298E-01    6.5887738558E-01
    7.0450036298E-01    6.5833570818E-01
    7.0500036298E-01    6.5779340514E-01
    7.0550036298E-01    6.5725047541E-01
    7.0600036298E-01    6.5670691792E-01
    7.0650036298E-01    6.5616273161E-01
    7.0700036298E-01    6.5561791541E-01
    7.0750036298E-01    6.5507246824E-01
    7.0800036298E-01    6.5452638902E-01
    7.0850036298E-01    6.5397967665E-01
    7.0900036298E-01    6.5343233006E-01
    7.0950036298E-01    6.5288434815E-01
    7.1000036298E-01    6.5233572981E-01
    7.1050036298E-01    6.5178647393E-01
    7.1100036298E-01    6.5123657942E-01
    7.1150036298E-01    6.5068604515E-01
    7.1200036298E-01    6.5013487000E-01
    7.1250036298E-01    6.4958305284E-01
    7.1300036298E-01    6.4903059255E-01
    7.1350036298E-01    6.4847748799E-01
    7.1400036298E-01    6.4792373802E-01
    7.1450036298E-01    6.4736934148E-01
    7.1500036298E-01    6.4681429724E-01
    7.1550036298E-01    6.4625860413E-01
    7.1600036298E-01    6.4570226100E-01
    7.1650036298E-01    6.4514526666E-01
    7.1700036298E-01    6.4458761996E-01
    7.1750036298E-01    6.4402931971E-01
    7.1800036298E-01    6.4347036473E-01
    7.1850036298E-01    6.4291075383E-01
    7.1900036298E-01    6.4235048582E-01
    7.1950036298E-01    6.4178955950E-01
    7.2000036298E-01    6.4122797366E-01
    7.2050036298E-01    6.4066572708E-01
    7.2100036298E-01    6.4010281856E-01
    7.2150036298E-01    6.3953924687E-01
    7.2200036298E-01    6.3897501079E-01
    7.2250036298E-01    6.3841010908E-01
    7.2300036298E-01    6.3784454049E-01
    7.2350036298E-01    6.3727830379E-01
    7.2400036298E-01    6.3671139772E-01
    7.2450036298E-01    6.3614382104E-01
    7.2500036298E-01    6.3557557246E-01
    7.2550036298E-01    6.3500665073E-01
    7.2600036298E-01    6.3443705457E-01
    7.2650036298E-01    6.3386678270E-01
    7.2700036298E-01    6.3329583383E-01
    7.2750036298E-01    6.3272420668E-01
    7.2800036298E-01    6.3215189993E-01
    7.2850036298E-01    6.3157891229E-01
    7.2900036298E-01    6.3100524244E-01
    7.2950036298E-01    6.3043088906E-01
    7.3000036298E-01    6.2985585084E-01
    7.3050036298E-01    6.2928012644E-01
    7.3100036298E-01    6.2870371452E-01
    7.3150036298E-01    6.2812661374E-01
    7.3200036298E-01    6.2754882276E-01
    7.3250036298E-01    6.2697034020E-01
    7.3300036298E-01    6.2639116472E-01
    7.3350036298E-01    6.2581129495E-01
    7.3400036298E-01    6.2523072949E-01
    7.3450036298E-01    6.2464946698E-01
    7.3500036298E-01    6.2406750602E-01
    7.3550036298E-01    6.2348484522E-01
    7.3600036298E-01    6.2290148318E-01
    7.3650036298E-01    6.2231741848E-01
    7.3700036298E-01    6.2173264970E-01
    7.3750036298E-01    6.2114717542E-01
    7.3800036298E-01    6.2056099422E-01
    7.3850036298E-01    6.1997410465E-01
    7.3900036298E-01    6.1938650527E-01
    7.3950036298E-01    6.1879819463E-01
    7.4000036298E-01    6.1820917126E-01
    7.4050036298E-01    6.1761943370E-01
    7.4100036298E-01    6.1702898047E-01
    7.4150036298E-01    6.1643781010E-01
    7.4200036298E-01    6.1584592109E-01
    7.4250036298E-01    6.1525331195E-01
    7.4300036298E-01    6.1465998118E-01
    7.4350036298E-01    6.1406592726E-01
    7.4400036298E-01    6.1347114867E-01
    7.4450036298E-01    6.1287564389E-01
    7.4500036298E-01    6.1227941138E-01
    7.4550036298E-01    6.1168244961E-01
    7.4600036298E-01    6.1108475701E-01
    7.4650036298E-01    6.1048633203E-01
    7.4700036298E-01    6.0988717311E-01
    7.4750036298E-01    6.0928727868E-01
    7.4800036298E-01    6.0868664714E-01
    7.4850036298E-01    6.0808527692E-01
    7.4900036298E-01    6.0748316640E-01
    7.4950036298E-01    6.0688031399E-01
    7.5000036298E-01    6.0627671808E-01
    7.5050036298E-01    6.0567237703E-01
    7.5100036298E-01    6.0506728921E-01
    7.5150036298E-01    6.0446145299E-01
    7.5200036298E-01    6.0385486672E-01
    7.5250036298E-01    6.0324752874E-01
    7.5300036298E-01    6.0263943739E-01
    7.5350036298E-01    6.0203059098E-01
    7.5400036298E-01    6.0142098784E-01
    7.5450036298E-01    6.0081062628E-01
    7.5500036298E-01    6.0019950459E-01
    7.5550036298E-01    5.9958762106E-01
    7.5600036298E-01    5.9897497398E-01
    7.5650036298E-01    5.9836156162E-01
    7.5700036298E-01    5.9774738223E-01
    7.5750036298E-01    5.9713243408E-01
    7.5800036298E-01    5.9651671541E-01
    7.5850036298E-01    5.9590022444E-01
    7.5900036298E-01    5.9528295942E-01
    7.5950036298E-01    5.9466491855E-01
    7.6000036298E-01    5.9404610004E-01
    7.6050036298E-01    5.9342650209E-01
    7.6100036298E-01    5.9280612288E-01
    7.6150036298E-01    5.9218496059E-01
    7.6200036298E-01    5.9156301339E-01
    7.6250036298E-01    5.9094027943E-01
    7.6300036298E-01    5.9031675687E-01
    7.6350036298E-01    5.8969244384E-01
    7.6400036298E-01    5.8906733846E-01
    7.6450036298E-01    5.8844143886E-01
    7.6500036298E-01    5.8781474315E-01
    7.6550036298E-01    5.8718724940E-01
    7.6600036298E-01    5.8655895573E-01
    7.6650036298E-01    5.8592986019E-01
    7.6700036298E-01    5.8529996085E-01
    7.6750036298E-01    5.8466925577E-01
    7.6800036298E-01    5.8403774299E-01
    7.6850036298E-01    5.8340542054E-01
    7.6900036298E-01    5.8277228644E-01
    7.6950036298E-01    5.8213833871E-01
    7.7000036298E-01    5.8150357534E-01
    7.7050036298E-01    5.8086799432E-01
    7.7100036298E-01    5.8023159363E-01
    7.7150036298E-01    5.7959437123E-01
    7.7200036298E-01    5.7895632507E-01
    7.7250036298E-01    5.7831745310E-01
    7.7300036298E-01    5.7767775325E-01
    7.7350036298E-01    5.7703722343E-01
    7.7400036298E-01    5.7639586156E-01
    7.7450036298E-01    5.7575366553E-01
    7.7500036298E-01    5.7511063322E-01
    7.7550036298E-01    5.7446676249E-01
    7.7600036298E-01    5.7382205122E-01
    7.7650036298E-01    5.7317649725E-01
    7.7700036298E-01    5.7253009841E-01
    7.7750036298E-01    5.7188285251E-01
    7.7800036298E-01    5.7123475738E-01
    7.7850036298E-01    5.7058581080E-01
    7.7900036298E-01    5.6993601057E-01
    7.7950036298E-01    5.6928535444E-01
    7.8000036298E-01    5.6863384018E-01
    7.8050036298E-01    5.6798146553E-01
    7.8100036298E-01    5.6732822822E-01
    7.8150036298E-01    5.6667412596E-01
    7.8200036298E-01    5.6601915647E-01
    7.8250036298E-01    5.6536331744E-01
    7.8300036298E-01    5.6470660653E-01
    7.8350036298E-01    5.6404902142E-01
    7.8400036298E-01    5.6339055975E-01
    7.8450036298E-01    5.6273121915E-01
    7.8500036298E-01    5.6207099725E-01
    7.8550036298E-01    5.6140989166E-01
    7.8600036298E-01    5.6074789996E-01
    7.8650036298E-01    5.6008501974E-01
    7.8700036298E-01    5.5942124855E-01
    7.8750036298E-01    5.5875658395E-01
    7.8800036298E-01    5.5809102347E-01
    7.8850036298E-01    5.5742456463E-01
    7.8900036298E-01    5.5675720493E-01
    7.8950036298E-01    5.5608894187E-01
    7.9000036298E-01    5.5541977290E-01
    7.9050036298E-01    5.5474969549E-01
    7.9100036298E-01    5.5407870709E-01
    7.9150036298E-01    5.5340680512E-01
    7.9200036298E-01    5.5273398698E-01
    7.9250036298E-01    5.5206025008E-01
    7.9300036298E-01    5.5138559179E-01
    7.9350036298E-01    5.5071000947E-01
    7.9400036298E-01    5.5003350046E-01
    7.9450036298E-01    5.4935606211E-01
    7.9500036298E-01    5.4867769171E-01
    7.9550036298E-01    5.4799838657E-01
    7.9600036298E-01    5.4731814396E-01
    7.9650036298E-01    5.4663696115E-01
    7.9700036298E-01    5.4595483536E-01
    7.9750036298E-01    5.4527176385E-01
    7.9800036298E-01    5.4458774380E-01
    7.9850036298E-01    5.4390277242E-01
    7.9900036298E-01    5.4321684687E-01
    7.9950036298E-01    5.4252996431E-01
    8.0000036298E-01    5.4184212187E-01
    8.0050036298E-01    5.4115331668E-01
    8.0100036298E-01    5.4046354584E-01
    8.0150036298E-01    5.3977280642E-01
    8.0200036298E-01    5.3908109548E-01
    8.0250036298E-01    5.3838841008E-01
    8.0300036298E-01    5.3769474722E-01
    8.0350036298E-01    5.3700010393E-01
    8.0400036298E-01    5.3630447717E-01
    8.0450036298E-01    5.3560786392E-01
    8.0500036298E-01    5.3491026113E-01
    8.0550036298E-01    5.3421166570E-01
    8.0600036298E-01    5.3351207456E-01
    8.0650036298E-01    5.3281148458E-01
    8.0700036298E-01    5.3210989263E-01
    8.0750036298E-01    5.3140729555E-01
    8.0800036298E-01    5.3070369015E-01
    8.0850036298E-01    5.2999907325E-01
    8.0900036298E-01    5.2929344162E-01
    8.0950036298E-01    5.2858679201E-01
    8.1000036298E-01    5.2787912116E-01
    8.1050036298E-01    5.2717042578E-01
    8.1100036298E-01    5.2646070257E-01
    8.1150036298E-01    5.2574994818E-01
    8.1200036298E-01    5.2503815928E-01
    8.1250036298E-01    5.2432533247E-01
    8.1300036298E-01    5.2361146436E-01
    8.1350036298E-01    5.2289655152E-01
    8.1400036298E-01    5.2218059051E-01
    8.1450036298E-01    5.2146357785E-01
    8.1500036298E-01    5.2074551005E-01
    8.1550036298E-01    5.2002638359E-01
    8.1600036298E-01    5.1930619493E-01
    8.1650036298E-01    5.1858494049E-01
    8.1700036298E-01    5.1786261668E-01
    8.1750036298E-01    5.1713921988E-01
    8.1800036298E-01    5.1641474645E-01
    8.1850036298E-01    5.1568919271E-01
    8.1900036298E-01    5.1496255498E-01
    8.1950036298E-01    5.1423482952E-01
    8.2000036298E-01    5.1350601259E-01
    8.2050036298E-01    5.1277610041E-01
    8.2100036298E-01    5.1204508917E-01
    8.2150036298E-01    5.1131297506E-01
    8.2200036298E-01    5.1057975421E-01
    8.2250036298E-01    5.0984542273E-01
    8.2300036298E-01    5.0910997672E-01
    8.2350036298E-01    5.0837341222E-01
    8.2400036298E-01    5.0763572527E-01
    8.2450036298E-01    5.0689691187E-01
    8.2500036298E-01    5.0615696799E-01
    8.2550036298E-01    5.0541588957E-01
    8.2600036298E-01    5.0467367252E-01
    8.2650036298E-01    5.0393031273E-01
    8.2700036298E-01    5.0318580604E-01
    8.2750036298E-01    5.0244014827E-01
    8.2800036298E-01    5.0169333522E-01
    8.2850036298E-01    5.0094536264E-01
    8.2900036298E-01    5.0019622626E-01
    8.2950036298E-01    4.9944592177E-01
    8.3000036298E-01    4.9869444483E-01
    8.3050036298E-01    4.9794179107E-01
    8.3100036298E-01    4.9718795609E-01
    8.3150036298E-01    4.9643293545E-01
    8.3200036298E-01    4.9567672468E-01
    8.3250036298E-01    4.9491931926E-01
    8.3300036298E-01    4.9416071467E-01
    8.3350036298E-01    4.9340090632E-01
    8.3400036298E-01    4.9263988961E-01
    8.3450036298E-01    4.9187765989E-01
    8.3500036298E-01    4.9111421248E-01
    8.3550036298E-01    4.9034954265E-01
    8.3600036298E-01    4.8958364565E-01
    8.3650036298E-01    4.8881651670E-01
    8.3700036298E-01    4.8804815096E-01
    8.3750036298E-01    4.8727854356E-01
    8.3800036298E-01    4.8650768959E-01
    8.3850036298E-01    4.8573558411E-01
    8.3900036298E-01    4.8496222214E-01
    8.3950036298E-01    4.8418759866E-01
    8.4000036298E-01    4.8341170858E-01
    8.4050036298E-01    4.8263454682E-01
    8.4100036298E-01    4.8185610822E-01
    8.4150036298E-01    4.8107638761E-01
    8.4200036298E-01    4.8029537973E-01
    8.4250036298E-01    4.7951307934E-01
    8.4300036298E-01    4.7872948110E-01
    8.4350036298E-01    4.7794457967E-01
    8.4400036298E-01    4.7715836964E-01
    8.4450036298E-01    4.7637084556E-01
    8.4500036298E-01    4.7558200194E-01
    8.4550036298E-01    4.7479183324E-01
    8.4600036298E-01    4.7400033389E-01
    8.4650036298E-01    4.7320749824E-01
    8.4700036298E-01    4.7241332064E-01
    8.4750036298E-01    4.7161779534E-01
    8.4800036298E-01    4.7082091658E-01
    8.4850036298E-01    4.7002267854E-01
    8.4900036298E-01    4.6922307534E-01
    8.4950036298E-01    4.6842210108E-01
    8.5000036298E-01    4.6761974977E-01
    8.5050036298E-01    4.6681601540E-01
    8.5100036298E-01    4.6601089188E-01
    8.5150036298E-01    4.6520437311E-01
    8.5200036298E-01    4.6439645289E-01
    8.5250036298E-01    4.6358712501E-01
    8.5300036298E-01    4.6277638316E-01
    8.5350036298E-01    4.6196422101E-01
    8.5400036298E-01    4.6115063217E-01
    8.5450036298E-01    4.6033561018E-01
    8.5500036298E-01    4.5951914854E-01
    8.5550036298E-01    4.5870124067E-01
    8.5600036298E-01    4.5788187995E-01
    8.5650036298E-01    4.5706105970E-01
    8.5700036298E-01    4.5623877318E-01
    8.5750036298E-01    4.5541501357E-01
    8.5800036298E-01    4.5458977402E-01
    8.5850036298E-01    4.5376304760E-01
    8.5900036298E-01    4.5293482732E-01
    8.5950036298E-01    4.5210510613E-01
    8.6000036298E-01    4.5127387690E-01
    8.6050036298E-01    4.5044113246E-01
    8.6100036298E-01    4.4960686555E-01
    8.6150036298E-01    4.4877106887E-01
    8.6200036298E-01    4.4793373502E-01
    8.6250036298E-01    4.4709485656E-01
    8.6300036298E-01    4.4625442596E-01
    8.6350036298E-01    4.4541243564E-01
    8.6400036298E-01    4.4456887793E-01
    8.6450036298E-01    4.4372374509E-01
    8.6500036298E-01    4.4287702932E-01
    8.6550036298E-01    4.4202872274E-01
    8.6600036298E-01    4.4117881739E-01
    8.6650036298E-01    4.4032730523E-01
    8.6700036298E-01    4.3947417816E-01
    8.6750036298E-01    4.3861942798E-01
    8.6800036298E-01    4.3776304643E-01
    8.6850036298E-01    4.3690502517E-01
    8.6900036298E-01    4.3604535576E-01
    8.6950036298E-01    4.3518402969E-01
    8.7000036298E-01    4.3432103836E-01
    8.7050036298E-01    4.3345637310E-01
    8.7100036298E-01    4.3259002514E-01
    8.7150036298E-01    4.3172198563E-01
    8.7200036298E-01    4.3085224563E-01
    8.7250036298E-01    4.2998079611E-01
    8.7300036298E-01    4.2910762794E-01
    8.7350036298E-01    4.2823273192E-01
    8.7400036298E-01    4.2735609873E-01
    8.7450036298E-01    4.2647771898E-01
    8.7500036298E-01    4.2559758318E-01
    8.7550036298E-01    4.2471568171E-01
    8.7600036298E-01    4.2383200491E-01
    8.7650036298E-01    4.2294654296E-01
    8.7700036298E-01    4.2205928598E-01
    8.7750036298E-01    4.2117022398E-01
    8.7800036298E-01    4.2027934684E-01
    8.7850036298E-01    4.1938664436E-01
    8.7900036298E-01    4.1849210623E-01
    8.7950036298E-01    4.1759572202E-01
    8.8000036298E-01    4.1669748120E-01
    8.8050036298E-01    4.1579737311E-01
    8.8100036298E-01    4.1489538701E-01
    8.8150036298E-01    4.1399151200E-01
    8.8200036298E-01    4.1308573710E-01
    8.8250036298E-01    4.1217805120E-01
    8.8300036298E-01    4.1126844304E-01
    8.8350036298E-01    4.1035690129E-01
    8.8400036298E-01    4.0944341445E-01
    8.8450036298E-01    4.0852797092E-01
    8.8500036298E-01    4.0761055896E-01
    8.8550036298E-01    4.0669116670E-01
    8.8600036298E-01    4.0576978213E-01
    8.8650036298E-01    4.0484639312E-01
    8.8700036298E-01    4.0392098740E-01
    8.8750036298E-01    4.0299355256E-01
    8.8800036298E-01    4.0206407604E-01
    8.8850036298E-01    4.0113254514E-01
    8.8900036298E-01    4.0019894703E-01
    8.8950036298E-01    3.9926326871E-01
    8.9000036298E-01    3.9832549704E-01
    8.9050036298E-01    3.9738561872E-01
    8.9100036298E-01    3.9644362031E-01
    8.9150036298E-01    3.9549948820E-01
    8.9200036298E-01    3.9455320863E-01
    8.9250036298E-01    3.9360476765E-01
    8.9300036298E-01    3.9265415118E-01
    8.9350036298E-01    3.9170134494E-01
    8.9400036298E-01    3.9074633450E-01
    8.9450036298E-01    3.8978910526E-01
    8.9500036298E-01    3.8882964241E-01
    8.9550036298E-01    3.8786793100E-01
    8.9600036298E-01    3.8690395587E-01
    8.9650036298E-01    3.8593770167E-01
    8.9700036298E-01    3.8496915290E-01
    8.9750036298E-01    3.8399829381E-01
    8.9800036298E-01    3.8302510850E-01
    8.9850036298E-01    3.8204958084E-01
    8.9900036298E-01    3.8107169452E-01
    8.9950036298E-01    3.8009143301E-01
    9.0000036298E-01    3.7910877958E-01
    9.0050036298E-01    3.7812371726E-01
    9.0100036298E-01    3.7713622889E-01
    9.0150036298E-01    3.7614629709E-01
    9.0200036298E-01    3.7515390422E-01
    9.0250036298E-01    3.7415903245E-01
    9.0300036298E-01    3.7316166368E-01
    9.0350036298E-01    3.7216177961E-01
    9.0400036298E-01    3.7115936166E-01
    9.0450036298E-01    3.7015439103E-01
    9.0500036298E-01    3.6914684866E-01
    9.0550036298E-01    3.6813671521E-01
    9.0600036298E-01    3.6712397112E-01
    9.0650036298E-01    3.6610859652E-01
    9.0700036298E-01    3.6509057132E-01
    9.0750036298E-01    3.6406987509E-01
    9.0800036298E-01    3.6304648718E-01
    9.0850036298E-01    3.6202038661E-01
    9.0900036298E-01    3.6099155211E-01
    9.0950036298E-01    3.5995996214E-01
    9.1000036298E-01    3.5892559483E-01
    9.1050036298E-01    3.5788842801E-01
    9.1100036298E-01    3.5684843918E-01
    9.1150036298E-01    3.5580560552E-01
    9.1200036298E-01    3.5475990390E-01
    9.1250036298E-01    3.5371131083E-01
    9.1300036298E-01    3.5265980249E-01
    9.1350036298E-01    3.5160535469E-01
    9.1400036298E-01    3.5054794292E-01
    9.1450036298E-01    3.4948754227E-01
    9.1500036298E-01    3.4842412746E-01
    9.1550036298E-01    3.4735767285E-01
    9.1600036298E-01    3.4628815240E-01
    9.1650036298E-01    3.4521553967E-01
    9.1700036298E-01    3.4413980782E-01
    9.1750036298E-01    3.4306092959E-01
    9.1800036298E-01    3.4197887731E-01
    9.1850036298E-01    3.4089362285E-01
    9.1900036298E-01    3.3980513768E-01
    9.1950036298E-01    3.3871339278E-01
    9.2000036298E-01    3.3761835870E-01
    9.2050036298E-01    3.3652000549E-01
    9.2100036298E-01    3.3541830274E-01
    9.2150036298E-01    3.3431321953E-01
    9.2200036298E-01    3.3320472445E-01
    9.2250036298E-01    3.3209278558E-01
    9.2300036298E-01    3.3097737044E-01
    9.2350036298E-01    3.2985844605E-01
    9.2400036298E-01    3.2873597884E-01
    9.2450036298E-01    3.2760993472E-01
    9.2500036298E-01    3.2648027897E-01
    9.2550036298E-01    3.2534697632E-01
    9.2600036298E-01    3.2420999088E-01
    9.2650036298E-01    3.2306928612E-01
    9.2700036298E-01    3.2192482490E-01
    9.2750036298E-01    3.2077656941E-01
    9.2800036298E-01    3.1962448119E-01
    9.2850036298E-01    3.1846852109E-01
    9.2900036298E-01    3.1730864924E-01
    9.2950036298E-01    3.1614482507E-01
    9.3000036298E-01    3.1497700727E-01
    9.3050036298E-01    3.1380515377E-01
    9.3100036298E-01    3.1262922174E-01
    9.3150036298E-01    3.1144916753E-01
    9.3200036298E-01    3.1026494668E-01
    9.3250036298E-01    3.0907651392E-01
    9.3300036298E-01    3.0788382307E-01
    9.3350036298E-01    3.0668682712E-01
    9.3400036298E-01    3.0548547812E-01
    9.3450036298E-01    3.0427972720E-01
    9.3500036298E-01    3.0306952453E-01
    9.3550036298E-01    3.0185481931E-01
    9.3600036298E-01    3.0063555971E-01
    9.3650036298E-01    2.9941169288E-01
    9.3700036298E-01    2.9818316489E-01
    9.3750036298E-01    2.9694992073E-01
    9.3800036298E-01    2.9571190425E-01
    9.3850036298E-01    2.9446905813E-01
    9.3900036298E-01    2.9322132386E-01
    9.3950036298E-01    2.9196864173E-01
    9.4000036298E-01    2.9071095072E-01
    9.4050036298E-01    2.8944818853E-01
    9.4100036298E-01    2.8818029152E-01
    9.4150036298E-01    2.8690719465E-01
    9.4200036298E-01    2.8562883146E-01
    9.4250036298E-01    2.8434513404E-01
    9.4300036298E-01    2.8305603294E-01
    9.4350036298E-01    2.8176145715E-01
    9.4400036298E-01    2.8046133406E-01
    9.4450036298E-01    2.7915558939E-01
    9.4500036298E-01    2.7784414713E-01
    9.4550036298E-01    2.7652692952E-01
    9.4600036298E-01    2.7520385696E-01
    9.4650036298E-01    2.7387484794E-01
    9.4700036298E-01    2.7253981902E-01
    9.4750036298E-01    2.7119868472E-01
    9.4800036298E-01    2.6985135748E-01
    9.4850036298E-01    2.6849774757E-01
    9.4900036298E-01    2.6713776303E-01
    9.4950036298E-01    2.6577130958E-01
    9.5000036298E-01    2.6439829054E-01
    9.5050036298E-01    2.6301860674E-01
    9.5100036298E-01    2.6163215645E-01
    9.5150036298E-01    2.6023883526E-01
    9.5200036298E-01    2.5883853600E-01
    9.5250036298E-01    2.5743114862E-01
    9.5300036298E-01    2.5601656011E-01
    9.5350036298E-01    2.5459465434E-01
    9.5400036298E-01    2.5316531199E-01
    9.5450036298E-01    2.5172841040E-01
    9.5500036298E-01    2.5028382343E-01
    9.5550036298E-01    2.4883142135E-01
    9.5600036298E-01    2.4737107065E-01
    9.5650036298E-01    2.4590263395E-01
    9.5700036298E-01    2.4442596978E-01
    9.5750036298E-01    2.4294093244E-01
    9.5800036298E-01    2.4144737181E-01
    9.5850036298E-01    2.3994513317E-01
    9.5900036298E-01    2.3843405700E-01
    9.5950036298E-01    2.3691397875E-01
    9.6000036298E-01    2.3538472864E-01
    9.6050036298E-01    2.3384613143E-01
    9.6100036298E-01    2.3229800614E-01
    9.6150036298E-01    2.3074016581E-01
    9.6200036298E-01    2.2917241721E-01
    9.6250036298E-01    2.2759456055E-01
    9.6300036298E-01    2.2600638915E-01
    9.6350036298E-01    2.2440768915E-01
    9.6400036298E-01    2.2279823907E-01
    9.6450036298E-01    2.2117780953E-01
    9.6500036298E-01    2.1954616275E-01
    9.6550036298E-01    2.1790305220E-01
    9.6600036298E-01    2.1624822209E-01
    9.6650036298E-01    2.1458140689E-01
    9.6700036298E-01    2.1290233083E-01
    9.6750036298E-01    2.1121070731E-01
    9.6800036298E-01    2.0950623829E-01
    9.6850036298E-01    2.0778861367E-01
    9.6900036298E-01    2.0605751059E-01
    9.6950036298E-01    2.0431259267E-01
    9.7000036298E-01    2.0255350924E-01
    9.7050036298E-01    2.0077989444E-01
    9.7100036298E-01    1.9899136628E-01
    9.7150036298E-01    1.9718752567E-01
    9.7200036298E-01    1.9536795533E-01
    9.7250036298E-01    1.9353221856E-01
    9.7300036298E-01    1.9167985800E-01
    9.7350036298E-01    1.8981039423E-01
    9.7400036298E-01    1.8792332424E-01
    9.7450036298E-01    1.8601811978E-01
    9.7500036298E-01    1.8409422560E-01
    9.7550036298E-01    1.8215105741E-01
    9.7600036298E-01    1.8018799975E-01
    9.7650036298E-01    1.7820440363E-01
    9.7700036298E-01    1.7619958389E-01
    9.7750036298E-01    1.7417281637E-01
    9.7800036298E-01    1.7212333466E-01
    9.7850036298E-01    1.7005032666E-01
    9.7900036298E-01    1.6795293060E-01
    9.7950036298E-01    1.6583023078E-01
    9.8000036298E-01    1.6368125263E-01
    9.8050036298E-01    1.6150495737E-01
    9.8100036298E-01    1.5930023592E-01
    9.8150036298E-01    1.5706590200E-01
    9.8200036298E-01    1.5480068452E-01
    9.8250036298E-01    1.5250321876E-01
    9.8300036298E-01    1.5017203649E-01
    9.8350036298E-01    1.4780555464E-01
    9.8400036298E-01    1.4540206233E-01
    9.8450036298E-01    1.4295970601E-01
    9.8500036298E-01    1.4047647219E-01
    9.8550036298E-01    1.3795016751E-01
    9.8600036298E-01    1.3537839542E-01
    9.8650036298E-01    1.3275852890E-01
    9.8700036298E-01    1.3008767814E-01
    9.8750036298E-01    1.2736265235E-01
    9.8800036298E-01    1.2457991396E-01
    9.8850036298E-01    1.2173552356E-01
    9.8900036298E-01    1.1882507300E-01
    9.8950036298E-01    1.1584360351E-01
    9.9000036298E-01    1.1278550443E-01
    9.9050036298E-01    1.0964438667E-01
    9.9100036298E-01    1.0641292281E-01
    9.9150036298E-01    1.0308264218E-01
    9.9200036298E-01    9.9643664721E-02
    9.9250036298E-01    9.6084349389E-02
    9.9300036298E-01    9.2390821175E-02
    9.9350036298E-01    8.8546321043E-02
    9.9400036298E-01    8.4530290485E-02
    9.9450036298E-01    8.0317044823E-02
    9.9500036298E-01    7.5873784091E-02
    9.9550036298E-01    7.1157485999E-02
    9.9600036298E-01    6.6109801407E-02
    9.9650036298E-01    6.0648115147E-02
    9.9700036298E-01    5.4648525664E-02
    9.9750036298E-01    4.7909485306E-02
    9.9800036298E-01    4.0059681043E-02
    9.9850036298E-01    3.0246540475E-02
    9.9900036298E-01    1.5018733783E-02
