    5.0000000000E-04    3.2068533434E-04
    1.0000000000E-03    3.6346243114E-04
    1.5000000000E-03    3.5460283851E-04
    2.0000000000E-03    3.5104823313E-04
    2.5000000000E-03    3.5172963441E-04
    3.0000000000E-03    3.5187499785E-04
    3.5000000000E-03    3.5196105507E-04
    4.0000000000E-03    3.5182047226E-04
    4.5000000000E-03    3.5179162009E-04
    5.0000000000E-03    3.5177969430E-04
    5.5000000000E-03    3.5177084453E-04
    6.0000000000E-03    3.5170673083E-04
    6.5000000000E-03    3.5166948213E-04
    7.0000000000E-03    3.5162381387E-04
    7.5000000000E-03    3.5158825493E-04
    8.0000000000E-03    3.5154164821E-04
    8.5000000000E-03    3.5150268119E-04
    9.0000000000E-03    3.5145975967E-04
    9.5000000000E-03    3.5141817452E-04
    1.0000000000E-02    3.5138206969E-04
    1.0500000000E-02    3.5134626792E-04
    1.1000000000E-02    3.5130844423E-04
    1.1500000000E-02    3.5126955429E-04
    1.2000000000E-02    3.5122820267E-04
    1.2500000000E-02    3.5118607493E-04
    1.3000000000E-02    3.5114473024E-04
    1.3500000000E-02    3.5110330249E-04
    1.4000000000E-02    3.5106255026E-04
    1.4500000000E-02    3.5102274201E-04
    1.5000000000E-02    3.5098193246E-04
    1.5500000000E-02    3.5094172486E-04
    1.6000000000E-02    3.5090204882E-04
    1.6500000000E-02    3.5086219873E-04
    1.7000000000E-02    3.5082230998E-04
    1.7500000000E-02    3.5078253835E-04
    1.8000000000E-02    3.5074251069E-04
    1.8500000000E-02    3.5070246992E-04
    1.9000000000E-02    3.5066224943E-04
    1.9500000000E-02    3.5062238901E-04
    2.0000000000E-02    3.5058273112E-04
    2.0500000000E-02    3.5054320443E-04
    2.1000000000E-02    3.5050401894E-04
    2.1500000000E-02    3.5046519625E-04
    2.2000000000E-02    3.5042642044E-04
    2.2500000000E-02    3.5038725830E-04
    2.3000000000E-02    3.5034811020E-04
    2.3500000000E-02    3.5030902144E-04
    2.4000000000E-02    3.5027009225E-04
    2.4500000000E-02    3.5023146365E-04
    2.5000000000E-02    3.5019278399E-04
    2.5500000000E-02    3.5015418647E-04
    2.6000000000E-02    3.5011552570E-04
    2.6500000000E-02    3.5007664332E-04
    2.7000000000E-02    3.5003769537E-04
    2.7500000000E-02    3.4999850587E-04
    2.8000000000E-02    3.4995938262E-04
    2.8500000000E-02    3.4992028719E-04
    2.9000000000E-02    3.4988121141E-04
    2.9500000000E-02    3.4984211070E-04
    3.0000000000E-02    3.4980313362E-04
    3.0500000000E-02    3.4976440460E-04
    3.1000000000E-02    3.4972597818E-04
    3.1500000000E-02    3.4968777822E-04
    3.2000000000E-02    3.4964960972E-04
    3.2500000000E-02    3.4961129315E-04
    3.3000000000E-02    3.4957308601E-04
    3.3500000000E-02    3.4953506490E-04
    3.4000000000E-02    3.4949723105E-04
    3.4500000000E-02    3.4945953244E-04
    3.5000000000E-02    3.4942175052E-04
    3.5500000000E-02    3.4938395112E-04
    3.6000000000E-02    3.4934626025E-04
    3.6500000000E-02    3.4930874353E-04
    3.7000000000E-02    3.4927138712E-04
    3.7500000000E-02    3.4923403452E-04
    3.8000000000E-02    3.4919656411E-04
    3.8500000000E-02    3.4915916139E-04
    3.9000000000E-02    3.4912189869E-04
    3.9500000000E-02    3.4908461198E-04
    4.0000000000E-02    3.4904726115E-04
    4.0500000000E-02    3.4900991416E-04
    4.1000000000E-02    3.4897261414E-04
    4.1500000000E-02    3.4893527267E-04
    4.2000000000E-02    3.4889796363E-04
    4.2500000000E-02    3.4886067401E-04
    4.3000000000E-02    3.4882334381E-04
    4.3500000000E-02    3.4878599933E-04
    4.4000000000E-02    3.4874866645E-04
    4.4500000000E-02    3.4871137901E-04
    4.5000000000E-02    3.4867417214E-04
    4.5500000000E-02    3.4863700345E-04
    4.6000000000E-02    3.4859994029E-04
    4.6500000000E-02    3.4856295633E-04
    4.7000000000E-02    3.4852602290E-04
    4.7500000000E-02    3.4848916403E-04
    4.8000000000E-02    3.4845237074E-04
    4.8500000000E-02    3.4841558134E-04
    4.9000000000E-02    3.4837884574E-04
    4.9500000000E-02    3.4834211588E-04
    5.0000000000E-02    3.4830545736E-04
    5.0500000000E-02    3.4826888892E-04
    5.1000000000E-02    3.4823236968E-04
    5.1500000000E-02    3.4819593470E-04
    5.2000000000E-02    3.4815957071E-04
    5.2500000000E-02    3.4812324671E-04
    5.3000000000E-02    3.4808699364E-04
    5.3500000000E-02    3.4805078417E-04
    5.4000000000E-02    3.4801457999E-04
    5.4500000000E-02    3.4797839741E-04
    5.5000000000E-02    3.4794220574E-04
    5.5500000000E-02    3.4790606014E-04
    5.6000000000E-02    3.4786996458E-04
    5.6500000000E-02    3.4783388122E-04
    5.7000000000E-02    3.4779784264E-04
    5.7500000000E-02    3.4776184533E-04
    5.8000000000E-02    3.4772593933E-04
    5.8500000000E-02    3.4769013055E-04
    5.9000000000E-02    3.4765440184E-04
    5.9500000000E-02    3.4761877780E-04
    6.0000000000E-02    3.4758327200E-04
    6.0500000000E-02    3.4754784658E-04
    6.1000000000E-02    3.4751244735E-04
    6.1500000000E-02    3.4747706889E-04
    6.2000000000E-02    3.4744175472E-04
    6.2500000000E-02    3.4740652949E-04
    6.3000000000E-02    3.4737135546E-04
    6.3500000000E-02    3.4733621060E-04
    6.4000000000E-02    3.4730109420E-04
    6.4500000000E-02    3.4726605805E-04
    6.5000000000E-02    3.4723111849E-04
    6.5500000000E-02    3.4719627707E-04
    6.6000000000E-02    3.4716149429E-04
    6.6500000000E-02    3.4712678011E-04
    6.7000000000E-02    3.4709212166E-04
    6.7500000000E-02    3.4705748189E-04
    6.8000000000E-02    3.4702286983E-04
    6.8500000000E-02    3.4698826476E-04
    6.9000000000E-02    3.4695368794E-04
    6.9500000000E-02    3.4691913101E-04
    7.0000000000E-02    3.4688458137E-04
    7.0500000000E-02    3.4685005193E-04
    7.1000000000E-02    3.4681551199E-04
    7.1500000000E-02    3.4678101267E-04
    7.2000000000E-02    3.4674655441E-04
    7.2500000000E-02    3.4671210799E-04
    7.3000000000E-02    3.4667769539E-04
    7.3500000000E-02    3.4664330499E-04
    7.4000000000E-02    3.4660898081E-04
    7.4500000000E-02    3.4657472187E-04
    7.5000000000E-02    3.4654050933E-04
    7.5500000000E-02    3.4650636560E-04
    7.6000000000E-02    3.4647229184E-04
    7.6500000000E-02    3.4643826858E-04
    7.7000000000E-02    3.4640429795E-04
    7.7500000000E-02    3.4637037180E-04
    7.8000000000E-02    3.4633646049E-04
    7.8500000000E-02    3.4630258680E-04
    7.9000000000E-02    3.4626876281E-04
    7.9500000000E-02    3.4623500974E-04
    8.0000000000E-02    3.4620132900E-04
    8.0500000000E-02    3.4616769375E-04
    8.1000000000E-02    3.4613405489E-04
    8.1500000000E-02    3.4610046566E-04
    8.2000000000E-02    3.4606692834E-04
    8.2500000000E-02    3.4603344412E-04
    8.3000000000E-02    3.4600004681E-04
    8.3500000000E-02    3.4596672737E-04
    8.4000000000E-02    3.4593349034E-04
    8.4500000000E-02    3.4590030643E-04
    8.5000000000E-02    3.4586715913E-04
    8.5500000000E-02    3.4583406109E-04
    8.6000000000E-02    3.4580096591E-04
    8.6500000000E-02    3.4576790553E-04
    8.7000000000E-02    3.4573491387E-04
    8.7500000000E-02    3.4570195309E-04
    8.8000000000E-02    3.4566899727E-04
    8.8500000000E-02    3.4563606912E-04
    8.9000000000E-02    3.4560316214E-04
    8.9500000000E-02    3.4557029991E-04
    9.0000000000E-02    3.4553749587E-04
    9.0500000000E-02    3.4550471300E-04
    9.1000000000E-02    3.4547199582E-04
    9.1500000000E-02    3.4543931778E-04
    9.2000000000E-02    3.4540667260E-04
    9.2500000000E-02    3.4537406435E-04
    9.3000000000E-02    3.4534151666E-04
    9.3500000000E-02    3.4530901376E-04
    9.4000000000E-02    3.4527653987E-04
    9.4500000000E-02    3.4524412902E-04
    9.5000000000E-02    3.4521174557E-04
    9.5500000000E-02    3.4517938413E-04
    9.6000000000E-02    3.4514704882E-04
    9.6500000000E-02    3.4511475440E-04
    9.7000000000E-02    3.4508250506E-04
    9.7500000000E-02    3.4505031603E-04
    9.8000000000E-02    3.4501817196E-04
    9.8500000000E-02    3.4498608741E-04
    9.9000000000E-02    3.4495405715E-04
    9.9500000000E-02    3.4492206683E-04
    1.0000000000E-01    3.4489013105E-04
    1.0050000000E-01    3.4485822518E-04
    1.0100000000E-01    3.4482633443E-04
    1.0150000000E-01    3.4479447414E-04
    1.0200000000E-01    3.4476263947E-04
    1.0250000000E-01    3.4473084615E-04
    1.0300000000E-01    3.4469908970E-04
    1.0350000000E-01    3.4466736547E-04
    1.0400000000E-01    3.4463568966E-04
    1.0450000000E-01    3.4460402788E-04
    1.0500000000E-01    3.4457240579E-04
    1.0550000000E-01    3.4454081984E-04
    1.0600000000E-01    3.4450929547E-04
    1.0650000000E-01    3.4447781898E-04
    1.0700000000E-01    3.4444637685E-04
    1.0750000000E-01    3.4441497517E-04
    1.0800000000E-01    3.4438363054E-04
    1.0850000000E-01    3.4435234878E-04
    1.0900000000E-01    3.4432110706E-04
    1.0950000000E-01    3.4428992157E-04
    1.1000000000E-01    3.4425875920E-04
    1.1050000000E-01    3.4422765681E-04
    1.1100000000E-01    3.4419661084E-04
    1.1150000000E-01    3.4416560871E-04
    1.1200000000E-01    3.4413463707E-04
    1.1250000000E-01    3.4410370325E-04
    1.1300000000E-01    3.4407281415E-04
    1.1350000000E-01    3.4404196714E-04
    1.1400000000E-01    3.4401115982E-04
    1.1450000000E-01    3.4398038898E-04
    1.1500000000E-01    3.4394966276E-04
    1.1550000000E-01    3.4391896841E-04
    1.1600000000E-01    3.4388829363E-04
    1.1650000000E-01    3.4385765619E-04
    1.1700000000E-01    3.4382707381E-04
    1.1750000000E-01    3.4379652451E-04
    1.1800000000E-01    3.4376601632E-04
    1.1850000000E-01    3.4373554710E-04
    1.1900000000E-01    3.4370511504E-04
    1.1950000000E-01    3.4367470857E-04
    1.2000000000E-01    3.4364435585E-04
    1.2050000000E-01    3.4361404520E-04
    1.2100000000E-01    3.4358378531E-04
    1.2150000000E-01    3.4355354440E-04
    1.2200000000E-01    3.4352334143E-04
    1.2250000000E-01    3.4349317501E-04
    1.2300000000E-01    3.4346305391E-04
    1.2350000000E-01    3.4343296707E-04
    1.2400000000E-01    3.4340291338E-04
    1.2450000000E-01    3.4337290196E-04
    1.2500000000E-01    3.4334290190E-04
    1.2550000000E-01    3.4331294244E-04
    1.2600000000E-01    3.4328304285E-04
    1.2650000000E-01    3.4325316246E-04
    1.2700000000E-01    3.4322332099E-04
    1.2750000000E-01    3.4319349765E-04
    1.2800000000E-01    3.4316370223E-04
    1.2850000000E-01    3.4313393453E-04
    1.2900000000E-01    3.4310421413E-04
    1.2950000000E-01    3.4307454106E-04
    1.3000000000E-01    3.4304490524E-04
    1.3050000000E-01    3.4301530676E-04
    1.3100000000E-01    3.4298575566E-04
    1.3150000000E-01    3.4295623234E-04
    1.3200000000E-01    3.4292673676E-04
    1.3250000000E-01    3.4289726966E-04
    1.3300000000E-01    3.4286785128E-04
    1.3350000000E-01    3.4283846226E-04
    1.3400000000E-01    3.4280910317E-04
    1.3450000000E-01    3.4277978480E-04
    1.3500000000E-01    3.4275049797E-04
    1.3550000000E-01    3.4272126340E-04
    1.3600000000E-01    3.4269206219E-04
    1.3650000000E-01    3.4266291540E-04
    1.3700000000E-01    3.4263380409E-04
    1.3750000000E-01    3.4260472960E-04
    1.3800000000E-01    3.4257569311E-04
    1.3850000000E-01    3.4254669608E-04
    1.3900000000E-01    3.4251773998E-04
    1.3950000000E-01    3.4248881638E-04
    1.4000000000E-01    3.4245993683E-04
    1.4050000000E-01    3.4243109315E-04
    1.4100000000E-01    3.4240227720E-04
    1.4150000000E-01    3.4237350078E-04
    1.4200000000E-01    3.4234475592E-04
    1.4250000000E-01    3.4231606468E-04
    1.4300000000E-01    3.4228741923E-04
    1.4350000000E-01    3.4225881179E-04
    1.4400000000E-01    3.4223026476E-04
    1.4450000000E-01    3.4220175042E-04
    1.4500000000E-01    3.4217327139E-04
    1.4550000000E-01    3.4214483018E-04
    1.4600000000E-01    3.4211641953E-04
    1.4650000000E-01    3.4208805207E-04
    1.4700000000E-01    3.4205972079E-04
    1.4750000000E-01    3.4203143856E-04
    1.4800000000E-01    3.4200319839E-04
    1.4850000000E-01    3.4197499329E-04
    1.4900000000E-01    3.4194682661E-04
    1.4950000000E-01    3.4191870157E-04
    1.5000000000E-01    3.4189062148E-04
    1.5050000000E-01    3.4186256977E-04
    1.5100000000E-01    3.4183457004E-04
    1.5150000000E-01    3.4180659591E-04
    1.5200000000E-01    3.4177865111E-04
    1.5250000000E-01    3.4175073933E-04
    1.5300000000E-01    3.4172286449E-04
    1.5350000000E-01    3.4169503068E-04
    1.5400000000E-01    3.4166724178E-04
    1.5450000000E-01    3.4163948201E-04
    1.5500000000E-01    3.4161175556E-04
    1.5550000000E-01    3.4158406685E-04
    1.5600000000E-01    3.4155641020E-04
    1.5650000000E-01    3.4152879011E-04
    1.5700000000E-01    3.4150120118E-04
    1.5750000000E-01    3.4147363811E-04
    1.5800000000E-01    3.4144612553E-04
    1.5850000000E-01    3.4141864846E-04
    1.5900000000E-01    3.4139120173E-04
    1.5950000000E-01    3.4136380037E-04
    1.6000000000E-01    3.4133641948E-04
    1.6050000000E-01    3.4130908431E-04
    1.6100000000E-01    3.4128179011E-04
    1.6150000000E-01    3.4125453226E-04
    1.6200000000E-01    3.4122731619E-04
    1.6250000000E-01    3.4120011750E-04
    1.6300000000E-01    3.4117296188E-04
    1.6350000000E-01    3.4114584493E-04
    1.6400000000E-01    3.4111876255E-04
    1.6450000000E-01    3.4109170064E-04
    1.6500000000E-01    3.4106467521E-04
    1.6550000000E-01    3.4103767234E-04
    1.6600000000E-01    3.4101071818E-04
    1.6650000000E-01    3.4098379904E-04
    1.6700000000E-01    3.4095693122E-04
    1.6750000000E-01    3.4093010122E-04
    1.6800000000E-01    3.4090330555E-04
    1.6850000000E-01    3.4087655087E-04
    1.6900000000E-01    3.4084984387E-04
    1.6950000000E-01    3.4082316133E-04
    1.7000000000E-01    3.4079652018E-04
    1.7050000000E-01    3.4076992744E-04
    1.7100000000E-01    3.4074336010E-04
    1.7150000000E-01    3.4071683539E-04
    1.7200000000E-01    3.4069035059E-04
    1.7250000000E-01    3.4066389302E-04
    1.7300000000E-01    3.4063748008E-04
    1.7350000000E-01    3.4061110938E-04
    1.7400000000E-01    3.4058476848E-04
    1.7450000000E-01    3.4055846512E-04
    1.7500000000E-01    3.4053219713E-04
    1.7550000000E-01    3.4050597234E-04
    1.7600000000E-01    3.4047977883E-04
    1.7650000000E-01    3.4045362459E-04
    1.7700000000E-01    3.4042751788E-04
    1.7750000000E-01    3.4040143688E-04
    1.7800000000E-01    3.4037538999E-04
    1.7850000000E-01    3.4034938565E-04
    1.7900000000E-01    3.4032342240E-04
    1.7950000000E-01    3.4029748890E-04
    1.8000000000E-01    3.4027158384E-04
    1.8050000000E-01    3.4024572603E-04
    1.8100000000E-01    3.4021990442E-04
    1.8150000000E-01    3.4019410798E-04
    1.8200000000E-01    3.4016834583E-04
    1.8250000000E-01    3.4014261716E-04
    1.8300000000E-01    3.4011693122E-04
    1.8350000000E-01    3.4009125738E-04
    1.8400000000E-01    3.4006562518E-04
    1.8450000000E-01    3.4004001409E-04
    1.8500000000E-01    3.4001443384E-04
    1.8550000000E-01    3.3998888413E-04
    1.8600000000E-01    3.3996337482E-04
    1.8650000000E-01    3.3993790588E-04
    1.8700000000E-01    3.3991247726E-04
    1.8750000000E-01    3.3988707917E-04
    1.8800000000E-01    3.3986171178E-04
    1.8850000000E-01    3.3983637544E-04
    1.8900000000E-01    3.3981107050E-04
    1.8950000000E-01    3.3978578752E-04
    1.9000000000E-01    3.3976054705E-04
    1.9050000000E-01    3.3973533980E-04
    1.9100000000E-01    3.3971016659E-04
    1.9150000000E-01    3.3968501824E-04
    1.9200000000E-01    3.3965990579E-04
    1.9250000000E-01    3.3963484027E-04
    1.9300000000E-01    3.3960979287E-04
    1.9350000000E-01    3.3958478482E-04
    1.9400000000E-01    3.3955980753E-04
    1.9450000000E-01    3.3953486239E-04
    1.9500000000E-01    3.3950995102E-04
    1.9550000000E-01    3.3948507502E-04
    1.9600000000E-01    3.3946022614E-04
    1.9650000000E-01    3.3943540622E-04
    1.9700000000E-01    3.3941061721E-04
    1.9750000000E-01    3.3938587113E-04
    1.9800000000E-01    3.3936114010E-04
    1.9850000000E-01    3.3933645634E-04
    1.9900000000E-01    3.3931180221E-04
    1.9950000000E-01    3.3928718009E-04
    2.0000000000E-01    3.3926259253E-04
    2.0050000000E-01    3.3923803209E-04
    2.0100000000E-01    3.3921350154E-04
    2.0150000000E-01    3.3918900364E-04
    2.0200000000E-01    3.3916453134E-04
    2.0250000000E-01    3.3914009760E-04
    2.0300000000E-01    3.3911569554E-04
    2.0350000000E-01    3.3909131837E-04
    2.0400000000E-01    3.3906697937E-04
    2.0450000000E-01    3.3904267195E-04
    2.0500000000E-01    3.3901839959E-04
    2.0550000000E-01    3.3899414590E-04
    2.0600000000E-01    3.3896993455E-04
    2.0650000000E-01    3.3894575934E-04
    2.0700000000E-01    3.3892161416E-04
    2.0750000000E-01    3.3889751299E-04
    2.0800000000E-01    3.3887343992E-04
    2.0850000000E-01    3.3884940917E-04
    2.0900000000E-01    3.3882540497E-04
    2.0950000000E-01    3.3880143173E-04
    2.1000000000E-01    3.3877749395E-04
    2.1050000000E-01    3.3875359618E-04
    2.1100000000E-01    3.3872972313E-04
    2.1150000000E-01    3.3870588960E-04
    2.1200000000E-01    3.3868209044E-04
    2.1250000000E-01    3.3865834065E-04
    2.1300000000E-01    3.3863461532E-04
    2.1350000000E-01    3.3861091963E-04
    2.1400000000E-01    3.3858726888E-04
    2.1450000000E-01    3.3856363845E-04
    2.1500000000E-01    3.3854005382E-04
    2.1550000000E-01    3.3851650059E-04
    2.1600000000E-01    3.3849298446E-04
    2.1650000000E-01    3.3846950121E-04
    2.1700000000E-01    3.3844604674E-04
    2.1750000000E-01    3.3842262705E-04
    2.1800000000E-01    3.3839924824E-04
    2.1850000000E-01    3.3837589651E-04
    2.1900000000E-01    3.3835257816E-04
    2.1950000000E-01    3.3832929960E-04
    2.2000000000E-01    3.3830604732E-04
    2.2050000000E-01    3.3828282796E-04
    2.2100000000E-01    3.3825963821E-04
    2.2150000000E-01    3.3823648490E-04
    2.2200000000E-01    3.3821334494E-04
    2.2250000000E-01    3.3819024537E-04
    2.2300000000E-01    3.3816718329E-04
    2.2350000000E-01    3.3814414594E-04
    2.2400000000E-01    3.3812114067E-04
    2.2450000000E-01    3.3809818489E-04
    2.2500000000E-01    3.3807524616E-04
    2.2550000000E-01    3.3805235212E-04
    2.2600000000E-01    3.3802949051E-04
    2.2650000000E-01    3.3800665920E-04
    2.2700000000E-01    3.3798386614E-04
    2.2750000000E-01    3.3796109939E-04
    2.2800000000E-01    3.3793837712E-04
    2.2850000000E-01    3.3791568759E-04
    2.2900000000E-01    3.3789301921E-04
    2.2950000000E-01    3.3787038043E-04
    2.3000000000E-01    3.3784777986E-04
    2.3050000000E-01    3.3782520618E-04
    2.3100000000E-01    3.3780266821E-04
    2.3150000000E-01    3.3778015483E-04
    2.3200000000E-01    3.3775767506E-04
    2.3250000000E-01    3.3773522803E-04
    2.3300000000E-01    3.3771281296E-04
    2.3350000000E-01    3.3769041917E-04
    2.3400000000E-01    3.3766805611E-04
    2.3450000000E-01    3.3764573332E-04
    2.3500000000E-01    3.3762344045E-04
    2.3550000000E-01    3.3760117726E-04
    2.3600000000E-01    3.3757893361E-04
    2.3650000000E-01    3.3755672950E-04
    2.3700000000E-01    3.3753454497E-04
    2.3750000000E-01    3.3751239024E-04
    2.3800000000E-01    3.3749026560E-04
    2.3850000000E-01    3.3746817145E-04
    2.3900000000E-01    3.3744609831E-04
    2.3950000000E-01    3.3742405679E-04
    2.4000000000E-01    3.3740204763E-04
    2.4050000000E-01    3.3738007167E-04
    2.4100000000E-01    3.3735812986E-04
    2.4150000000E-01    3.3733622324E-04
    2.4200000000E-01    3.3731433300E-04
    2.4250000000E-01    3.3729248041E-04
    2.4300000000E-01    3.3727065684E-04
    2.4350000000E-01    3.3724886380E-04
    2.4400000000E-01    3.3722709289E-04
    2.4450000000E-01    3.3720536583E-04
    2.4500000000E-01    3.3718366445E-04
    2.4550000000E-01    3.3716200067E-04
    2.4600000000E-01    3.3714037655E-04
    2.4650000000E-01    3.3711877424E-04
    2.4700000000E-01    3.3709720602E-04
    2.4750000000E-01    3.3707567425E-04
    2.4800000000E-01    3.3705417145E-04
    2.4850000000E-01    3.3703271019E-04
    2.4900000000E-01    3.3701127321E-04
    2.4950000000E-01    3.3698987331E-04
    2.5000000000E-01    3.3696849345E-04
    2.5050000000E-01    3.3694714667E-04
    2.5100000000E-01    3.3692582614E-04
    2.5150000000E-01    3.3690453513E-04
    2.5200000000E-01    3.3688327703E-04
    2.5250000000E-01    3.3686205533E-04
    2.5300000000E-01    3.3684085365E-04
    2.5350000000E-01    3.3681968573E-04
    2.5400000000E-01    3.3679855538E-04
    2.5450000000E-01    3.3677743658E-04
    2.5500000000E-01    3.3675635339E-04
    2.5550000000E-01    3.3673529999E-04
    2.5600000000E-01    3.3671427067E-04
    2.5650000000E-01    3.3669326985E-04
    2.5700000000E-01    3.3667230204E-04
    2.5750000000E-01    3.3665136190E-04
    2.5800000000E-01    3.3663044416E-04
    2.5850000000E-01    3.3660956370E-04
    2.5900000000E-01    3.3658871551E-04
    2.5950000000E-01    3.3656789468E-04
    2.6000000000E-01    3.3654710643E-04
    2.6050000000E-01    3.3652634608E-04
    2.6100000000E-01    3.3650560910E-04
    2.6150000000E-01    3.3648491102E-04
    2.6200000000E-01    3.3646423755E-04
    2.6250000000E-01    3.3644359447E-04
    2.6300000000E-01    3.3642298769E-04
    2.6350000000E-01    3.3640240324E-04
    2.6400000000E-01    3.3638185727E-04
    2.6450000000E-01    3.3636133604E-04
    2.6500000000E-01    3.3634084594E-04
    2.6550000000E-01    3.3632037345E-04
    2.6600000000E-01    3.3629993521E-04
    2.6650000000E-01    3.3627951794E-04
    2.6700000000E-01    3.3625913849E-04
    2.6750000000E-01    3.3623877384E-04
    2.6800000000E-01    3.3621845107E-04
    2.6850000000E-01    3.3619815739E-04
    2.6900000000E-01    3.3617789015E-04
    2.6950000000E-01    3.3615765676E-04
    2.7000000000E-01    3.3613744480E-04
    2.7050000000E-01    3.3611727196E-04
    2.7100000000E-01    3.3609711605E-04
    2.7150000000E-01    3.3607700499E-04
    2.7200000000E-01    3.3605691682E-04
    2.7250000000E-01    3.3603684972E-04
    2.7300000000E-01    3.3601681195E-04
    2.7350000000E-01    3.3599680194E-04
    2.7400000000E-01    3.3597681821E-04
    2.7450000000E-01    3.3595686942E-04
    2.7500000000E-01    3.3593694432E-04
    2.7550000000E-01    3.3591704183E-04
    2.7600000000E-01    3.3589717093E-04
    2.7650000000E-01    3.3587733079E-04
    2.7700000000E-01    3.3585752064E-04
    2.7750000000E-01    3.3583772988E-04
    2.7800000000E-01    3.3581796801E-04
    2.7850000000E-01    3.3579824465E-04
    2.7900000000E-01    3.3577853955E-04
    2.7950000000E-01    3.3575886258E-04
    2.8000000000E-01    3.3573921375E-04
    2.8050000000E-01    3.3571960316E-04
    2.8100000000E-01    3.3570001107E-04
    2.8150000000E-01    3.3568044784E-04
    2.8200000000E-01    3.3566091396E-04
    2.8250000000E-01    3.3564141005E-04
    2.8300000000E-01    3.3562193684E-04
    2.8350000000E-01    3.3560248522E-04
    2.8400000000E-01    3.3558307616E-04
    2.8450000000E-01    3.3556369078E-04
    2.8500000000E-01    3.3554433033E-04
    2.8550000000E-01    3.3552500617E-04
    2.8600000000E-01    3.3550570979E-04
    2.8650000000E-01    3.3548644282E-04
    2.8700000000E-01    3.3546719700E-04
    2.8750000000E-01    3.3544797421E-04
    2.8800000000E-01    3.3542878645E-04
    2.8850000000E-01    3.3540962583E-04
    2.8900000000E-01    3.3539048463E-04
    2.8950000000E-01    3.3537137521E-04
    2.9000000000E-01    3.3535229008E-04
    2.9050000000E-01    3.3533323190E-04
    2.9100000000E-01    3.3531419341E-04
    2.9150000000E-01    3.3529518752E-04
    2.9200000000E-01    3.3527621725E-04
    2.9250000000E-01    3.3525726575E-04
    2.9300000000E-01    3.3523834630E-04
    2.9350000000E-01    3.3521944231E-04
    2.9400000000E-01    3.3520057732E-04
    2.9450000000E-01    3.3518173500E-04
    2.9500000000E-01    3.3516291915E-04
    2.9550000000E-01    3.3514412371E-04
    2.9600000000E-01    3.3512536272E-04
    2.9650000000E-01    3.3510663038E-04
    2.9700000000E-01    3.3508793102E-04
    2.9750000000E-01    3.3506924907E-04
    2.9800000000E-01    3.3505060915E-04
    2.9850000000E-01    3.3503198594E-04
    2.9900000000E-01    3.3501338432E-04
    2.9950000000E-01    3.3499480924E-04
    3.0000000000E-01    3.3497626583E-04
    3.0050000000E-01    3.3495773934E-04
    3.0100000000E-01    3.3493924513E-04
    3.0150000000E-01    3.3492076872E-04
    3.0200000000E-01    3.3490232576E-04
    3.0250000000E-01    3.3488390202E-04
    3.0300000000E-01    3.3486551342E-04
    3.0350000000E-01    3.3484715599E-04
    3.0400000000E-01    3.3482881592E-04
    3.0450000000E-01    3.3481051952E-04
    3.0500000000E-01    3.3479223325E-04
    3.0550000000E-01    3.3477398368E-04
    3.0600000000E-01    3.3475574754E-04
    3.0650000000E-01    3.3473754168E-04
    3.0700000000E-01    3.3471936308E-04
    3.0750000000E-01    3.3470121888E-04
    3.0800000000E-01    3.3468309635E-04
    3.0850000000E-01    3.3466499286E-04
    3.0900000000E-01    3.3464692597E-04
    3.0950000000E-01    3.3462887335E-04
    3.1000000000E-01    3.3461085280E-04
    3.1050000000E-01    3.3459285228E-04
    3.1100000000E-01    3.3457487986E-04
    3.1150000000E-01    3.3455694377E-04
    3.1200000000E-01    3.3453902238E-04
    3.1250000000E-01    3.3452112417E-04
    3.1300000000E-01    3.3450325780E-04
    3.1350000000E-01    3.3448542203E-04
    3.1400000000E-01    3.3446760579E-04
    3.1450000000E-01    3.3444981813E-04
    3.1500000000E-01    3.3443205824E-04
    3.1550000000E-01    3.3441431546E-04
    3.1600000000E-01    3.3439660927E-04
    3.1650000000E-01    3.3437891929E-04
    3.1700000000E-01    3.3436126527E-04
    3.1750000000E-01    3.3434362710E-04
    3.1800000000E-01    3.3432601484E-04
    3.1850000000E-01    3.3430842865E-04
    3.1900000000E-01    3.3429085888E-04
    3.1950000000E-01    3.3427331597E-04
    3.2000000000E-01    3.3425580054E-04
    3.2050000000E-01    3.3423830333E-04
    3.2100000000E-01    3.3422083525E-04
    3.2150000000E-01    3.3420339732E-04
    3.2200000000E-01    3.3418598073E-04
    3.2250000000E-01    3.3416858681E-04
    3.2300000000E-01    3.3415122700E-04
    3.2350000000E-01    3.3413389294E-04
    3.2400000000E-01    3.3411658638E-04
    3.2450000000E-01    3.3409929922E-04
    3.2500000000E-01    3.3408203349E-04
    3.2550000000E-01    3.3406479141E-04
    3.2600000000E-01    3.3404758529E-04
    3.2650000000E-01    3.3403038763E-04
    3.2700000000E-01    3.3401323106E-04
    3.2750000000E-01    3.3399608834E-04
    3.2800000000E-01    3.3397897242E-04
    3.2850000000E-01    3.3396187634E-04
    3.2900000000E-01    3.3394481333E-04
    3.2950000000E-01    3.3392776675E-04
    3.3000000000E-01    3.3391075013E-04
    3.3050000000E-01    3.3389375710E-04
    3.3100000000E-01    3.3387680150E-04
    3.3150000000E-01    3.3385985727E-04
    3.3200000000E-01    3.3384293851E-04
    3.3250000000E-01    3.3382603949E-04
    3.3300000000E-01    3.3380917462E-04
    3.3350000000E-01    3.3379231844E-04
    3.3400000000E-01    3.3377549565E-04
    3.3450000000E-01    3.3375870113E-04
    3.3500000000E-01    3.3374191987E-04
    3.3550000000E-01    3.3372516703E-04
    3.3600000000E-01    3.3370843792E-04
    3.3650000000E-01    3.3369172801E-04
    3.3700000000E-01    3.3367504289E-04
    3.3750000000E-01    3.3365838835E-04
    3.3800000000E-01    3.3364175029E-04
    3.3850000000E-01    3.3362514478E-04
    3.3900000000E-01    3.3360855805E-04
    3.3950000000E-01    3.3359199648E-04
    3.4000000000E-01    3.3357545659E-04
    3.4050000000E-01    3.3355893507E-04
    3.4100000000E-01    3.3354243876E-04
    3.4150000000E-01    3.3352597464E-04
    3.4200000000E-01    3.3350952988E-04
    3.4250000000E-01    3.3349311176E-04
    3.4300000000E-01    3.3347670776E-04
    3.4350000000E-01    3.3346033548E-04
    3.4400000000E-01    3.3344398269E-04
    3.4450000000E-01    3.3342764732E-04
    3.4500000000E-01    3.3341132746E-04
    3.4550000000E-01    3.3339504135E-04
    3.4600000000E-01    3.3337876738E-04
    3.4650000000E-01    3.3336252411E-04
    3.4700000000E-01    3.3334629025E-04
    3.4750000000E-01    3.3333008468E-04
    3.4800000000E-01    3.3331390642E-04
    3.4850000000E-01    3.3329774467E-04
    3.4900000000E-01    3.3328160877E-04
    3.4950000000E-01    3.3326549823E-04
    3.5000000000E-01    3.3324941273E-04
    3.5050000000E-01    3.3323334209E-04
    3.5100000000E-01    3.3321730629E-04
    3.5150000000E-01    3.3320128549E-04
    3.5200000000E-01    3.3318528000E-04
    3.5250000000E-01    3.3316931030E-04
    3.5300000000E-01    3.3315335700E-04
    3.5350000000E-01    3.3313742092E-04
    3.5400000000E-01    3.3312151301E-04
    3.5450000000E-01    3.3310562440E-04
    3.5500000000E-01    3.3308974636E-04
    3.5550000000E-01    3.3307390034E-04
    3.5600000000E-01    3.3305807797E-04
    3.5650000000E-01    3.3304227100E-04
    3.5700000000E-01    3.3302649139E-04
    3.5750000000E-01    3.3301073124E-04
    3.5800000000E-01    3.3299499282E-04
    3.5850000000E-01    3.3297926856E-04
    3.5900000000E-01    3.3296358107E-04
    3.5950000000E-01    3.3294790311E-04
    3.6000000000E-01    3.3293224763E-04
    3.6050000000E-01    3.3291661771E-04
    3.6100000000E-01    3.3290100662E-04
    3.6150000000E-01    3.3288541781E-04
    3.6200000000E-01    3.3286985488E-04
    3.6250000000E-01    3.3285431159E-04
    3.6300000000E-01    3.3283878189E-04
    3.6350000000E-01    3.3282327989E-04
    3.6400000000E-01    3.3280778986E-04
    3.6450000000E-01    3.3279232625E-04
    3.6500000000E-01    3.3277688368E-04
    3.6550000000E-01    3.3276145694E-04
    3.6600000000E-01    3.3274605098E-04
    3.6650000000E-01    3.3273067094E-04
    3.6700000000E-01    3.3271531210E-04
    3.6750000000E-01    3.3269996996E-04
    3.6800000000E-01    3.3268465014E-04
    3.6850000000E-01    3.3266934848E-04
    3.6900000000E-01    3.3265407094E-04
    3.6950000000E-01    3.3263881371E-04
    3.7000000000E-01    3.3262358310E-04
    3.7050000000E-01    3.3260836565E-04
    3.7100000000E-01    3.3259317801E-04
    3.7150000000E-01    3.3257800706E-04
    3.7200000000E-01    3.3256284983E-04
    3.7250000000E-01    3.3254772352E-04
    3.7300000000E-01    3.3253260552E-04
    3.7350000000E-01    3.3251751339E-04
    3.7400000000E-01    3.3250244486E-04
    3.7450000000E-01    3.3248739786E-04
    3.7500000000E-01    3.3247236045E-04
    3.7550000000E-01    3.3245735093E-04
    3.7600000000E-01    3.3244236772E-04
    3.7650000000E-01    3.3242739945E-04
    3.7700000000E-01    3.3241245493E-04
    3.7750000000E-01    3.3239752313E-04
    3.7800000000E-01    3.3238262322E-04
    3.7850000000E-01    3.3236773453E-04
    3.7900000000E-01    3.3235286659E-04
    3.7950000000E-01    3.3233801909E-04
    3.8000000000E-01    3.3232318192E-04
    3.8050000000E-01    3.3230837514E-04
    3.8100000000E-01    3.3229357898E-04
    3.8150000000E-01    3.3227881389E-04
    3.8200000000E-01    3.3226407046E-04
    3.8250000000E-01    3.3224933949E-04
    3.8300000000E-01    3.3223463195E-04
    3.8350000000E-01    3.3221994900E-04
    3.8400000000E-01    3.3220527198E-04
    3.8450000000E-01    3.3219062242E-04
    3.8500000000E-01    3.3217599203E-04
    3.8550000000E-01    3.3216138269E-04
    3.8600000000E-01    3.3214679651E-04
    3.8650000000E-01    3.3213222573E-04
    3.8700000000E-01    3.3211767282E-04
    3.8750000000E-01    3.3210314041E-04
    3.8800000000E-01    3.3208862134E-04
    3.8850000000E-01    3.3207411862E-04
    3.8900000000E-01    3.3205964544E-04
    3.8950000000E-01    3.3204518520E-04
    3.9000000000E-01    3.3203074149E-04
    3.9050000000E-01    3.3201631806E-04
    3.9100000000E-01    3.3200191888E-04
    3.9150000000E-01    3.3198752810E-04
    3.9200000000E-01    3.3197316005E-04
    3.9250000000E-01    3.3195880927E-04
    3.9300000000E-01    3.3194447046E-04
    3.9350000000E-01    3.3193015856E-04
    3.9400000000E-01    3.3191585865E-04
    3.9450000000E-01    3.3190158604E-04
    3.9500000000E-01    3.3188732622E-04
    3.9550000000E-01    3.3187309486E-04
    3.9600000000E-01    3.3185887785E-04
    3.9650000000E-01    3.3184468125E-04
    3.9700000000E-01    3.3183051133E-04
    3.9750000000E-01    3.3181635455E-04
    3.9800000000E-01    3.3180220757E-04
    3.9850000000E-01    3.3178809723E-04
    3.9900000000E-01    3.3177399058E-04
    3.9950000000E-01    3.3175990486E-04
    4.0000000000E-01    3.3174583753E-04
    4.0050000000E-01    3.3173178620E-04
    4.0100000000E-01    3.3171775873E-04
    4.0150000000E-01    3.3170374314E-04
    4.0200000000E-01    3.3168974767E-04
    4.0250000000E-01    3.3167576075E-04
    4.0300000000E-01    3.3166180102E-04
    4.0350000000E-01    3.3164785730E-04
    4.0400000000E-01    3.3163393863E-04
    4.0450000000E-01    3.3162002424E-04
    4.0500000000E-01    3.3160613358E-04
    4.0550000000E-01    3.3159226626E-04
    4.0600000000E-01    3.3157841214E-04
    4.0650000000E-01    3.3156457126E-04
    4.0700000000E-01    3.3155075387E-04
    4.0750000000E-01    3.3153695040E-04
    4.0800000000E-01    3.3152316152E-04
    4.0850000000E-01    3.3150939809E-04
    4.0900000000E-01    3.3149565116E-04
    4.0950000000E-01    3.3148191201E-04
    4.1000000000E-01    3.3146820211E-04
    4.1050000000E-01    3.3145450315E-04
    4.1100000000E-01    3.3144081700E-04
    4.1150000000E-01    3.3142715577E-04
    4.1200000000E-01    3.3141351175E-04
    4.1250000000E-01    3.3139987747E-04
    4.1300000000E-01    3.3138627563E-04
    4.1350000000E-01    3.3137267918E-04
    4.1400000000E-01    3.3135910124E-04
    4.1450000000E-01    3.3134553517E-04
    4.1500000000E-01    3.3133198452E-04
    4.1550000000E-01    3.3131845307E-04
    4.1600000000E-01    3.3130494481E-04
    4.1650000000E-01    3.3129144391E-04
    4.1700000000E-01    3.3127796480E-04
    4.1750000000E-01    3.3126449209E-04
    4.1800000000E-01    3.3125105062E-04
    4.1850000000E-01    3.3123761542E-04
    4.1900000000E-01    3.3122419177E-04
    4.1950000000E-01    3.3121078514E-04
    4.2000000000E-01    3.3119739123E-04
    4.2050000000E-01    3.3118401593E-04
    4.2100000000E-01    3.3117065539E-04
    4.2150000000E-01    3.3115730592E-04
    4.2200000000E-01    3.3114397411E-04
    4.2250000000E-01    3.3113066671E-04
    4.2300000000E-01    3.3111737073E-04
    4.2350000000E-01    3.3110408339E-04
    4.2400000000E-01    3.3109082210E-04
    4.2450000000E-01    3.3107756454E-04
    4.2500000000E-01    3.3106432857E-04
    4.2550000000E-01    3.3105110228E-04
    4.2600000000E-01    3.3103789399E-04
    4.2650000000E-01    3.3102469224E-04
    4.2700000000E-01    3.3101150579E-04
    4.2750000000E-01    3.3099834362E-04
    4.2800000000E-01    3.3098518493E-04
    4.2850000000E-01    3.3097203917E-04
    4.2900000000E-01    3.3095891597E-04
    4.2950000000E-01    3.3094579523E-04
    4.3000000000E-01    3.3093270705E-04
    4.3050000000E-01    3.3091962175E-04
    4.3100000000E-01    3.3090654990E-04
    4.3150000000E-01    3.3089349228E-04
    4.3200000000E-01    3.3088045990E-04
    4.3250000000E-01    3.3086743400E-04
    4.3300000000E-01    3.3085442605E-04
    4.3350000000E-01    3.3084142776E-04
    4.3400000000E-01    3.3082844104E-04
    4.3450000000E-01    3.3081547805E-04
    4.3500000000E-01    3.3080252119E-04
    4.3550000000E-01    3.3078958307E-04
    4.3600000000E-01    3.3077664655E-04
    4.3650000000E-01    3.3076373470E-04
    4.3700000000E-01    3.3075083085E-04
    4.3750000000E-01    3.3073793855E-04
    4.3800000000E-01    3.3072507157E-04
    4.3850000000E-01    3.3071220395E-04
    4.3900000000E-01    3.3069935993E-04
    4.3950000000E-01    3.3068652400E-04
    4.4000000000E-01    3.3067371089E-04
    4.4050000000E-01    3.3066090556E-04
    4.4100000000E-01    3.3064811321E-04
    4.4150000000E-01    3.3063533928E-04
    4.4200000000E-01    3.3062257944E-04
    4.4250000000E-01    3.3060982962E-04
    4.4300000000E-01    3.3059709595E-04
    4.4350000000E-01    3.3058437484E-04
    4.4400000000E-01    3.3057166293E-04
    4.4450000000E-01    3.3055896708E-04
    4.4500000000E-01    3.3054628442E-04
    4.4550000000E-01    3.3053361231E-04
    4.4600000000E-01    3.3052095835E-04
    4.4650000000E-01    3.3050831038E-04
    4.4700000000E-01    3.3049567651E-04
    4.4750000000E-01    3.3048305506E-04
    4.4800000000E-01    3.3047044461E-04
    4.4850000000E-01    3.3045784399E-04
    4.4900000000E-01    3.3044525228E-04
    4.4950000000E-01    3.3043267879E-04
    4.5000000000E-01    3.3042012310E-04
    4.5050000000E-01    3.3040757501E-04
    4.5100000000E-01    3.3039503459E-04
    4.5150000000E-01    3.3038251215E-04
    4.5200000000E-01    3.3036999827E-04
    4.5250000000E-01    3.3035749375E-04
    4.5300000000E-01    3.3034500965E-04
    4.5350000000E-01    3.3033252730E-04
    4.5400000000E-01    3.3032006827E-04
    4.5450000000E-01    3.3030761437E-04
    4.5500000000E-01    3.3029516768E-04
    4.5550000000E-01    3.3028274054E-04
    4.5600000000E-01    3.3027032552E-04
    4.5650000000E-01    3.3025791546E-04
    4.5700000000E-01    3.3024551347E-04
    4.5750000000E-01    3.3023313290E-04
    4.5800000000E-01    3.3022075734E-04
    4.5850000000E-01    3.3020839068E-04
    4.5900000000E-01    3.3019604704E-04
    4.5950000000E-01    3.3018370080E-04
    4.6000000000E-01    3.3017137660E-04
    4.6050000000E-01    3.3015904936E-04
    4.6100000000E-01    3.3014674423E-04
    4.6150000000E-01    3.3013444665E-04
    4.6200000000E-01    3.3012216231E-04
    4.6250000000E-01    3.3010987715E-04
    4.6300000000E-01    3.3009761740E-04
    4.6350000000E-01    3.3008535953E-04
    4.6400000000E-01    3.3007311028E-04
    4.6450000000E-01    3.3006087668E-04
    4.6500000000E-01    3.3004865599E-04
    4.6550000000E-01    3.3003643576E-04
    4.6600000000E-01    3.3002423380E-04
    4.6650000000E-01    3.3001203818E-04
    4.6700000000E-01    3.2999984725E-04
    4.6750000000E-01    3.2998766964E-04
    4.6800000000E-01    3.2997549422E-04
    4.6850000000E-01    3.2996334015E-04
    4.6900000000E-01    3.2995118686E-04
    4.6950000000E-01    3.2993903405E-04
    4.7000000000E-01    3.2992690170E-04
    4.7050000000E-01    3.2991477004E-04
    4.7100000000E-01    3.2990264960E-04
    4.7150000000E-01    3.2989054117E-04
    4.7200000000E-01    3.2987843583E-04
    4.7250000000E-01    3.2986633491E-04
    4.7300000000E-01    3.2985425005E-04
    4.7350000000E-01    3.2984217313E-04
    4.7400000000E-01    3.2983010634E-04
    4.7450000000E-01    3.2981804213E-04
    4.7500000000E-01    3.2980599325E-04
    4.7550000000E-01    3.2979394269E-04
    4.7600000000E-01    3.2978191377E-04
    4.7650000000E-01    3.2976988006E-04
    4.7700000000E-01    3.2975785542E-04
    4.7750000000E-01    3.2974584399E-04
    4.7800000000E-01    3.2973384020E-04
    4.7850000000E-01    3.2972183876E-04
    4.7900000000E-01    3.2970984466E-04
    4.7950000000E-01    3.2969786319E-04
    4.8000000000E-01    3.2968588992E-04
    4.8050000000E-01    3.2967392069E-04
    4.8100000000E-01    3.2966196165E-04
    4.8150000000E-01    3.2965000924E-04
    4.8200000000E-01    3.2963807017E-04
    4.8250000000E-01    3.2962613145E-04
    4.8300000000E-01    3.2961420039E-04
    4.8350000000E-01    3.2960227458E-04
    4.8400000000E-01    3.2959036189E-04
    4.8450000000E-01    3.2957845051E-04
    4.8500000000E-01    3.2956654892E-04
    4.8550000000E-01    3.2955465586E-04
    4.8600000000E-01    3.2954276042E-04
    4.8650000000E-01    3.2953088193E-04
    4.8700000000E-01    3.2951900006E-04
    4.8750000000E-01    3.2950713475E-04
    4.8800000000E-01    3.2949526625E-04
    4.8850000000E-01    3.2948341511E-04
    4.8900000000E-01    3.2947156218E-04
    4.8950000000E-01    3.2945971860E-04
    4.9000000000E-01    3.2944788582E-04
    4.9050000000E-01    3.2943605559E-04
    4.9100000000E-01    3.2942422996E-04
    4.9150000000E-01    3.2941242128E-04
    4.9200000000E-01    3.2940060222E-04
    4.9250000000E-01    3.2938880575E-04
    4.9300000000E-01    3.2937700512E-04
    4.9350000000E-01    3.2936520392E-04
    4.9400000000E-01    3.2935341603E-04
    4.9450000000E-01    3.2934163565E-04
    4.9500000000E-01    3.2932985727E-04
    4.9550000000E-01    3.2931808570E-04
    4.9600000000E-01    3.2930631607E-04
    4.9650000000E-01    3.2929455380E-04
    4.9700000000E-01    3.2928279464E-04
    4.9750000000E-01    3.2927103465E-04
    4.9800000000E-01    3.2925929019E-04
    4.9850000000E-01    3.2924754795E-04
    4.9900000000E-01    3.2923580492E-04
    4.9950000000E-01    3.2922406843E-04
    5.0000000000E-01    3.2921232611E-04
    5.0050000000E-01    3.2920059589E-04
    5.0100000000E-01    3.2918887606E-04
    5.0150000000E-01    3.2917715520E-04
    5.0200000000E-01    3.2916544221E-04
    5.0250000000E-01    3.2915372632E-04
    5.0300000000E-01    3.2914201709E-04
    5.0350000000E-01    3.2913031438E-04
    5.0400000000E-01    3.2911861838E-04
    5.0450000000E-01    3.2910691963E-04
    5.0500000000E-01    3.2909522895E-04
    5.0550000000E-01    3.2908353753E-04
    5.0600000000E-01    3.2907184685E-04
    5.0650000000E-01    3.2906015874E-04
    5.0700000000E-01    3.2904847536E-04
    5.0750000000E-01    3.2903679918E-04
    5.0800000000E-01    3.2902512302E-04
    5.0850000000E-01    3.2901345002E-04
    5.0900000000E-01    3.2900177365E-04
    5.0950000000E-01    3.2899010772E-04
    5.1000000000E-01    3.2897843637E-04
    5.1050000000E-01    3.2896677407E-04
    5.1100000000E-01    3.2895511564E-04
    5.1150000000E-01    3.2894345621E-04
    5.1200000000E-01    3.2893180128E-04
    5.1250000000E-01    3.2892014666E-04
    5.1300000000E-01    3.2890849851E-04
    5.1350000000E-01    3.2889685333E-04
    5.1400000000E-01    3.2888520796E-04
    5.1450000000E-01    3.2887356958E-04
    5.1500000000E-01    3.2886192571E-04
    5.1550000000E-01    3.2885028422E-04
    5.1600000000E-01    3.2883864331E-04
    5.1650000000E-01    3.2882701155E-04
    5.1700000000E-01    3.2881536783E-04
    5.1750000000E-01    3.2880374141E-04
    5.1800000000E-01    3.2879210187E-04
    5.1850000000E-01    3.2878046916E-04
    5.1900000000E-01    3.2876884357E-04
    5.1950000000E-01    3.2875721575E-04
    5.2000000000E-01    3.2874558669E-04
    5.2050000000E-01    3.2873395774E-04
    5.2100000000E-01    3.2872233059E-04
    5.2150000000E-01    3.2871070731E-04
    5.2200000000E-01    3.2869908031E-04
    5.2250000000E-01    3.2868745234E-04
    5.2300000000E-01    3.2867581653E-04
    5.2350000000E-01    3.2866419636E-04
    5.2400000000E-01    3.2865256568E-04
    5.2450000000E-01    3.2864092867E-04
    5.2500000000E-01    3.2862929990E-04
    5.2550000000E-01    3.2861767429E-04
    5.2600000000E-01    3.2860604712E-04
    5.2650000000E-01    3.2859441405E-04
    5.2700000000E-01    3.2858278108E-04
    5.2750000000E-01    3.2857115458E-04
    5.2800000000E-01    3.2855952132E-04
    5.2850000000E-01    3.2854787839E-04
    5.2900000000E-01    3.2853624327E-04
    5.2950000000E-01    3.2852460382E-04
    5.3000000000E-01    3.2851296826E-04
    5.3050000000E-01    3.2850132517E-04
    5.3100000000E-01    3.2848968353E-04
    5.3150000000E-01    3.2847803266E-04
    5.3200000000E-01    3.2846638229E-04
    5.3250000000E-01    3.2845473249E-04
    5.3300000000E-01    3.2844308373E-04
    5.3350000000E-01    3.2843143685E-04
    5.3400000000E-01    3.2841978307E-04
    5.3450000000E-01    3.2840812399E-04
    5.3500000000E-01    3.2839646159E-04
    5.3550000000E-01    3.2838479822E-04
    5.3600000000E-01    3.2837313664E-04
    5.3650000000E-01    3.2836146997E-04
    5.3700000000E-01    3.2834980172E-04
    5.3750000000E-01    3.2833813579E-04
    5.3800000000E-01    3.2832646645E-04
    5.3850000000E-01    3.2831478839E-04
    5.3900000000E-01    3.2830310666E-04
    5.3950000000E-01    3.2829142672E-04
    5.4000000000E-01    3.2827973440E-04
    5.4050000000E-01    3.2826804593E-04
    5.4100000000E-01    3.2825634794E-04
    5.4150000000E-01    3.2824464746E-04
    5.4200000000E-01    3.2823295190E-04
    5.4250000000E-01    3.2822123906E-04
    5.4300000000E-01    3.2820952716E-04
    5.4350000000E-01    3.2819781480E-04
    5.4400000000E-01    3.2818609099E-04
    5.4450000000E-01    3.2817436513E-04
    5.4500000000E-01    3.2816262704E-04
    5.4550000000E-01    3.2815089693E-04
    5.4600000000E-01    3.2813915540E-04
    5.4650000000E-01    3.2812740349E-04
    5.4700000000E-01    3.2811565261E-04
    5.4750000000E-01    3.2810389460E-04
    5.4800000000E-01    3.2809213170E-04
    5.4850000000E-01    3.2808036655E-04
    5.4900000000E-01    3.2806859223E-04
    5.4950000000E-01    3.2805681221E-04
    5.5000000000E-01    3.2804503036E-04
    5.5050000000E-01    3.2803324099E-04
    5.5100000000E-01    3.2802144881E-04
    5.5150000000E-01    3.2800963896E-04
    5.5200000000E-01    3.2799783698E-04
    5.5250000000E-01    3.2798601883E-04
    5.5300000000E-01    3.2797420091E-04
    5.5350000000E-01    3.2796237001E-04
    5.5400000000E-01    3.2795053337E-04
    5.5450000000E-01    3.2793869864E-04
    5.5500000000E-01    3.2792684390E-04
    5.5550000000E-01    3.2791498764E-04
    5.5600000000E-01    3.2790312879E-04
    5.5650000000E-01    3.2789125671E-04
    5.5700000000E-01    3.2787937119E-04
    5.5750000000E-01    3.2786748243E-04
    5.5800000000E-01    3.2785559109E-04
    5.5850000000E-01    3.2784368824E-04
    5.5900000000E-01    3.2783177540E-04
    5.5950000000E-01    3.2781985451E-04
    5.6000000000E-01    3.2780792795E-04
    5.6050000000E-01    3.2779598855E-04
    5.6100000000E-01    3.2778403956E-04
    5.6150000000E-01    3.2777207469E-04
    5.6200000000E-01    3.2776010807E-04
    5.6250000000E-01    3.2774813430E-04
    5.6300000000E-01    3.2773614838E-04
    5.6350000000E-01    3.2772415580E-04
    5.6400000000E-01    3.2771215247E-04
    5.6450000000E-01    3.2770014476E-04
    5.6500000000E-01    3.2768811947E-04
    5.6550000000E-01    3.2767608388E-04
    5.6600000000E-01    3.2766404569E-04
    5.6650000000E-01    3.2765199306E-04
    5.6700000000E-01    3.2763992463E-04
    5.6750000000E-01    3.2762784946E-04
    5.6800000000E-01    3.2761576708E-04
    5.6850000000E-01    3.2760367747E-04
    5.6900000000E-01    3.2759157110E-04
    5.6950000000E-01    3.2757945886E-04
    5.7000000000E-01    3.2756733212E-04
    5.7050000000E-01    3.2755519270E-04
    5.7100000000E-01    3.2754304291E-04
    5.7150000000E-01    3.2753088551E-04
    5.7200000000E-01    3.2751871371E-04
    5.7250000000E-01    3.2750652121E-04
    5.7300000000E-01    3.2749432218E-04
    5.7350000000E-01    3.2748211125E-04
    5.7400000000E-01    3.2746989352E-04
    5.7450000000E-01    3.2745766456E-04
    5.7500000000E-01    3.2744541045E-04
    5.7550000000E-01    3.2743315769E-04
    5.7600000000E-01    3.2742088330E-04
    5.7650000000E-01    3.2740860476E-04
    5.7700000000E-01    3.2739630004E-04
    5.7750000000E-01    3.2738399757E-04
    5.7800000000E-01    3.2737167630E-04
    5.7850000000E-01    3.2735933563E-04
    5.7900000000E-01    3.2734698545E-04
    5.7950000000E-01    3.2733462616E-04
    5.8000000000E-01    3.2732224862E-04
    5.8050000000E-01    3.2730985421E-04
    5.8100000000E-01    3.2729745476E-04
    5.8150000000E-01    3.2728503263E-04
    5.8200000000E-01    3.2727261065E-04
    5.8250000000E-01    3.2726016217E-04
    5.8300000000E-01    3.2724770101E-04
    5.8350000000E-01    3.2723523150E-04
    5.8400000000E-01    3.2722273846E-04
    5.8450000000E-01    3.2721023724E-04
    5.8500000000E-01    3.2719771367E-04
    5.8550000000E-01    3.2718518407E-04
    5.8600000000E-01    3.2717263529E-04
    5.8650000000E-01    3.2716006468E-04
    5.8700000000E-01    3.2714748010E-04
    5.8750000000E-01    3.2713487990E-04
    5.8800000000E-01    3.2712227298E-04
    5.8850000000E-01    3.2710963871E-04
    5.8900000000E-01    3.2709698701E-04
    5.8950000000E-01    3.2708432829E-04
    5.9000000000E-01    3.2707164349E-04
    5.9050000000E-01    3.2705894406E-04
    5.9100000000E-01    3.2704622199E-04
    5.9150000000E-01    3.2703348976E-04
    5.9200000000E-01    3.2702074040E-04
    5.9250000000E-01    3.2700796746E-04
    5.9300000000E-01    3.2699517500E-04
    5.9350000000E-01    3.2698236762E-04
    5.9400000000E-01    3.2696954045E-04
    5.9450000000E-01    3.2695668916E-04
    5.9500000000E-01    3.2694382993E-04
    5.9550000000E-01    3.2693094949E-04
    5.9600000000E-01    3.2691804510E-04
    5.9650000000E-01    3.2690512455E-04
    5.9700000000E-01    3.2689218619E-04
    5.9750000000E-01    3.2687922889E-04
    5.9800000000E-01    3.2686625207E-04
    5.9850000000E-01    3.2685326569E-04
    5.9900000000E-01    3.2684025026E-04
    5.9950000000E-01    3.2682721683E-04
    6.0000000000E-01    3.2681415700E-04
    6.0050000000E-01    3.2680108293E-04
    6.0100000000E-01    3.2678798732E-04
    6.0150000000E-01    3.2677487342E-04
    6.0200000000E-01    3.2676174505E-04
    6.0250000000E-01    3.2674858656E-04
    6.0300000000E-01    3.2673540290E-04
    6.0350000000E-01    3.2672220953E-04
    6.0400000000E-01    3.2670898251E-04
    6.0450000000E-01    3.2669574845E-04
    6.0500000000E-01    3.2668248451E-04
    6.0550000000E-01    3.2666919845E-04
    6.0600000000E-01    3.2665589855E-04
    6.0650000000E-01    3.2664256371E-04
    6.0700000000E-01    3.2662921337E-04
    6.0750000000E-01    3.2661584756E-04
    6.0800000000E-01    3.2660244686E-04
    6.0850000000E-01    3.2658903245E-04
    6.0900000000E-01    3.2657558608E-04
    6.0950000000E-01    3.2656212008E-04
    6.1000000000E-01    3.2654862736E-04
    6.1050000000E-01    3.2653512143E-04
    6.1100000000E-01    3.2652158635E-04
    6.1150000000E-01    3.2650802679E-04
    6.1200000000E-01    3.2649443802E-04
    6.1250000000E-01    3.2648083588E-04
    6.1300000000E-01    3.2646719680E-04
    6.1350000000E-01    3.2645354782E-04
    6.1400000000E-01    3.2643986656E-04
    6.1450000000E-01    3.2642615125E-04
    6.1500000000E-01    3.2641242072E-04
    6.1550000000E-01    3.2639865438E-04
    6.1600000000E-01    3.2638487227E-04
    6.1650000000E-01    3.2637105503E-04
    6.1700000000E-01    3.2635721388E-04
    6.1750000000E-01    3.2634335067E-04
    6.1800000000E-01    3.2632945787E-04
    6.1850000000E-01    3.2631553855E-04
    6.1900000000E-01    3.2630159638E-04
    6.1950000000E-01    3.2628762566E-04
    6.2000000000E-01    3.2627363132E-04
    6.2050000000E-01    3.2625959888E-04
    6.2100000000E-01    3.2624554451E-04
    6.2150000000E-01    3.2623146499E-04
    6.2200000000E-01    3.2621734771E-04
    6.2250000000E-01    3.2620321071E-04
    6.2300000000E-01    3.2618904266E-04
    6.2350000000E-01    3.2617484284E-04
    6.2400000000E-01    3.2616062119E-04
    6.2450000000E-01    3.2614635824E-04
    6.2500000000E-01    3.2613207522E-04
    6.2550000000E-01    3.2611776394E-04
    6.2600000000E-01    3.2610341688E-04
    6.2650000000E-01    3.2608904715E-04
    6.2700000000E-01    3.2607464853E-04
    6.2750000000E-01    3.2606021541E-04
    6.2800000000E-01    3.2604574286E-04
    6.2850000000E-01    3.2603124657E-04
    6.2900000000E-01    3.2601672290E-04
    6.2950000000E-01    3.2600215888E-04
    6.3000000000E-01    3.2598756215E-04
    6.3050000000E-01    3.2597294106E-04
    6.3100000000E-01    3.2595828459E-04
    6.3150000000E-01    3.2594360238E-04
    6.3200000000E-01    3.2592887476E-04
    6.3250000000E-01    3.2591412269E-04
    6.3300000000E-01    3.2589933783E-04
    6.3350000000E-01    3.2588452250E-04
    6.3400000000E-01    3.2586966969E-04
    6.3450000000E-01    3.2585478306E-04
    6.3500000000E-01    3.2583986695E-04
    6.3550000000E-01    3.2582491640E-04
    6.3600000000E-01    3.2580992709E-04
    6.3650000000E-01    3.2579490542E-04
    6.3700000000E-01    3.2577984845E-04
    6.3750000000E-01    3.2576476394E-04
    6.3800000000E-01    3.2574964034E-04
    6.3850000000E-01    3.2573448678E-04
    6.3900000000E-01    3.2571930311E-04
    6.3950000000E-01    3.2570407983E-04
    6.4000000000E-01    3.2568881819E-04
    6.4050000000E-01    3.2567352011E-04
    6.4100000000E-01    3.2565818821E-04
    6.4150000000E-01    3.2564281583E-04
    6.4200000000E-01    3.2562740700E-04
    6.4250000000E-01    3.2561196647E-04
    6.4300000000E-01    3.2559648971E-04
    6.4350000000E-01    3.2558097288E-04
    6.4400000000E-01    3.2556541287E-04
    6.4450000000E-01    3.2554982730E-04
    6.4500000000E-01    3.2553419447E-04
    6.4550000000E-01    3.2551853345E-04
    6.4600000000E-01    3.2550282400E-04
    6.4650000000E-01    3.2548708662E-04
    6.4700000000E-01    3.2547130254E-04
    6.4750000000E-01    3.2545548373E-04
    6.4800000000E-01    3.2543962286E-04
    6.4850000000E-01    3.2542372338E-04
    6.4900000000E-01    3.2540778946E-04
    6.4950000000E-01    3.2539180599E-04
    6.5000000000E-01    3.2537577863E-04
    6.5050000000E-01    3.2535972378E-04
    6.5100000000E-01    3.2534361858E-04
    6.5150000000E-01    3.2532748092E-04
    6.5200000000E-01    3.2531129945E-04
    6.5250000000E-01    3.2529507358E-04
    6.5300000000E-01    3.2527881346E-04
    6.5350000000E-01    3.2526250001E-04
    6.5400000000E-01    3.2524615491E-04
    6.5450000000E-01    3.2522976060E-04
    6.5500000000E-01    3.2521332029E-04
    6.5550000000E-01    3.2519684797E-04
    6.5600000000E-01    3.2518032839E-04
    6.5650000000E-01    3.2516375707E-04
    6.5700000000E-01    3.2514715031E-04
    6.5750000000E-01    3.2513050521E-04
    6.5800000000E-01    3.2511380961E-04
    6.5850000000E-01    3.2509707217E-04
    6.5900000000E-01    3.2508028232E-04
    6.5950000000E-01    3.2506345029E-04
    6.6000000000E-01    3.2504657709E-04
    6.6050000000E-01    3.2502965452E-04
    6.6100000000E-01    3.2501268520E-04
    6.6150000000E-01    3.2499567252E-04
    6.6200000000E-01    3.2497861070E-04
    6.6250000000E-01    3.2496150474E-04
    6.6300000000E-01    3.2494435047E-04
    6.6350000000E-01    3.2492714450E-04
    6.6400000000E-01    3.2490989428E-04
    6.6450000000E-01    3.2489259807E-04
    6.6500000000E-01    3.2487525492E-04
    6.6550000000E-01    3.2485785474E-04
    6.6600000000E-01    3.2484041824E-04
    6.6650000000E-01    3.2482291695E-04
    6.6700000000E-01    3.2480538324E-04
    6.6750000000E-01    3.2478779032E-04
    6.6800000000E-01    3.2477015220E-04
    6.6850000000E-01    3.2475246377E-04
    6.6900000000E-01    3.2473472072E-04
    6.6950000000E-01    3.2471692960E-04
    6.7000000000E-01    3.2469909780E-04
    6.7050000000E-01    3.2468120355E-04
    6.7100000000E-01    3.2466325596E-04
    6.7150000000E-01    3.2464525495E-04
    6.7200000000E-01    3.2462721132E-04
    6.7250000000E-01    3.2460910673E-04
    6.7300000000E-01    3.2459094368E-04
    6.7350000000E-01    3.2457273556E-04
    6.7400000000E-01    3.2455446660E-04
    6.7450000000E-01    3.2453614193E-04
    6.7500000000E-01    3.2451777752E-04
    6.7550000000E-01    3.2449935024E-04
    6.7600000000E-01    3.2448086782E-04
    6.7650000000E-01    3.2446232887E-04
    6.7700000000E-01    3.2444374291E-04
    6.7750000000E-01    3.2442510032E-04
    6.7800000000E-01    3.2440640237E-04
    6.7850000000E-01    3.2438764124E-04
    6.7900000000E-01    3.2436882998E-04
    6.7950000000E-01    3.2434996256E-04
    6.8000000000E-01    3.2433104385E-04
    6.8050000000E-01    3.2431205961E-04
    6.8100000000E-01    3.2429301651E-04
    6.8150000000E-01    3.2427392214E-04
    6.8200000000E-01    3.2425477500E-04
    6.8250000000E-01    3.2423556450E-04
    6.8300000000E-01    3.2421630096E-04
    6.8350000000E-01    3.2419696565E-04
    6.8400000000E-01    3.2417758074E-04
    6.8450000000E-01    3.2415813935E-04
    6.8500000000E-01    3.2413863550E-04
    6.8550000000E-01    3.2411907417E-04
    6.8600000000E-01    3.2409945127E-04
    6.8650000000E-01    3.2407976365E-04
    6.8700000000E-01    3.2406001910E-04
    6.8750000000E-01    3.2404020637E-04
    6.8800000000E-01    3.2402033514E-04
    6.8850000000E-01    3.2400040607E-04
    6.8900000000E-01    3.2398040074E-04
    6.8950000000E-01    3.2396034172E-04
    6.9000000000E-01    3.2394022253E-04
    6.9050000000E-01    3.2392003765E-04
    6.9100000000E-01    3.2389979255E-04
    6.9150000000E-01    3.2387947365E-04
    6.9200000000E-01    3.2385909836E-04
    6.9250000000E-01    3.2383865506E-04
    6.9300000000E-01    3.2381815311E-04
    6.9350000000E-01    3.2379757287E-04
    6.9400000000E-01    3.2377693567E-04
    6.9450000000E-01    3.2375623385E-04
    6.9500000000E-01    3.2373546074E-04
    6.9550000000E-01    3.2371462065E-04
    6.9600000000E-01    3.2369370892E-04
    6.9650000000E-01    3.2367273187E-04
    6.9700000000E-01    3.2365168686E-04
    6.9750000000E-01    3.2363058223E-04
    6.9800000000E-01    3.2360939735E-04
    6.9850000000E-01    3.2358815262E-04
    6.9900000000E-01    3.2356682944E-04
    6.9950000000E-01    3.2354544024E-04
    7.0000000000E-01    3.2352398851E-04
    7.0050000000E-01    3.2350245872E-04
    7.0100000000E-01    3.2348085643E-04
    7.0150000000E-01    3.2345918820E-04
    7.0200000000E-01    3.2343744166E-04
    7.0250000000E-01    3.2341562547E-04
    7.0300000000E-01    3.2339373934E-04
    7.0350000000E-01    3.2337178405E-04
    7.0400000000E-01    3.2334975142E-04
    7.0450000000E-01    3.2332764435E-04
    7.0500000000E-01    3.2330545679E-04
    7.0550000000E-01    3.2328320375E-04
    7.0600000000E-01    3.2326087135E-04
    7.0650000000E-01    3.2323846674E-04
    7.0700000000E-01    3.2321598818E-04
    7.0750000000E-01    3.2319342500E-04
    7.0800000000E-01    3.2317079763E-04
    7.0850000000E-01    3.2314808756E-04
    7.0900000000E-01    3.2312529742E-04
    7.0950000000E-01    3.2310243090E-04
    7.1000000000E-01    3.2307949281E-04
    7.1050000000E-01    3.2305646906E-04
    7.1100000000E-01    3.2303337667E-04
    7.1150000000E-01    3.2301019378E-04
    7.1200000000E-01    3.2298693964E-04
    7.1250000000E-01    3.2296360461E-04
    7.1300000000E-01    3.2294019021E-04
    7.1350000000E-01    3.2291668904E-04
    7.1400000000E-01    3.2289311488E-04
    7.1450000000E-01    3.2286945262E-04
    7.1500000000E-01    3.2284570829E-04
    7.1550000000E-01    3.2282188907E-04
    7.1600000000E-01    3.2279799329E-04
    7.1650000000E-01    3.2277401044E-04
    7.1700000000E-01    3.2274994116E-04
    7.1750000000E-01    3.2272579723E-04
    7.1800000000E-01    3.2270156162E-04
    7.1850000000E-01    3.2267724846E-04
    7.1900000000E-01    3.2265284307E-04
    7.1950000000E-01    3.2262836190E-04
    7.2000000000E-01    3.2260379264E-04
    7.2050000000E-01    3.2257913411E-04
    7.2100000000E-01    3.2255438637E-04
    7.2150000000E-01    3.2252955063E-04
    7.2200000000E-01    3.2250462932E-04
    7.2250000000E-01    3.2247962606E-04
    7.2300000000E-01    3.2245453570E-04
    7.2350000000E-01    3.2242934426E-04
    7.2400000000E-01    3.2240406902E-04
    7.2450000000E-01    3.2237870843E-04
    7.2500000000E-01    3.2235325221E-04
    7.2550000000E-01    3.2232771127E-04
    7.2600000000E-01    3.2230207777E-04
    7.2650000000E-01    3.2227635511E-04
    7.2700000000E-01    3.2225054790E-04
    7.2750000000E-01    3.2222464204E-04
    7.2800000000E-01    3.2219864463E-04
    7.2850000000E-01    3.2217255407E-04
    7.2900000000E-01    3.2214636999E-04
    7.2950000000E-01    3.2212009328E-04
    7.3000000000E-01    3.2209371610E-04
    7.3050000000E-01    3.2206725190E-04
    7.3100000000E-01    3.2204068538E-04
    7.3150000000E-01    3.2201402253E-04
    7.3200000000E-01    3.2198726063E-04
    7.3250000000E-01    3.2196040824E-04
    7.3300000000E-01    3.2193346522E-04
    7.3350000000E-01    3.2190641273E-04
    7.3400000000E-01    3.2187926321E-04
    7.3450000000E-01    3.2185201045E-04
    7.3500000000E-01    3.2182466951E-04
    7.3550000000E-01    3.2179721680E-04
    7.3600000000E-01    3.2176967002E-04
    7.3650000000E-01    3.2174201823E-04
    7.3700000000E-01    3.2171427179E-04
    7.3750000000E-01    3.2168641242E-04
    7.3800000000E-01    3.2165846317E-04
    7.3850000000E-01    3.2163040843E-04
    7.3900000000E-01    3.2160224394E-04
    7.3950000000E-01    3.2157398682E-04
    7.4000000000E-01    3.2154561552E-04
    7.4050000000E-01    3.2151714986E-04
    7.4100000000E-01    3.2148857104E-04
    7.4150000000E-01    3.2145988163E-04
    7.4200000000E-01    3.2143109559E-04
    7.4250000000E-01    3.2140219824E-04
    7.4300000000E-01    3.2137319631E-04
    7.4350000000E-01    3.2134407791E-04
    7.4400000000E-01    3.2131485257E-04
    7.4450000000E-01    3.2128553120E-04
    7.4500000000E-01    3.2125608615E-04
    7.4550000000E-01    3.2122654114E-04
    7.4600000000E-01    3.2119688136E-04
    7.4650000000E-01    3.2116711340E-04
    7.4700000000E-01    3.2113723527E-04
    7.4750000000E-01    3.2110724643E-04
    7.4800000000E-01    3.2107714779E-04
    7.4850000000E-01    3.2104693169E-04
    7.4900000000E-01    3.2101661191E-04
    7.4950000000E-01    3.2098617372E-04
    7.5000000000E-01    3.2095562383E-04
    7.5050000000E-01    3.2092496042E-04
    7.5100000000E-01    3.2089417313E-04
    7.5150000000E-01    3.2086327311E-04
    7.5200000000E-01    3.2083226297E-04
    7.5250000000E-01    3.2080113681E-04
    7.5300000000E-01    3.2076988023E-04
    7.5350000000E-01    3.2073852031E-04
    7.5400000000E-01    3.2070703568E-04
    7.5450000000E-01    3.2067542643E-04
    7.5500000000E-01    3.2064370420E-04
    7.5550000000E-01    3.2061186214E-04
    7.5600000000E-01    3.2057990492E-04
    7.5650000000E-01    3.2054781876E-04
    7.5700000000E-01    3.2051561140E-04
    7.5750000000E-01    3.2048328214E-04
    7.5800000000E-01    3.2045083182E-04
    7.5850000000E-01    3.2041825285E-04
    7.5900000000E-01    3.2038554917E-04
    7.5950000000E-01    3.2035271633E-04
    7.6000000000E-01    3.2031976142E-04
    7.6050000000E-01    3.2028668311E-04
    7.6100000000E-01    3.2025347168E-04
    7.6150000000E-01    3.2022013899E-04
    7.6200000000E-01    3.2018666847E-04
    7.6250000000E-01    3.2015307519E-04
    7.6300000000E-01    3.2011935581E-04
    7.6350000000E-01    3.2008550860E-04
    7.6400000000E-01    3.2005152347E-04
    7.6450000000E-01    3.2001741193E-04
    7.6500000000E-01    3.1998316714E-04
    7.6550000000E-01    3.1994878390E-04
    7.6600000000E-01    3.1991427865E-04
    7.6650000000E-01    3.1987962947E-04
    7.6700000000E-01    3.1984484612E-04
    7.6750000000E-01    3.1980993000E-04
    7.6800000000E-01    3.1977488420E-04
    7.6850000000E-01    3.1973969347E-04
    7.6900000000E-01    3.1970437424E-04
    7.6950000000E-01    3.1966890465E-04
    7.7000000000E-01    3.1963330451E-04
    7.7050000000E-01    3.1959756535E-04
    7.7100000000E-01    3.1956169040E-04
    7.7150000000E-01    3.1952566459E-04
    7.7200000000E-01    3.1948950460E-04
    7.7250000000E-01    3.1945320881E-04
    7.7300000000E-01    3.1941675735E-04
    7.7350000000E-01    3.1938017208E-04
    7.7400000000E-01    3.1934344662E-04
    7.7450000000E-01    3.1930657631E-04
    7.7500000000E-01    3.1926955830E-04
    7.7550000000E-01    3.1923239146E-04
    7.7600000000E-01    3.1919508647E-04
    7.7650000000E-01    3.1915763576E-04
    7.7700000000E-01    3.1912003356E-04
    7.7750000000E-01    3.1908228590E-04
    7.7800000000E-01    3.1904438059E-04
    7.7850000000E-01    3.1900633728E-04
    7.7900000000E-01    3.1896813740E-04
    7.7950000000E-01    3.1892978422E-04
    7.8000000000E-01    3.1889128283E-04
    7.8050000000E-01    3.1885263016E-04
    7.8100000000E-01    3.1881382498E-04
    7.8150000000E-01    3.1877486791E-04
    7.8200000000E-01    3.1873575142E-04
    7.8250000000E-01    3.1869647986E-04
    7.8300000000E-01    3.1865705943E-04
    7.8350000000E-01    3.1861746821E-04
    7.8400000000E-01    3.1857773618E-04
    7.8450000000E-01    3.1853783520E-04
    7.8500000000E-01    3.1849777903E-04
    7.8550000000E-01    3.1845756334E-04
    7.8600000000E-01    3.1841718571E-04
    7.8650000000E-01    3.1837664564E-04
    7.8700000000E-01    3.1833595458E-04
    7.8750000000E-01    3.1829508588E-04
    7.8800000000E-01    3.1825406486E-04
    7.8850000000E-01    3.1821286878E-04
    7.8900000000E-01    3.1817151686E-04
    7.8950000000E-01    3.1812999030E-04
    7.9000000000E-01    3.1808830225E-04
    7.9050000000E-01    3.1804643786E-04
    7.9100000000E-01    3.1800441426E-04
    7.9150000000E-01    3.1796223059E-04
    7.9200000000E-01    3.1791986797E-04
    7.9250000000E-01    3.1787733955E-04
    7.9300000000E-01    3.1783464051E-04
    7.9350000000E-01    3.1779176805E-04
    7.9400000000E-01    3.1774872138E-04
    7.9450000000E-01    3.1770550180E-04
    7.9500000000E-01    3.1766211262E-04
    7.9550000000E-01    3.1761854925E-04
    7.9600000000E-01    3.1757479913E-04
    7.9650000000E-01    3.1753088181E-04
    7.9700000000E-01    3.1748677891E-04
    7.9750000000E-01    3.1744250413E-04
    7.9800000000E-01    3.1739804328E-04
    7.9850000000E-01    3.1735340430E-04
    7.9900000000E-01    3.1730857722E-04
    7.9950000000E-01    3.1726357421E-04
    8.0000000000E-01    3.1721838957E-04
    8.0050000000E-01    3.1717301974E-04
    8.0100000000E-01    3.1712746332E-04
    8.0150000000E-01    3.1708172106E-04
    8.0200000000E-01    3.1703578588E-04
    8.0250000000E-01    3.1698967289E-04
    8.0300000000E-01    3.1694336936E-04
    8.0350000000E-01    3.1689687478E-04
    8.0400000000E-01    3.1685020084E-04
    8.0450000000E-01    3.1680333141E-04
    8.0500000000E-01    3.1675627263E-04
    8.0550000000E-01    3.1670902282E-04
    8.0600000000E-01    3.1666157258E-04
    8.0650000000E-01    3.1661393473E-04
    8.0700000000E-01    3.1656609435E-04
    8.0750000000E-01    3.1651806881E-04
    8.0800000000E-01    3.1646983771E-04
    8.0850000000E-01    3.1642141297E-04
    8.0900000000E-01    3.1637277878E-04
    8.0950000000E-01    3.1632396165E-04
    8.1000000000E-01    3.1627493039E-04
    8.1050000000E-01    3.1622570613E-04
    8.1100000000E-01    3.1617628233E-04
    8.1150000000E-01    3.1612664479E-04
    8.1200000000E-01    3.1607681166E-04
    8.1250000000E-01    3.1602677344E-04
    8.1300000000E-01    3.1597652300E-04
    8.1350000000E-01    3.1592607560E-04
    8.1400000000E-01    3.1587541887E-04
    8.1450000000E-01    3.1582454283E-04
    8.1500000000E-01    3.1577346994E-04
    8.1550000000E-01    3.1572217502E-04
    8.1600000000E-01    3.1567067538E-04
    8.1650000000E-01    3.1561897070E-04
    8.1700000000E-01    3.1556704316E-04
    8.1750000000E-01    3.1551490736E-04
    8.1800000000E-01    3.1546255037E-04
    8.1850000000E-01    3.1540998175E-04
    8.1900000000E-01    3.1535719353E-04
    8.1950000000E-01    3.1530419024E-04
    8.2000000000E-01    3.1525096892E-04
    8.2050000000E-01    3.1519751910E-04
    8.2100000000E-01    3.1514385288E-04
    8.2150000000E-01    3.1508996485E-04
    8.2200000000E-01    3.1503585218E-04
    8.2250000000E-01    3.1498151458E-04
    8.2300000000E-01    3.1492694432E-04
    8.2350000000E-01    3.1487215628E-04
    8.2400000000E-01    3.1481713788E-04
    8.2450000000E-01    3.1476188919E-04
    8.2500000000E-01    3.1470641285E-04
    8.2550000000E-01    3.1465070414E-04
    8.2600000000E-01    3.1459476096E-04
    8.2650000000E-01    3.1453858385E-04
    8.2700000000E-01    3.1448217604E-04
    8.2750000000E-01    3.1442552336E-04
    8.2800000000E-01    3.1436864437E-04
    8.2850000000E-01    3.1431152028E-04
    8.2900000000E-01    3.1425416503E-04
    8.2950000000E-01    3.1419655523E-04
    8.3000000000E-01    3.1413872023E-04
    8.3050000000E-01    3.1408063213E-04
    8.3100000000E-01    3.1402229572E-04
    8.3150000000E-01    3.1396371860E-04
    8.3200000000E-01    3.1390490109E-04
    8.3250000000E-01    3.1384582632E-04
    8.3300000000E-01    3.1378651019E-04
    8.3350000000E-01    3.1372694139E-04
    8.3400000000E-01    3.1366712144E-04
    8.3450000000E-01    3.1360705468E-04
    8.3500000000E-01    3.1354673828E-04
    8.3550000000E-01    3.1348616226E-04
    8.3600000000E-01    3.1342533949E-04
    8.3650000000E-01    3.1336425571E-04
    8.3700000000E-01    3.1330290956E-04
    8.3750000000E-01    3.1324131257E-04
    8.3800000000E-01    3.1317944915E-04
    8.3850000000E-01    3.1311732666E-04
    8.3900000000E-01    3.1305493537E-04
    8.3950000000E-01    3.1299228852E-04
    8.4000000000E-01    3.1292937228E-04
    8.4050000000E-01    3.1286618581E-04
    8.4100000000E-01    3.1280274122E-04
    8.4150000000E-01    3.1273902364E-04
    8.4200000000E-01    3.1267503121E-04
    8.4250000000E-01    3.1261076506E-04
    8.4300000000E-01    3.1254622938E-04
    8.4350000000E-01    3.1248142140E-04
    8.4400000000E-01    3.1241634139E-04
    8.4450000000E-01    3.1235097272E-04
    8.4500000000E-01    3.1228533180E-04
    8.4550000000E-01    3.1221941819E-04
    8.4600000000E-01    3.1215321452E-04
    8.4650000000E-01    3.1208673656E-04
    8.4700000000E-01    3.1201997321E-04
    8.4750000000E-01    3.1195291652E-04
    8.4800000000E-01    3.1188558172E-04
    8.4850000000E-01    3.1181796719E-04
    8.4900000000E-01    3.1175005452E-04
    8.4950000000E-01    3.1168184850E-04
    8.5000000000E-01    3.1161335713E-04
    8.5050000000E-01    3.1154457166E-04
    8.5100000000E-01    3.1147549656E-04
    8.5150000000E-01    3.1140611959E-04
    8.5200000000E-01    3.1133644175E-04
    8.5250000000E-01    3.1126646736E-04
    8.5300000000E-01    3.1119620401E-04
    8.5350000000E-01    3.1112563264E-04
    8.5400000000E-01    3.1105474751E-04
    8.5450000000E-01    3.1098357620E-04
    8.5500000000E-01    3.1091208967E-04
    8.5550000000E-01    3.1084029227E-04
    8.5600000000E-01    3.1076819171E-04
    8.5650000000E-01    3.1069578912E-04
    8.5700000000E-01    3.1062306904E-04
    8.5750000000E-01    3.1055003945E-04
    8.5800000000E-01    3.1047670177E-04
    8.5850000000E-01    3.1040304088E-04
    8.5900000000E-01    3.1032906516E-04
    8.5950000000E-01    3.1025477647E-04
    8.6000000000E-01    3.1018016016E-04
    8.6050000000E-01    3.1010523514E-04
    8.6100000000E-01    3.1002997382E-04
    8.6150000000E-01    3.0995440221E-04
    8.6200000000E-01    3.0987848984E-04
    8.6250000000E-01    3.0980225987E-04
    8.6300000000E-01    3.0972569904E-04
    8.6350000000E-01    3.0964880771E-04
    8.6400000000E-01    3.0957158987E-04
    8.6450000000E-01    3.0949403317E-04
    8.6500000000E-01    3.0941614892E-04
    8.6550000000E-01    3.0933791211E-04
    8.6600000000E-01    3.0925935142E-04
    8.6650000000E-01    3.0918043927E-04
    8.6700000000E-01    3.0910119178E-04
    8.6750000000E-01    3.0902159885E-04
    8.6800000000E-01    3.0894166411E-04
    8.6850000000E-01    3.0886137499E-04
    8.6900000000E-01    3.0878074272E-04
    8.6950000000E-01    3.0869975233E-04
    8.7000000000E-01    3.0861842269E-04
    8.7050000000E-01    3.0853672653E-04
    8.7100000000E-01    3.0845469042E-04
    8.7150000000E-01    3.0837229483E-04
    8.7200000000E-01    3.0828953413E-04
    8.7250000000E-01    3.0820642659E-04
    8.7300000000E-01    3.0812294444E-04
    8.7350000000E-01    3.0803910385E-04
    8.7400000000E-01    3.0795490496E-04
    8.7450000000E-01    3.0787033189E-04
    8.7500000000E-01    3.0778539279E-04
    8.7550000000E-01    3.0770007981E-04
    8.7600000000E-01    3.0761439915E-04
    8.7650000000E-01    3.0752834107E-04
    8.7700000000E-01    3.0744190991E-04
    8.7750000000E-01    3.0735510410E-04
    8.7800000000E-01    3.0726792621E-04
    8.7850000000E-01    3.0718036291E-04
    8.7900000000E-01    3.0709241504E-04
    8.7950000000E-01    3.0700407761E-04
    8.8000000000E-01    3.0691535982E-04
    8.8050000000E-01    3.0682625509E-04
    8.8100000000E-01    3.0673676104E-04
    8.8150000000E-01    3.0664687956E-04
    8.8200000000E-01    3.0655659680E-04
    8.8250000000E-01    3.0646592321E-04
    8.8300000000E-01    3.0637484352E-04
    8.8350000000E-01    3.0628336680E-04
    8.8400000000E-01    3.0619149647E-04
    8.8450000000E-01    3.0609921032E-04
    8.8500000000E-01    3.0600653049E-04
    8.8550000000E-01    3.0591344357E-04
    8.8600000000E-01    3.0581994054E-04
    8.8650000000E-01    3.0572602685E-04
    8.8700000000E-01    3.0563171240E-04
    8.8750000000E-01    3.0553697159E-04
    8.8800000000E-01    3.0544182331E-04
    8.8850000000E-01    3.0534625099E-04
    8.8900000000E-01    3.0525026261E-04
    8.8950000000E-01    3.0515384071E-04
    8.9000000000E-01    3.0505700243E-04
    8.9050000000E-01    3.0495973952E-04
    8.9100000000E-01    3.0486204835E-04
    8.9150000000E-01    3.0476391996E-04
    8.9200000000E-01    3.0466537006E-04
    8.9250000000E-01    3.0456637907E-04
    8.9300000000E-01    3.0446695211E-04
    8.9350000000E-01    3.0436708905E-04
    8.9400000000E-01    3.0426678452E-04
    8.9450000000E-01    3.0416603795E-04
    8.9500000000E-01    3.0406483356E-04
    8.9550000000E-01    3.0396319041E-04
    8.9600000000E-01    3.0386109241E-04
    8.9650000000E-01    3.0375854835E-04
    8.9700000000E-01    3.0365554191E-04
    8.9750000000E-01    3.0355208170E-04
    8.9800000000E-01    3.0344816127E-04
    8.9850000000E-01    3.0334377914E-04
    8.9900000000E-01    3.0323892881E-04
    8.9950000000E-01    3.0313361882E-04
    9.0000000000E-01    3.0302784271E-04
    9.0050000000E-01    3.0292158912E-04
    9.0100000000E-01    3.0281487175E-04
    9.0150000000E-01    3.0270767943E-04
    9.0200000000E-01    3.0260000609E-04
    9.0250000000E-01    3.0249185085E-04
    9.0300000000E-01    3.0238321801E-04
    9.0350000000E-01    3.0227409705E-04
    9.0400000000E-01    3.0216449272E-04
    9.0450000000E-01    3.0205439498E-04
    9.0500000000E-01    3.0194380912E-04
    9.0550000000E-01    3.0183272570E-04
    9.0600000000E-01    3.0172115062E-04
    9.0650000000E-01    3.0160906516E-04
    9.0700000000E-01    3.0149648594E-04
    9.0750000000E-01    3.0138340502E-04
    9.0800000000E-01    3.0126981990E-04
    9.0850000000E-01    3.0115572350E-04
    9.0900000000E-01    3.0104111426E-04
    9.0950000000E-01    3.0092598613E-04
    9.1000000000E-01    3.0081034859E-04
    9.1050000000E-01    3.0069419668E-04
    9.1100000000E-01    3.0057752104E-04
    9.1150000000E-01    3.0046031794E-04
    9.1200000000E-01    3.0034258926E-04
    9.1250000000E-01    3.0022433259E-04
    9.1300000000E-01    3.0010555121E-04
    9.1350000000E-01    2.9998622411E-04
    9.1400000000E-01    2.9986637607E-04
    9.1450000000E-01    2.9974597761E-04
    9.1500000000E-01    2.9962503511E-04
    9.1550000000E-01    2.9950355074E-04
    9.1600000000E-01    2.9938152257E-04
    9.1650000000E-01    2.9925894457E-04
    9.1700000000E-01    2.9913581661E-04
    9.1750000000E-01    2.9901212452E-04
    9.1800000000E-01    2.9888788014E-04
    9.1850000000E-01    2.9876307129E-04
    9.1900000000E-01    2.9863770184E-04
    9.1950000000E-01    2.9851176174E-04
    9.2000000000E-01    2.9838525702E-04
    9.2050000000E-01    2.9825817987E-04
    9.2100000000E-01    2.9813052862E-04
    9.2150000000E-01    2.9800228779E-04
    9.2200000000E-01    2.9787347813E-04
    9.2250000000E-01    2.9774408663E-04
    9.2300000000E-01    2.9761410657E-04
    9.2350000000E-01    2.9748352755E-04
    9.2400000000E-01    2.9735236551E-04
    9.2450000000E-01    2.9722061274E-04
    9.2500000000E-01    2.9708825797E-04
    9.2550000000E-01    2.9695529637E-04
    9.2600000000E-01    2.9682172954E-04
    9.2650000000E-01    2.9668756563E-04
    9.2700000000E-01    2.9655277930E-04
    9.2750000000E-01    2.9641739178E-04
    9.2800000000E-01    2.9628138090E-04
    9.2850000000E-01    2.9614475113E-04
    9.2900000000E-01    2.9600750359E-04
    9.2950000000E-01    2.9586962611E-04
    9.3000000000E-01    2.9573112325E-04
    9.3050000000E-01    2.9559197634E-04
    9.3100000000E-01    2.9545220350E-04
    9.3150000000E-01    2.9531179969E-04
    9.3200000000E-01    2.9517074674E-04
    9.3250000000E-01    2.9502904338E-04
    9.3300000000E-01    2.9488670526E-04
    9.3350000000E-01    2.9474370503E-04
    9.3400000000E-01    2.9460005233E-04
    9.3450000000E-01    2.9445574385E-04
    9.3500000000E-01    2.9431078335E-04
    9.3550000000E-01    2.9416514170E-04
    9.3600000000E-01    2.9401884693E-04
    9.3650000000E-01    2.9387187425E-04
    9.3700000000E-01    2.9372422608E-04
    9.3750000000E-01    2.9357590213E-04
    9.3800000000E-01    2.9342688937E-04
    9.3850000000E-01    2.9327720212E-04
    9.3900000000E-01    2.9312682206E-04
    9.3950000000E-01    2.9297574829E-04
    9.4000000000E-01    2.9282398733E-04
    9.4050000000E-01    2.9267152321E-04
    9.4100000000E-01    2.9251834746E-04
    9.4150000000E-01    2.9236447919E-04
    9.4200000000E-01    2.9220989508E-04
    9.4250000000E-01    2.9205459945E-04
    9.4300000000E-01    2.9189858433E-04
    9.4350000000E-01    2.9174184942E-04
    9.4400000000E-01    2.9158439220E-04
    9.4450000000E-01    2.9142620794E-04
    9.4500000000E-01    2.9126729973E-04
    9.4550000000E-01    2.9110764855E-04
    9.4600000000E-01    2.9094725330E-04
    9.4650000000E-01    2.9078612081E-04
    9.4700000000E-01    2.9062424594E-04
    9.4750000000E-01    2.9046161155E-04
    9.4800000000E-01    2.9029822862E-04
    9.4850000000E-01    2.9013408622E-04
    9.4900000000E-01    2.8996918160E-04
    9.4950000000E-01    2.8980351021E-04
    9.5000000000E-01    2.8963707575E-04
    9.5050000000E-01    2.8946986021E-04
    9.5100000000E-01    2.8930187393E-04
    9.5150000000E-01    2.8913309560E-04
    9.5200000000E-01    2.8896354234E-04
    9.5250000000E-01    2.8879318977E-04
    9.5300000000E-01    2.8862205196E-04
    9.5350000000E-01    2.8845011159E-04
    9.5400000000E-01    2.8827736991E-04
    9.5450000000E-01    2.8810382682E-04
    9.5500000000E-01    2.8792946091E-04
    9.5550000000E-01    2.8775428951E-04
    9.5600000000E-01    2.8757829873E-04
    9.5650000000E-01    2.8740148349E-04
    9.5700000000E-01    2.8722384763E-04
    9.5750000000E-01    2.8704537386E-04
    9.5800000000E-01    2.8686606388E-04
    9.5850000000E-01    2.8668590842E-04
    9.5900000000E-01    2.8650491725E-04
    9.5950000000E-01    2.8632307926E-04
    9.6000000000E-01    2.8614038251E-04
    9.6050000000E-01    2.8595682425E-04
    9.6100000000E-01    2.8577241101E-04
    9.6150000000E-01    2.8558712860E-04
    9.6200000000E-01    2.8540097221E-04
    9.6250000000E-01    2.8521393642E-04
    9.6300000000E-01    2.8502602529E-04
    9.6350000000E-01    2.8483723235E-04
    9.6400000000E-01    2.8464754072E-04
    9.6450000000E-01    2.8445696312E-04
    9.6500000000E-01    2.8426548193E-04
    9.6550000000E-01    2.8407309924E-04
    9.6600000000E-01    2.8387980690E-04
    9.6650000000E-01    2.8368560659E-04
    9.6700000000E-01    2.8349047987E-04
    9.6750000000E-01    2.8329443818E-04
    9.6800000000E-01    2.8309746299E-04
    9.6850000000E-01    2.8289955576E-04
    9.6900000000E-01    2.8270070806E-04
    9.6950000000E-01    2.8250092160E-04
    9.7000000000E-01    2.8230019826E-04
    9.7050000000E-01    2.8209851021E-04
    9.7100000000E-01    2.8189585988E-04
    9.7150000000E-01    2.8169226010E-04
    9.7200000000E-01    2.8148768410E-04
    9.7250000000E-01    2.8128213559E-04
    9.7300000000E-01    2.8107560882E-04
    9.7350000000E-01    2.8086810861E-04
    9.7400000000E-01    2.8065961045E-04
    9.7450000000E-01    2.8045012052E-04
    9.7500000000E-01    2.8023963578E-04
    9.7550000000E-01    2.8002814400E-04
    9.7600000000E-01    2.7981563384E-04
    9.7650000000E-01    2.7960212491E-04
    9.7700000000E-01    2.7938758781E-04
    9.7750000000E-01    2.7917202421E-04
    9.7800000000E-01    2.7895542691E-04
    9.7850000000E-01    2.7873779990E-04
    9.7900000000E-01    2.7851911840E-04
    9.7950000000E-01    2.7829939897E-04
    9.8000000000E-01    2.7807862951E-04
    9.8050000000E-01    2.7785678939E-04
    9.8100000000E-01    2.7763388946E-04
    9.8150000000E-01    2.7740992213E-04
    9.8200000000E-01    2.7718488146E-04
    9.8250000000E-01    2.7695875319E-04
    9.8300000000E-01    2.7673153482E-04
    9.8350000000E-01    2.7650322567E-04
    9.8400000000E-01    2.7627381697E-04
    9.8450000000E-01    2.7604330188E-04
    9.8500000000E-01    2.7581167561E-04
    9.8550000000E-01    2.7557892545E-04
    9.8600000000E-01    2.7534506084E-04
    9.8650000000E-01    2.7511006346E-04
    9.8700000000E-01    2.7487392730E-04
    9.8750000000E-01    2.7463665869E-04
    9.8800000000E-01    2.7439822641E-04
    9.8850000000E-01    2.7415865175E-04
    9.8900000000E-01    2.7391791856E-04
    9.8950000000E-01    2.7367601337E-04
    9.9000000000E-01    2.7343292540E-04
    9.9050000000E-01    2.7318866668E-04
    9.9100000000E-01    2.7294322209E-04
    9.9150000000E-01    2.7269658946E-04
    9.9200000000E-01    2.7244874963E-04
    9.9250000000E-01    2.7219970653E-04
    9.9300000000E-01    2.7194944725E-04
    9.9350000000E-01    2.7169798210E-04
    9.9400000000E-01    2.7144527473E-04
    9.9450000000E-01    2.7119134215E-04
    9.9500000000E-01    2.7093617486E-04
    9.9550000000E-01    2.7067975688E-04
    9.9600000000E-01    2.7042208587E-04
    9.9650000000E-01    2.7016315318E-04
    9.9700000000E-01    2.6990296393E-04
    9.9750000000E-01    2.6964148711E-04
    9.9800000000E-01    2.6937874564E-04
    9.9850000000E-01    2.6911470646E-04
    9.9900000000E-01    2.6884937061E-04
    9.9950000000E-01    2.6858273330E-04
    1.0000000000E+00    2.6831479403E-04
