    1.00000D-03    9.99998D-01
    2.00000D-03    9.99993D-01
    3.00000D-03    9.99985D-01
    4.00000D-03    9.99974D-01
    5.00000D-03    9.99959D-01
    6.00000D-03    9.99941D-01
    7.00000D-03    9.99919D-01
    8.00000D-03    9.99895D-01
    9.00000D-03    9.99867D-01
    1.00000D-02    9.99836D-01
    1.10000D-02    9.99801D-01
    1.20000D-02    9.99763D-01
    1.30000D-02    9.99722D-01
    1.40000D-02    9.99678D-01
    1.50000D-02    9.99630D-01
    1.60000D-02    9.99579D-01
    1.70000D-02    9.99525D-01
    1.80000D-02    9.99467D-01
    1.90000D-02    9.99406D-01
    2.00000D-02    9.99342D-01
    2.10000D-02    9.99275D-01
    2.20000D-02    9.99204D-01
    2.30000D-02    9.99130D-01
    2.40000D-02    9.99053D-01
    2.50000D-02    9.98972D-01
    2.60000D-02    9.98888D-01
    2.70000D-02    9.98801D-01
    2.80000D-02    9.98711D-01
    2.90000D-02    9.98617D-01
    3.00000D-02    9.98520D-01
    3.10000D-02    9.98420D-01
    3.20000D-02    9.98316D-01
    3.30000D-02    9.98210D-01
    3.40000D-02    9.98100D-01
    3.50000D-02    9.97986D-01
    3.60000D-02    9.97870D-01
    3.70000D-02    9.97750D-01
    3.80000D-02    9.97626D-01
    3.90000D-02    9.97500D-01
    4.00000D-02    9.97370D-01
    4.10000D-02    9.97237D-01
    4.20000D-02    9.97101D-01
    4.30000D-02    9.96961D-01
    4.40000D-02    9.96818D-01
    4.50000D-02    9.96672D-01
    4.60000D-02    9.96523D-01
    4.70000D-02    9.96370D-01
    4.80000D-02    9.96214D-01
    4.90000D-02    9.96055D-01
    5.00000D-02    9.95893D-01
    5.10000D-02    9.95727D-01
    5.20000D-02    9.95558D-01
    5.30000D-02    9.95386D-01
    5.40000D-02    9.95210D-01
    5.50000D-02    9.95031D-01
    5.60000D-02    9.94849D-01
    5.70000D-02    9.94664D-01
    5.80000D-02    9.94476D-01
    5.90000D-02    9.94284D-01
    6.00000D-02    9.94089D-01
    6.10000D-02    9.93890D-01
    6.20000D-02    9.93689D-01
    6.30000D-02    9.93484D-01
    6.40000D-02    9.93276D-01
    6.50000D-02    9.93065D-01
    6.60000D-02    9.92850D-01
    6.70000D-02    9.92632D-01
    6.80000D-02    9.92411D-01
    6.90000D-02    9.92187D-01
    7.00000D-02    9.91959D-01
    7.10000D-02    9.91728D-01
    7.20000D-02    9.91494D-01
    7.30000D-02    9.91257D-01
    7.40000D-02    9.91017D-01
    7.50000D-02    9.90773D-01
    7.60000D-02    9.90526D-01
    7.70000D-02    9.90276D-01
    7.80000D-02    9.90022D-01
    7.90000D-02    9.89766D-01
    8.00000D-02    9.89506D-01
    8.10000D-02    9.89242D-01
    8.20000D-02    9.88976D-01
    8.30000D-02    9.88707D-01
    8.40000D-02    9.88434D-01
    8.50000D-02    9.88158D-01
    8.60000D-02    9.87878D-01
    8.70000D-02    9.87596D-01
    8.80000D-02    9.87310D-01
    8.90000D-02    9.87021D-01
    9.00000D-02    9.86729D-01
    9.10000D-02    9.86434D-01
    9.20000D-02    9.86135D-01
    9.30000D-02    9.85834D-01
    9.40000D-02    9.85529D-01
    9.50000D-02    9.85220D-01
    9.60000D-02    9.84909D-01
    9.70000D-02    9.84595D-01
    9.80000D-02    9.84277D-01
    9.90000D-02    9.83956D-01
    1.00000D-01    9.83632D-01
    1.01000D-01    9.83304D-01
    1.02000D-01    9.82974D-01
    1.03000D-01    9.82640D-01
    1.04000D-01    9.82303D-01
    1.05000D-01    9.81963D-01
    1.06000D-01    9.81620D-01
    1.07000D-01    9.81273D-01
    1.08000D-01    9.80924D-01
    1.09000D-01    9.80571D-01
    1.10000D-01    9.80215D-01
    1.11000D-01    9.79856D-01
    1.12000D-01    9.79493D-01
    1.13000D-01    9.79128D-01
    1.14000D-01    9.78759D-01
    1.15000D-01    9.78387D-01
    1.16000D-01    9.78012D-01
    1.17000D-01    9.77634D-01
    1.18000D-01    9.77253D-01
    1.19000D-01    9.76868D-01
    1.20000D-01    9.76481D-01
    1.21000D-01    9.76090D-01
    1.22000D-01    9.75696D-01
    1.23000D-01    9.75299D-01
    1.24000D-01    9.74899D-01
    1.25000D-01    9.74495D-01
    1.26000D-01    9.74089D-01
    1.27000D-01    9.73679D-01
    1.28000D-01    9.73266D-01
    1.29000D-01    9.72851D-01
    1.30000D-01    9.72432D-01
    1.31000D-01    9.72009D-01
    1.32000D-01    9.71584D-01
    1.33000D-01    9.71156D-01
    1.34000D-01    9.70724D-01
    1.35000D-01    9.70290D-01
    1.36000D-01    9.69852D-01
    1.37000D-01    9.69411D-01
    1.38000D-01    9.68967D-01
    1.39000D-01    9.68520D-01
    1.40000D-01    9.68070D-01
    1.41000D-01    9.67616D-01
    1.42000D-01    9.67160D-01
    1.43000D-01    9.66701D-01
    1.44000D-01    9.66238D-01
    1.45000D-01    9.65772D-01
    1.46000D-01    9.65304D-01
    1.47000D-01    9.64832D-01
    1.48000D-01    9.64357D-01
    1.49000D-01    9.63879D-01
    1.50000D-01    9.63398D-01
    1.51000D-01    9.62914D-01
    1.52000D-01    9.62426D-01
    1.53000D-01    9.61936D-01
    1.54000D-01    9.61443D-01
    1.55000D-01    9.60946D-01
    1.56000D-01    9.60447D-01
    1.57000D-01    9.59944D-01
    1.58000D-01    9.59439D-01
    1.59000D-01    9.58930D-01
    1.60000D-01    9.58418D-01
    1.61000D-01    9.57904D-01
    1.62000D-01    9.57386D-01
    1.63000D-01    9.56865D-01
    1.64000D-01    9.56341D-01
    1.65000D-01    9.55814D-01
    1.66000D-01    9.55285D-01
    1.67000D-01    9.54752D-01
    1.68000D-01    9.54216D-01
    1.69000D-01    9.53677D-01
    1.70000D-01    9.53135D-01
    1.71000D-01    9.52590D-01
    1.72000D-01    9.52042D-01
    1.73000D-01    9.51491D-01
    1.74000D-01    9.50937D-01
    1.75000D-01    9.50380D-01
    1.76000D-01    9.49820D-01
    1.77000D-01    9.49257D-01
    1.78000D-01    9.48691D-01
    1.79000D-01    9.48122D-01
    1.80000D-01    9.47550D-01
    1.81000D-01    9.46975D-01
    1.82000D-01    9.46397D-01
    1.83000D-01    9.45816D-01
    1.84000D-01    9.45232D-01
    1.85000D-01    9.44645D-01
    1.86000D-01    9.44056D-01
    1.87000D-01    9.43463D-01
    1.88000D-01    9.42867D-01
    1.89000D-01    9.42268D-01
    1.90000D-01    9.41667D-01
    1.91000D-01    9.41062D-01
    1.92000D-01    9.40455D-01
    1.93000D-01    9.39844D-01
    1.94000D-01    9.39231D-01
    1.95000D-01    9.38615D-01
    1.96000D-01    9.37995D-01
    1.97000D-01    9.37373D-01
    1.98000D-01    9.36748D-01
    1.99000D-01    9.36120D-01
    2.00000D-01    9.35489D-01
    2.01000D-01    9.34855D-01
    2.02000D-01    9.34219D-01
    2.03000D-01    9.33579D-01
    2.04000D-01    9.32937D-01
    2.05000D-01    9.32291D-01
    2.06000D-01    9.31643D-01
    2.07000D-01    9.30992D-01
    2.08000D-01    9.30338D-01
    2.09000D-01    9.29681D-01
    2.10000D-01    9.29021D-01
    2.11000D-01    9.28358D-01
    2.12000D-01    9.27693D-01
    2.13000D-01    9.27024D-01
    2.14000D-01    9.26353D-01
    2.15000D-01    9.25679D-01
    2.16000D-01    9.25002D-01
    2.17000D-01    9.24322D-01
    2.18000D-01    9.23639D-01
    2.19000D-01    9.22954D-01
    2.20000D-01    9.22265D-01
    2.21000D-01    9.21574D-01
    2.22000D-01    9.20880D-01
    2.23000D-01    9.20183D-01
    2.24000D-01    9.19484D-01
    2.25000D-01    9.18781D-01
    2.26000D-01    9.18076D-01
    2.27000D-01    9.17368D-01
    2.28000D-01    9.16657D-01
    2.29000D-01    9.15943D-01
    2.30000D-01    9.15227D-01
    2.31000D-01    9.14507D-01
    2.32000D-01    9.13785D-01
    2.33000D-01    9.13060D-01
    2.34000D-01    9.12333D-01
    2.35000D-01    9.11602D-01
    2.36000D-01    9.10869D-01
    2.37000D-01    9.10133D-01
    2.38000D-01    9.09394D-01
    2.39000D-01    9.08653D-01
    2.40000D-01    9.07909D-01
    2.41000D-01    9.07162D-01
    2.42000D-01    9.06412D-01
    2.43000D-01    9.05660D-01
    2.44000D-01    9.04905D-01
    2.45000D-01    9.04147D-01
    2.46000D-01    9.03386D-01
    2.47000D-01    9.02623D-01
    2.48000D-01    9.01857D-01
    2.49000D-01    9.01088D-01
    2.50000D-01    9.00316D-01
    2.51000D-01    8.99542D-01
    2.52000D-01    8.98765D-01
    2.53000D-01    8.97986D-01
    2.54000D-01    8.97203D-01
    2.55000D-01    8.96418D-01
    2.56000D-01    8.95631D-01
    2.57000D-01    8.94840D-01
    2.58000D-01    8.94048D-01
    2.59000D-01    8.93252D-01
    2.60000D-01    8.92454D-01
    2.61000D-01    8.91653D-01
    2.62000D-01    8.90849D-01
    2.63000D-01    8.90043D-01
    2.64000D-01    8.89234D-01
    2.65000D-01    8.88422D-01
    2.66000D-01    8.87608D-01
    2.67000D-01    8.86791D-01
    2.68000D-01    8.85972D-01
    2.69000D-01    8.85150D-01
    2.70000D-01    8.84325D-01
    2.71000D-01    8.83498D-01
    2.72000D-01    8.82668D-01
    2.73000D-01    8.81835D-01
    2.74000D-01    8.81000D-01
    2.75000D-01    8.80163D-01
    2.76000D-01    8.79322D-01
    2.77000D-01    8.78480D-01
    2.78000D-01    8.77634D-01
    2.79000D-01    8.76786D-01
    2.80000D-01    8.75936D-01
    2.81000D-01    8.75083D-01
    2.82000D-01    8.74227D-01
    2.83000D-01    8.73369D-01
    2.84000D-01    8.72508D-01
    2.85000D-01    8.71645D-01
    2.86000D-01    8.70779D-01
    2.87000D-01    8.69910D-01
    2.88000D-01    8.69040D-01
    2.89000D-01    8.68166D-01
    2.90000D-01    8.67290D-01
    2.91000D-01    8.66412D-01
    2.92000D-01    8.65531D-01
    2.93000D-01    8.64647D-01
    2.94000D-01    8.63761D-01
    2.95000D-01    8.62873D-01
    2.96000D-01    8.61982D-01
    2.97000D-01    8.61089D-01
    2.98000D-01    8.60193D-01
    2.99000D-01    8.59294D-01
    3.00000D-01    8.58394D-01
    3.01000D-01    8.57490D-01
    3.02000D-01    8.56585D-01
    3.03000D-01    8.55677D-01
    3.04000D-01    8.54766D-01
    3.05000D-01    8.53853D-01
    3.06000D-01    8.52937D-01
    3.07000D-01    8.52020D-01
    3.08000D-01    8.51099D-01
    3.09000D-01    8.50177D-01
    3.10000D-01    8.49251D-01
    3.11000D-01    8.48324D-01
    3.12000D-01    8.47394D-01
    3.13000D-01    8.46462D-01
    3.14000D-01    8.45527D-01
    3.15000D-01    8.44590D-01
    3.16000D-01    8.43650D-01
    3.17000D-01    8.42708D-01
    3.18000D-01    8.41764D-01
    3.19000D-01    8.40817D-01
    3.20000D-01    8.39869D-01
    3.21000D-01    8.38917D-01
    3.22000D-01    8.37964D-01
    3.23000D-01    8.37008D-01
    3.24000D-01    8.36049D-01
    3.25000D-01    8.35089D-01
    3.26000D-01    8.34126D-01
    3.27000D-01    8.33160D-01
    3.28000D-01    8.32193D-01
    3.29000D-01    8.31223D-01
    3.30000D-01    8.30251D-01
    3.31000D-01    8.29276D-01
    3.32000D-01    8.28299D-01
    3.33000D-01    8.27320D-01
    3.34000D-01    8.26339D-01
    3.35000D-01    8.25355D-01
    3.36000D-01    8.24369D-01
    3.37000D-01    8.23381D-01
    3.38000D-01    8.22391D-01
    3.39000D-01    8.21398D-01
    3.40000D-01    8.20403D-01
    3.41000D-01    8.19406D-01
    3.42000D-01    8.18407D-01
    3.43000D-01    8.17405D-01
    3.44000D-01    8.16401D-01
    3.45000D-01    8.15395D-01
    3.46000D-01    8.14387D-01
    3.47000D-01    8.13376D-01
    3.48000D-01    8.12364D-01
    3.49000D-01    8.11349D-01
    3.50000D-01    8.10332D-01
    3.51000D-01    8.09313D-01
    3.52000D-01    8.08291D-01
    3.53000D-01    8.07268D-01
    3.54000D-01    8.06242D-01
    3.55000D-01    8.05214D-01
    3.56000D-01    8.04184D-01
    3.57000D-01    8.03152D-01
    3.58000D-01    8.02118D-01
    3.59000D-01    8.01081D-01
    3.60000D-01    8.00043D-01
    3.61000D-01    7.99002D-01
    3.62000D-01    7.97959D-01
    3.63000D-01    7.96914D-01
    3.64000D-01    7.95867D-01
    3.65000D-01    7.94818D-01
    3.66000D-01    7.93767D-01
    3.67000D-01    7.92714D-01
    3.68000D-01    7.91658D-01
    3.69000D-01    7.90601D-01
    3.70000D-01    7.89542D-01
    3.71000D-01    7.88480D-01
    3.72000D-01    7.87416D-01
    3.73000D-01    7.86351D-01
    3.74000D-01    7.85283D-01
    3.75000D-01    7.84213D-01
    3.76000D-01    7.83142D-01
    3.77000D-01    7.82068D-01
    3.78000D-01    7.80992D-01
    3.79000D-01    7.79914D-01
    3.80000D-01    7.78834D-01
    3.81000D-01    7.77753D-01
    3.82000D-01    7.76669D-01
    3.83000D-01    7.75583D-01
    3.84000D-01    7.74495D-01
    3.85000D-01    7.73405D-01
    3.86000D-01    7.72314D-01
    3.87000D-01    7.71220D-01
    3.88000D-01    7.70124D-01
    3.89000D-01    7.69027D-01
    3.90000D-01    7.67927D-01
    3.91000D-01    7.66826D-01
    3.92000D-01    7.65722D-01
    3.93000D-01    7.64617D-01
    3.94000D-01    7.63510D-01
    3.95000D-01    7.62401D-01
    3.96000D-01    7.61290D-01
    3.97000D-01    7.60177D-01
    3.98000D-01    7.59062D-01
    3.99000D-01    7.57945D-01
    4.00000D-01    7.56827D-01
    4.01000D-01    7.55706D-01
    4.02000D-01    7.54584D-01
    4.03000D-01    7.53460D-01
    4.04000D-01    7.52334D-01
    4.05000D-01    7.51206D-01
    4.06000D-01    7.50076D-01
    4.07000D-01    7.48945D-01
    4.08000D-01    7.47811D-01
    4.09000D-01    7.46676D-01
    4.10000D-01    7.45539D-01
    4.11000D-01    7.44400D-01
    4.12000D-01    7.43260D-01
    4.13000D-01    7.42117D-01
    4.14000D-01    7.40973D-01
    4.15000D-01    7.39827D-01
    4.16000D-01    7.38679D-01
    4.17000D-01    7.37530D-01
    4.18000D-01    7.36378D-01
    4.19000D-01    7.35225D-01
    4.20000D-01    7.34070D-01
    4.21000D-01    7.32914D-01
    4.22000D-01    7.31756D-01
    4.23000D-01    7.30596D-01
    4.24000D-01    7.29434D-01
    4.25000D-01    7.28270D-01
    4.26000D-01    7.27105D-01
    4.27000D-01    7.25938D-01
    4.28000D-01    7.24770D-01
    4.29000D-01    7.23600D-01
    4.30000D-01    7.22428D-01
    4.31000D-01    7.21254D-01
    4.32000D-01    7.20079D-01
    4.33000D-01    7.18902D-01
    4.34000D-01    7.17723D-01
    4.35000D-01    7.16543D-01
    4.36000D-01    7.15361D-01
    4.37000D-01    7.14178D-01
    4.38000D-01    7.12993D-01
    4.39000D-01    7.11806D-01
    4.40000D-01    7.10618D-01
    4.41000D-01    7.09428D-01
    4.42000D-01    7.08236D-01
    4.43000D-01    7.07043D-01
    4.44000D-01    7.05848D-01
    4.45000D-01    7.04652D-01
    4.46000D-01    7.03454D-01
    4.47000D-01    7.02254D-01
    4.48000D-01    7.01053D-01
    4.49000D-01    6.99851D-01
    4.50000D-01    6.98647D-01
    4.51000D-01    6.97441D-01
    4.52000D-01    6.96234D-01
    4.53000D-01    6.95025D-01
    4.54000D-01    6.93815D-01
    4.55000D-01    6.92603D-01
    4.56000D-01    6.91390D-01
    4.57000D-01    6.90175D-01
    4.58000D-01    6.88959D-01
    4.59000D-01    6.87741D-01
    4.60000D-01    6.86522D-01
    4.61000D-01    6.85301D-01
    4.62000D-01    6.84079D-01
    4.63000D-01    6.82855D-01
    4.64000D-01    6.81630D-01
    4.65000D-01    6.80403D-01
    4.66000D-01    6.79175D-01
    4.67000D-01    6.77946D-01
    4.68000D-01    6.76715D-01
    4.69000D-01    6.75483D-01
    4.70000D-01    6.74249D-01
    4.71000D-01    6.73014D-01
    4.72000D-01    6.71778D-01
    4.73000D-01    6.70540D-01
    4.74000D-01    6.69301D-01
    4.75000D-01    6.68060D-01
    4.76000D-01    6.66818D-01
    4.77000D-01    6.65575D-01
    4.78000D-01    6.64330D-01
    4.79000D-01    6.63084D-01
    4.80000D-01    6.61837D-01
    4.81000D-01    6.60588D-01
    4.82000D-01    6.59338D-01
    4.83000D-01    6.58087D-01
    4.84000D-01    6.56834D-01
    4.85000D-01    6.55580D-01
    4.86000D-01    6.54325D-01
    4.87000D-01    6.53069D-01
    4.88000D-01    6.51811D-01
    4.89000D-01    6.50552D-01
    4.90000D-01    6.49291D-01
    4.91000D-01    6.48030D-01
    4.92000D-01    6.46767D-01
    4.93000D-01    6.45503D-01
    4.94000D-01    6.44238D-01
    4.95000D-01    6.42971D-01
    4.96000D-01    6.41703D-01
    4.97000D-01    6.40434D-01
    4.98000D-01    6.39164D-01
    4.99000D-01    6.37892D-01
    5.00000D-01    6.36620D-01
    5.01000D-01    6.35346D-01
    5.02000D-01    6.34071D-01
    5.03000D-01    6.32795D-01
    5.04000D-01    6.31517D-01
    5.05000D-01    6.30239D-01
    5.06000D-01    6.28959D-01
    5.07000D-01    6.27678D-01
    5.08000D-01    6.26396D-01
    5.09000D-01    6.25113D-01
    5.10000D-01    6.23829D-01
    5.11000D-01    6.22544D-01
    5.12000D-01    6.21257D-01
    5.13000D-01    6.19970D-01
    5.14000D-01    6.18681D-01
    5.15000D-01    6.17391D-01
    5.16000D-01    6.16100D-01
    5.17000D-01    6.14809D-01
    5.18000D-01    6.13516D-01
    5.19000D-01    6.12222D-01
    5.20000D-01    6.10926D-01
    5.21000D-01    6.09630D-01
    5.22000D-01    6.08333D-01
    5.23000D-01    6.07035D-01
    5.24000D-01    6.05736D-01
    5.25000D-01    6.04436D-01
    5.26000D-01    6.03134D-01
    5.27000D-01    6.01832D-01
    5.28000D-01    6.00529D-01
    5.29000D-01    5.99224D-01
    5.30000D-01    5.97919D-01
    5.31000D-01    5.96613D-01
    5.32000D-01    5.95306D-01
    5.33000D-01    5.93998D-01
    5.34000D-01    5.92689D-01
    5.35000D-01    5.91379D-01
    5.36000D-01    5.90068D-01
    5.37000D-01    5.88756D-01
    5.38000D-01    5.87443D-01
    5.39000D-01    5.86129D-01
    5.40000D-01    5.84815D-01
    5.41000D-01    5.83499D-01
    5.42000D-01    5.82183D-01
    5.43000D-01    5.80865D-01
    5.44000D-01    5.79547D-01
    5.45000D-01    5.78228D-01
    5.46000D-01    5.76908D-01
    5.47000D-01    5.75587D-01
    5.48000D-01    5.74266D-01
    5.49000D-01    5.72943D-01
    5.50000D-01    5.71620D-01
    5.51000D-01    5.70296D-01
    5.52000D-01    5.68971D-01
    5.53000D-01    5.67645D-01
    5.54000D-01    5.66318D-01
    5.55000D-01    5.64991D-01
    5.56000D-01    5.63663D-01
    5.57000D-01    5.62334D-01
    5.58000D-01    5.61004D-01
    5.59000D-01    5.59674D-01
    5.60000D-01    5.58342D-01
    5.61000D-01    5.57010D-01
    5.62000D-01    5.55678D-01
    5.63000D-01    5.54344D-01
    5.64000D-01    5.53010D-01
    5.65000D-01    5.51675D-01
    5.66000D-01    5.50339D-01
    5.67000D-01    5.49003D-01
    5.68000D-01    5.47666D-01
    5.69000D-01    5.46328D-01
    5.70000D-01    5.44989D-01
    5.71000D-01    5.43650D-01
    5.72000D-01    5.42310D-01
    5.73000D-01    5.40970D-01
    5.74000D-01    5.39629D-01
    5.75000D-01    5.38287D-01
    5.76000D-01    5.36944D-01
    5.77000D-01    5.35601D-01
    5.78000D-01    5.34258D-01
    5.79000D-01    5.32913D-01
    5.80000D-01    5.31568D-01
    5.81000D-01    5.30223D-01
    5.82000D-01    5.28877D-01
    5.83000D-01    5.27530D-01
    5.84000D-01    5.26182D-01
    5.85000D-01    5.24834D-01
    5.86000D-01    5.23486D-01
    5.87000D-01    5.22137D-01
    5.88000D-01    5.20787D-01
    5.89000D-01    5.19437D-01
    5.90000D-01    5.18086D-01
    5.91000D-01    5.16735D-01
    5.92000D-01    5.15383D-01
    5.93000D-01    5.14031D-01
    5.94000D-01    5.12678D-01
    5.95000D-01    5.11325D-01
    5.96000D-01    5.09971D-01
    5.97000D-01    5.08617D-01
    5.98000D-01    5.07262D-01
    5.99000D-01    5.05907D-01
    6.00000D-01    5.04551D-01
    6.01000D-01    5.03195D-01
    6.02000D-01    5.01838D-01
    6.03000D-01    5.00481D-01
    6.04000D-01    4.99124D-01
    6.05000D-01    4.97766D-01
    6.06000D-01    4.96407D-01
    6.07000D-01    4.95049D-01
    6.08000D-01    4.93689D-01
    6.09000D-01    4.92330D-01
    6.10000D-01    4.90970D-01
    6.11000D-01    4.89610D-01
    6.12000D-01    4.88249D-01
    6.13000D-01    4.86888D-01
    6.14000D-01    4.85526D-01
    6.15000D-01    4.84164D-01
    6.16000D-01    4.82802D-01
    6.17000D-01    4.81440D-01
    6.18000D-01    4.80077D-01
    6.19000D-01    4.78714D-01
    6.20000D-01    4.77350D-01
    6.21000D-01    4.75986D-01
    6.22000D-01    4.74622D-01
    6.23000D-01    4.73258D-01
    6.24000D-01    4.71893D-01
    6.25000D-01    4.70528D-01
    6.26000D-01    4.69163D-01
    6.27000D-01    4.67797D-01
    6.28000D-01    4.66431D-01
    6.29000D-01    4.65065D-01
    6.30000D-01    4.63699D-01
    6.31000D-01    4.62332D-01
    6.32000D-01    4.60966D-01
    6.33000D-01    4.59599D-01
    6.34000D-01    4.58231D-01
    6.35000D-01    4.56864D-01
    6.36000D-01    4.55496D-01
    6.37000D-01    4.54129D-01
    6.38000D-01    4.52761D-01
    6.39000D-01    4.51392D-01
    6.40000D-01    4.50024D-01
    6.41000D-01    4.48656D-01
    6.42000D-01    4.47287D-01
    6.43000D-01    4.45918D-01
    6.44000D-01    4.44549D-01
    6.45000D-01    4.43180D-01
    6.46000D-01    4.41811D-01
    6.47000D-01    4.40441D-01
    6.48000D-01    4.39072D-01
    6.49000D-01    4.37702D-01
    6.50000D-01    4.36333D-01
    6.51000D-01    4.34963D-01
    6.52000D-01    4.33593D-01
    6.53000D-01    4.32223D-01
    6.54000D-01    4.30853D-01
    6.55000D-01    4.29483D-01
    6.56000D-01    4.28113D-01
    6.57000D-01    4.26743D-01
    6.58000D-01    4.25372D-01
    6.59000D-01    4.24002D-01
    6.60000D-01    4.22632D-01
    6.61000D-01    4.21262D-01
    6.62000D-01    4.19891D-01
    6.63000D-01    4.18521D-01
    6.64000D-01    4.17151D-01
    6.65000D-01    4.15780D-01
    6.66000D-01    4.14410D-01
    6.67000D-01    4.13040D-01
    6.68000D-01    4.11670D-01
    6.69000D-01    4.10300D-01
    6.70000D-01    4.08929D-01
    6.71000D-01    4.07559D-01
    6.72000D-01    4.06189D-01
    6.73000D-01    4.04819D-01
    6.74000D-01    4.03449D-01
    6.75000D-01    4.02080D-01
    6.76000D-01    4.00710D-01
    6.77000D-01    3.99340D-01
    6.78000D-01    3.97971D-01
    6.79000D-01    3.96602D-01
    6.80000D-01    3.95232D-01
    6.81000D-01    3.93863D-01
    6.82000D-01    3.92494D-01
    6.83000D-01    3.91125D-01
    6.84000D-01    3.89757D-01
    6.85000D-01    3.88388D-01
    6.86000D-01    3.87020D-01
    6.87000D-01    3.85651D-01
    6.88000D-01    3.84283D-01
    6.89000D-01    3.82915D-01
    6.90000D-01    3.81548D-01
    6.91000D-01    3.80180D-01
    6.92000D-01    3.78813D-01
    6.93000D-01    3.77446D-01
    6.94000D-01    3.76079D-01
    6.95000D-01    3.74712D-01
    6.96000D-01    3.73346D-01
    6.97000D-01    3.71980D-01
    6.98000D-01    3.70614D-01
    6.99000D-01    3.69248D-01
    7.00000D-01    3.67883D-01
    7.01000D-01    3.66518D-01
    7.02000D-01    3.65153D-01
    7.03000D-01    3.63789D-01
    7.04000D-01    3.62424D-01
    7.05000D-01    3.61060D-01
    7.06000D-01    3.59697D-01
    7.07000D-01    3.58333D-01
    7.08000D-01    3.56970D-01
    7.09000D-01    3.55608D-01
    7.10000D-01    3.54245D-01
    7.11000D-01    3.52883D-01
    7.12000D-01    3.51522D-01
    7.13000D-01    3.50160D-01
    7.14000D-01    3.48799D-01
    7.15000D-01    3.47439D-01
    7.16000D-01    3.46079D-01
    7.17000D-01    3.44719D-01
    7.18000D-01    3.43359D-01
    7.19000D-01    3.42000D-01
    7.20000D-01    3.40642D-01
    7.21000D-01    3.39283D-01
    7.22000D-01    3.37926D-01
    7.23000D-01    3.36568D-01
    7.24000D-01    3.35211D-01
    7.25000D-01    3.33855D-01
    7.26000D-01    3.32499D-01
    7.27000D-01    3.31143D-01
    7.28000D-01    3.29788D-01
    7.29000D-01    3.28433D-01
    7.30000D-01    3.27079D-01
    7.31000D-01    3.25725D-01
    7.32000D-01    3.24372D-01
    7.33000D-01    3.23019D-01
    7.34000D-01    3.21667D-01
    7.35000D-01    3.20315D-01
    7.36000D-01    3.18964D-01
    7.37000D-01    3.17614D-01
    7.38000D-01    3.16263D-01
    7.39000D-01    3.14914D-01
    7.40000D-01    3.13565D-01
    7.41000D-01    3.12216D-01
    7.42000D-01    3.10868D-01
    7.43000D-01    3.09521D-01
    7.44000D-01    3.08174D-01
    7.45000D-01    3.06828D-01
    7.46000D-01    3.05482D-01
    7.47000D-01    3.04137D-01
    7.48000D-01    3.02793D-01
    7.49000D-01    3.01449D-01
    7.50000D-01    3.00105D-01
    7.51000D-01    2.98763D-01
    7.52000D-01    2.97421D-01
    7.53000D-01    2.96079D-01
    7.54000D-01    2.94739D-01
    7.55000D-01    2.93399D-01
    7.56000D-01    2.92059D-01
    7.57000D-01    2.90720D-01
    7.58000D-01    2.89382D-01
    7.59000D-01    2.88045D-01
    7.60000D-01    2.86708D-01
    7.61000D-01    2.85372D-01
    7.62000D-01    2.84037D-01
    7.63000D-01    2.82702D-01
    7.64000D-01    2.81368D-01
    7.65000D-01    2.80035D-01
    7.66000D-01    2.78702D-01
    7.67000D-01    2.77370D-01
    7.68000D-01    2.76039D-01
    7.69000D-01    2.74709D-01
    7.70000D-01    2.73379D-01
    7.71000D-01    2.72051D-01
    7.72000D-01    2.70722D-01
    7.73000D-01    2.69395D-01
    7.74000D-01    2.68069D-01
    7.75000D-01    2.66743D-01
    7.76000D-01    2.65418D-01
    7.77000D-01    2.64094D-01
    7.78000D-01    2.62770D-01
    7.79000D-01    2.61448D-01
    7.80000D-01    2.60126D-01
    7.81000D-01    2.58805D-01
    7.82000D-01    2.57485D-01
    7.83000D-01    2.56166D-01
    7.84000D-01    2.54847D-01
    7.85000D-01    2.53530D-01
    7.86000D-01    2.52213D-01
    7.87000D-01    2.50897D-01
    7.88000D-01    2.49582D-01
    7.89000D-01    2.48268D-01
    7.90000D-01    2.46955D-01
    7.91000D-01    2.45643D-01
    7.92000D-01    2.44331D-01
    7.93000D-01    2.43021D-01
    7.94000D-01    2.41711D-01
    7.95000D-01    2.40402D-01
    7.96000D-01    2.39094D-01
    7.97000D-01    2.37787D-01
    7.98000D-01    2.36481D-01
    7.99000D-01    2.35176D-01
    8.00000D-01    2.33872D-01
    8.01000D-01    2.32569D-01
    8.02000D-01    2.31267D-01
    8.03000D-01    2.29966D-01
    8.04000D-01    2.28666D-01
    8.05000D-01    2.27366D-01
    8.06000D-01    2.26068D-01
    8.07000D-01    2.24771D-01
    8.08000D-01    2.23474D-01
    8.09000D-01    2.22179D-01
    8.10000D-01    2.20885D-01
    8.11000D-01    2.19592D-01
    8.12000D-01    2.18299D-01
    8.13000D-01    2.17008D-01
    8.14000D-01    2.15718D-01
    8.15000D-01    2.14429D-01
    8.16000D-01    2.13141D-01
    8.17000D-01    2.11854D-01
    8.18000D-01    2.10568D-01
    8.19000D-01    2.09283D-01
    8.20000D-01    2.07999D-01
    8.21000D-01    2.06716D-01
    8.22000D-01    2.05434D-01
    8.23000D-01    2.04154D-01
    8.24000D-01    2.02874D-01
    8.25000D-01    2.01596D-01
    8.26000D-01    2.00318D-01
    8.27000D-01    1.99042D-01
    8.28000D-01    1.97767D-01
    8.29000D-01    1.96493D-01
    8.30000D-01    1.95220D-01
    8.31000D-01    1.93949D-01
    8.32000D-01    1.92678D-01
    8.33000D-01    1.91409D-01
    8.34000D-01    1.90141D-01
    8.35000D-01    1.88874D-01
    8.36000D-01    1.87608D-01
    8.37000D-01    1.86343D-01
    8.38000D-01    1.85079D-01
    8.39000D-01    1.83817D-01
    8.40000D-01    1.82556D-01
    8.41000D-01    1.81296D-01
    8.42000D-01    1.80037D-01
    8.43000D-01    1.78780D-01
    8.44000D-01    1.77523D-01
    8.45000D-01    1.76268D-01
    8.46000D-01    1.75014D-01
    8.47000D-01    1.73762D-01
    8.48000D-01    1.72510D-01
    8.49000D-01    1.71260D-01
    8.50000D-01    1.70011D-01
    8.51000D-01    1.68764D-01
    8.52000D-01    1.67517D-01
    8.53000D-01    1.66272D-01
    8.54000D-01    1.65028D-01
    8.55000D-01    1.63786D-01
    8.56000D-01    1.62545D-01
    8.57000D-01    1.61305D-01
    8.58000D-01    1.60066D-01
    8.59000D-01    1.58829D-01
    8.60000D-01    1.57593D-01
    8.61000D-01    1.56358D-01
    8.62000D-01    1.55125D-01
    8.63000D-01    1.53893D-01
    8.64000D-01    1.52662D-01
    8.65000D-01    1.51432D-01
    8.66000D-01    1.50204D-01
    8.67000D-01    1.48978D-01
    8.68000D-01    1.47752D-01
    8.69000D-01    1.46528D-01
    8.70000D-01    1.45306D-01
    8.71000D-01    1.44085D-01
    8.72000D-01    1.42865D-01
    8.73000D-01    1.41646D-01
    8.74000D-01    1.40429D-01
    8.75000D-01    1.39214D-01
    8.76000D-01    1.37999D-01
    8.77000D-01    1.36787D-01
    8.78000D-01    1.35575D-01
    8.79000D-01    1.34365D-01
    8.80000D-01    1.33156D-01
    8.81000D-01    1.31949D-01
    8.82000D-01    1.30744D-01
    8.83000D-01    1.29539D-01
    8.84000D-01    1.28336D-01
    8.85000D-01    1.27135D-01
    8.86000D-01    1.25935D-01
    8.87000D-01    1.24737D-01
    8.88000D-01    1.23540D-01
    8.89000D-01    1.22344D-01
    8.90000D-01    1.21150D-01
    8.91000D-01    1.19958D-01
    8.92000D-01    1.18767D-01
    8.93000D-01    1.17577D-01
    8.94000D-01    1.16389D-01
    8.95000D-01    1.15202D-01
    8.96000D-01    1.14017D-01
    8.97000D-01    1.12834D-01
    8.98000D-01    1.11652D-01
    8.99000D-01    1.10471D-01
    9.00000D-01    1.09292D-01
    9.01000D-01    1.08115D-01
    9.02000D-01    1.06939D-01
    9.03000D-01    1.05765D-01
    9.04000D-01    1.04592D-01
    9.05000D-01    1.03421D-01
    9.06000D-01    1.02251D-01
    9.07000D-01    1.01083D-01
    9.08000D-01    9.99168D-02
    9.09000D-01    9.87519D-02
    9.10000D-01    9.75886D-02
    9.11000D-01    9.64269D-02
    9.12000D-01    9.52668D-02
    9.13000D-01    9.41083D-02
    9.14000D-01    9.29514D-02
    9.15000D-01    9.17961D-02
    9.16000D-01    9.06424D-02
    9.17000D-01    8.94903D-02
    9.18000D-01    8.83399D-02
    9.19000D-01    8.71911D-02
    9.20000D-01    8.60440D-02
    9.21000D-01    8.48985D-02
    9.22000D-01    8.37546D-02
    9.23000D-01    8.26124D-02
    9.24000D-01    8.14718D-02
    9.25000D-01    8.03329D-02
    9.26000D-01    7.91957D-02
    9.27000D-01    7.80602D-02
    9.28000D-01    7.69263D-02
    9.29000D-01    7.57941D-02
    9.30000D-01    7.46636D-02
    9.31000D-01    7.35348D-02
    9.32000D-01    7.24077D-02
    9.33000D-01    7.12823D-02
    9.34000D-01    7.01586D-02
    9.35000D-01    6.90366D-02
    9.36000D-01    6.79163D-02
    9.37000D-01    6.67978D-02
    9.38000D-01    6.56809D-02
    9.39000D-01    6.45658D-02
    9.40000D-01    6.34525D-02
    9.41000D-01    6.23409D-02
    9.42000D-01    6.12310D-02
    9.43000D-01    6.01229D-02
    9.44000D-01    5.90165D-02
    9.45000D-01    5.79119D-02
    9.46000D-01    5.68090D-02
    9.47000D-01    5.57080D-02
    9.48000D-01    5.46087D-02
    9.49000D-01    5.35111D-02
    9.50000D-01    5.24154D-02
    9.51000D-01    5.13215D-02
    9.52000D-01    5.02293D-02
    9.53000D-01    4.91389D-02
    9.54000D-01    4.80504D-02
    9.55000D-01    4.69636D-02
    9.56000D-01    4.58787D-02
    9.57000D-01    4.47955D-02
    9.58000D-01    4.37142D-02
    9.59000D-01    4.26347D-02
    9.60000D-01    4.15571D-02
    9.61000D-01    4.04813D-02
    9.62000D-01    3.94073D-02
    9.63000D-01    3.83351D-02
    9.64000D-01    3.72648D-02
    9.65000D-01    3.61964D-02
    9.66000D-01    3.51298D-02
    9.67000D-01    3.40651D-02
    9.68000D-01    3.30022D-02
    9.69000D-01    3.19412D-02
    9.70000D-01    3.08821D-02
    9.71000D-01    2.98248D-02
    9.72000D-01    2.87694D-02
    9.73000D-01    2.77160D-02
    9.74000D-01    2.66644D-02
    9.75000D-01    2.56147D-02
    9.76000D-01    2.45669D-02
    9.77000D-01    2.35210D-02
    9.78000D-01    2.24770D-02
    9.79000D-01    2.14349D-02
    9.80000D-01    2.03947D-02
    9.81000D-01    1.93565D-02
    9.82000D-01    1.83202D-02
    9.83000D-01    1.72858D-02
    9.84000D-01    1.62533D-02
    9.85000D-01    1.52228D-02
    9.86000D-01    1.41942D-02
    9.87000D-01    1.31676D-02
    9.88000D-01    1.21429D-02
    9.89000D-01    1.11201D-02
    9.90000D-01    1.00993D-02
    9.91000D-01    9.08053D-03
    9.92000D-01    8.06367D-03
    9.93000D-01    7.04878D-03
    9.94000D-01    6.03586D-03
    9.95000D-01    5.02492D-03
    9.96000D-01    4.01596D-03
    9.97000D-01    3.00898D-03
    9.98000D-01    2.00399D-03
    9.99000D-01    1.00100D-03
    1.00000D+00    3.89817D-17
