    3.33333D-04    1.00000D+00
    6.66667D-04    9.99999D-01
    1.00000D-03    9.99998D-01
    1.33333D-03    9.99997D-01
    1.66667D-03    9.99995D-01
    2.00000D-03    9.99993D-01
    2.33333D-03    9.99991D-01
    2.66667D-03    9.99988D-01
    3.00000D-03    9.99985D-01
    3.33333D-03    9.99982D-01
    3.66667D-03    9.99978D-01
    4.00000D-03    9.99974D-01
    4.33333D-03    9.99969D-01
    4.66667D-03    9.99964D-01
    5.00000D-03    9.99959D-01
    5.33333D-03    9.99953D-01
    5.66667D-03    9.99947D-01
    6.00000D-03    9.99941D-01
    6.33333D-03    9.99934D-01
    6.66667D-03    9.99927D-01
    7.00000D-03    9.99919D-01
    7.33333D-03    9.99912D-01
    7.66667D-03    9.99903D-01
    8.00000D-03    9.99895D-01
    8.33333D-03    9.99886D-01
    8.66667D-03    9.99876D-01
    9.00000D-03    9.99867D-01
    9.33333D-03    9.99857D-01
    9.66667D-03    9.99846D-01
    1.00000D-02    9.99836D-01
    1.03333D-02    9.99824D-01
    1.06667D-02    9.99813D-01
    1.10000D-02    9.99801D-01
    1.13333D-02    9.99789D-01
    1.16667D-02    9.99776D-01
    1.20000D-02    9.99763D-01
    1.23333D-02    9.99750D-01
    1.26667D-02    9.99736D-01
    1.30000D-02    9.99722D-01
    1.33333D-02    9.99708D-01
    1.36667D-02    9.99693D-01
    1.40000D-02    9.99678D-01
    1.43333D-02    9.99662D-01
    1.46667D-02    9.99646D-01
    1.50000D-02    9.99630D-01
    1.53333D-02    9.99613D-01
    1.56667D-02    9.99596D-01
    1.60000D-02    9.99579D-01
    1.63333D-02    9.99561D-01
    1.66667D-02    9.99543D-01
    1.70000D-02    9.99525D-01
    1.73333D-02    9.99506D-01
    1.76667D-02    9.99487D-01
    1.80000D-02    9.99467D-01
    1.83333D-02    9.99447D-01
    1.86667D-02    9.99427D-01
    1.90000D-02    9.99406D-01
    1.93333D-02    9.99385D-01
    1.96667D-02    9.99364D-01
    2.00000D-02    9.99342D-01
    2.03333D-02    9.99320D-01
    2.06667D-02    9.99298D-01
    2.10000D-02    9.99275D-01
    2.13333D-02    9.99252D-01
    2.16667D-02    9.99228D-01
    2.20000D-02    9.99204D-01
    2.23333D-02    9.99180D-01
    2.26667D-02    9.99155D-01
    2.30000D-02    9.99130D-01
    2.33333D-02    9.99105D-01
    2.36667D-02    9.99079D-01
    2.40000D-02    9.99053D-01
    2.43333D-02    9.99026D-01
    2.46667D-02    9.98999D-01
    2.50000D-02    9.98972D-01
    2.53333D-02    9.98945D-01
    2.56667D-02    9.98917D-01
    2.60000D-02    9.98888D-01
    2.63333D-02    9.98860D-01
    2.66667D-02    9.98831D-01
    2.70000D-02    9.98801D-01
    2.73333D-02    9.98772D-01
    2.76667D-02    9.98741D-01
    2.80000D-02    9.98711D-01
    2.83333D-02    9.98680D-01
    2.86667D-02    9.98649D-01
    2.90000D-02    9.98617D-01
    2.93333D-02    9.98585D-01
    2.96667D-02    9.98553D-01
    3.00000D-02    9.98520D-01
    3.03333D-02    9.98487D-01
    3.06667D-02    9.98454D-01
    3.10000D-02    9.98420D-01
    3.13333D-02    9.98386D-01
    3.16667D-02    9.98351D-01
    3.20000D-02    9.98316D-01
    3.23333D-02    9.98281D-01
    3.26667D-02    9.98246D-01
    3.30000D-02    9.98210D-01
    3.33333D-02    9.98173D-01
    3.36667D-02    9.98137D-01
    3.40000D-02    9.98100D-01
    3.43333D-02    9.98062D-01
    3.46667D-02    9.98024D-01
    3.50000D-02    9.97986D-01
    3.53333D-02    9.97948D-01
    3.56667D-02    9.97909D-01
    3.60000D-02    9.97870D-01
    3.63333D-02    9.97830D-01
    3.66667D-02    9.97790D-01
    3.70000D-02    9.97750D-01
    3.73333D-02    9.97709D-01
    3.76667D-02    9.97668D-01
    3.80000D-02    9.97626D-01
    3.83333D-02    9.97585D-01
    3.86667D-02    9.97542D-01
    3.90000D-02    9.97500D-01
    3.93333D-02    9.97457D-01
    3.96667D-02    9.97414D-01
    4.00000D-02    9.97370D-01
    4.03333D-02    9.97326D-01
    4.06667D-02    9.97282D-01
    4.10000D-02    9.97237D-01
    4.13333D-02    9.97192D-01
    4.16667D-02    9.97147D-01
    4.20000D-02    9.97101D-01
    4.23333D-02    9.97055D-01
    4.26667D-02    9.97008D-01
    4.30000D-02    9.96961D-01
    4.33333D-02    9.96914D-01
    4.36667D-02    9.96866D-01
    4.40000D-02    9.96818D-01
    4.43333D-02    9.96770D-01
    4.46667D-02    9.96721D-01
    4.50000D-02    9.96672D-01
    4.53333D-02    9.96623D-01
    4.56667D-02    9.96573D-01
    4.60000D-02    9.96523D-01
    4.63333D-02    9.96472D-01
    4.66667D-02    9.96422D-01
    4.70000D-02    9.96370D-01
    4.73333D-02    9.96319D-01
    4.76667D-02    9.96267D-01
    4.80000D-02    9.96214D-01
    4.83333D-02    9.96162D-01
    4.86667D-02    9.96109D-01
    4.90000D-02    9.96055D-01
    4.93333D-02    9.96001D-01
    4.96667D-02    9.95947D-01
    5.00000D-02    9.95893D-01
    5.03333D-02    9.95838D-01
    5.06667D-02    9.95783D-01
    5.10000D-02    9.95727D-01
    5.13333D-02    9.95671D-01
    5.16667D-02    9.95615D-01
    5.20000D-02    9.95558D-01
    5.23333D-02    9.95501D-01
    5.26667D-02    9.95444D-01
    5.30000D-02    9.95386D-01
    5.33333D-02    9.95328D-01
    5.36667D-02    9.95269D-01
    5.40000D-02    9.95210D-01
    5.43333D-02    9.95151D-01
    5.46667D-02    9.95091D-01
    5.50000D-02    9.95031D-01
    5.53333D-02    9.94971D-01
    5.56667D-02    9.94911D-01
    5.60000D-02    9.94849D-01
    5.63333D-02    9.94788D-01
    5.66667D-02    9.94726D-01
    5.70000D-02    9.94664D-01
    5.73333D-02    9.94602D-01
    5.76667D-02    9.94539D-01
    5.80000D-02    9.94476D-01
    5.83333D-02    9.94412D-01
    5.86667D-02    9.94348D-01
    5.90000D-02    9.94284D-01
    5.93333D-02    9.94219D-01
    5.96667D-02    9.94154D-01
    6.00000D-02    9.94089D-01
    6.03333D-02    9.94023D-01
    6.06667D-02    9.93957D-01
    6.10000D-02    9.93890D-01
    6.13333D-02    9.93824D-01
    6.16667D-02    9.93756D-01
    6.20000D-02    9.93689D-01
    6.23333D-02    9.93621D-01
    6.26667D-02    9.93553D-01
    6.30000D-02    9.93484D-01
    6.33333D-02    9.93415D-01
    6.36667D-02    9.93346D-01
    6.40000D-02    9.93276D-01
    6.43333D-02    9.93206D-01
    6.46667D-02    9.93135D-01
    6.50000D-02    9.93065D-01
    6.53333D-02    9.92993D-01
    6.56667D-02    9.92922D-01
    6.60000D-02    9.92850D-01
    6.63333D-02    9.92778D-01
    6.66667D-02    9.92705D-01
    6.70000D-02    9.92632D-01
    6.73333D-02    9.92559D-01
    6.76667D-02    9.92485D-01
    6.80000D-02    9.92411D-01
    6.83333D-02    9.92337D-01
    6.86667D-02    9.92262D-01
    6.90000D-02    9.92187D-01
    6.93333D-02    9.92111D-01
    6.96667D-02    9.92036D-01
    7.00000D-02    9.91959D-01
    7.03333D-02    9.91883D-01
    7.06667D-02    9.91806D-01
    7.10000D-02    9.91728D-01
    7.13333D-02    9.91651D-01
    7.16667D-02    9.91573D-01
    7.20000D-02    9.91494D-01
    7.23333D-02    9.91416D-01
    7.26667D-02    9.91337D-01
    7.30000D-02    9.91257D-01
    7.33333D-02    9.91177D-01
    7.36667D-02    9.91097D-01
    7.40000D-02    9.91017D-01
    7.43333D-02    9.90936D-01
    7.46667D-02    9.90855D-01
    7.50000D-02    9.90773D-01
    7.53333D-02    9.90691D-01
    7.56667D-02    9.90609D-01
    7.60000D-02    9.90526D-01
    7.63333D-02    9.90443D-01
    7.66667D-02    9.90359D-01
    7.70000D-02    9.90276D-01
    7.73333D-02    9.90192D-01
    7.76667D-02    9.90107D-01
    7.80000D-02    9.90022D-01
    7.83333D-02    9.89937D-01
    7.86667D-02    9.89851D-01
    7.90000D-02    9.89766D-01
    7.93333D-02    9.89679D-01
    7.96667D-02    9.89593D-01
    8.00000D-02    9.89506D-01
    8.03333D-02    9.89418D-01
    8.06667D-02    9.89331D-01
    8.10000D-02    9.89242D-01
    8.13333D-02    9.89154D-01
    8.16667D-02    9.89065D-01
    8.20000D-02    9.88976D-01
    8.23333D-02    9.88887D-01
    8.26667D-02    9.88797D-01
    8.30000D-02    9.88707D-01
    8.33333D-02    9.88616D-01
    8.36667D-02    9.88525D-01
    8.40000D-02    9.88434D-01
    8.43333D-02    9.88342D-01
    8.46667D-02    9.88250D-01
    8.50000D-02    9.88158D-01
    8.53333D-02    9.88065D-01
    8.56667D-02    9.87972D-01
    8.60000D-02    9.87878D-01
    8.63333D-02    9.87785D-01
    8.66667D-02    9.87690D-01
    8.70000D-02    9.87596D-01
    8.73333D-02    9.87501D-01
    8.76667D-02    9.87406D-01
    8.80000D-02    9.87310D-01
    8.83333D-02    9.87214D-01
    8.86667D-02    9.87118D-01
    8.90000D-02    9.87021D-01
    8.93333D-02    9.86924D-01
    8.96667D-02    9.86827D-01
    9.00000D-02    9.86729D-01
    9.03333D-02    9.86631D-01
    9.06667D-02    9.86533D-01
    9.10000D-02    9.86434D-01
    9.13333D-02    9.86335D-01
    9.16667D-02    9.86235D-01
    9.20000D-02    9.86135D-01
    9.23333D-02    9.86035D-01
    9.26667D-02    9.85935D-01
    9.30000D-02    9.85834D-01
    9.33333D-02    9.85732D-01
    9.36667D-02    9.85631D-01
    9.40000D-02    9.85529D-01
    9.43333D-02    9.85426D-01
    9.46667D-02    9.85324D-01
    9.50000D-02    9.85220D-01
    9.53333D-02    9.85117D-01
    9.56667D-02    9.85013D-01
    9.60000D-02    9.84909D-01
    9.63333D-02    9.84805D-01
    9.66667D-02    9.84700D-01
    9.70000D-02    9.84595D-01
    9.73333D-02    9.84489D-01
    9.76667D-02    9.84383D-01
    9.80000D-02    9.84277D-01
    9.83333D-02    9.84170D-01
    9.86667D-02    9.84063D-01
    9.90000D-02    9.83956D-01
    9.93333D-02    9.83848D-01
    9.96667D-02    9.83740D-01
    1.00000D-01    9.83632D-01
    1.00333D-01    9.83523D-01
    1.00667D-01    9.83414D-01
    1.01000D-01    9.83304D-01
    1.01333D-01    9.83194D-01
    1.01667D-01    9.83084D-01
    1.02000D-01    9.82974D-01
    1.02333D-01    9.82863D-01
    1.02667D-01    9.82752D-01
    1.03000D-01    9.82640D-01
    1.03333D-01    9.82528D-01
    1.03667D-01    9.82416D-01
    1.04000D-01    9.82303D-01
    1.04333D-01    9.82190D-01
    1.04667D-01    9.82077D-01
    1.05000D-01    9.81963D-01
    1.05333D-01    9.81849D-01
    1.05667D-01    9.81735D-01
    1.06000D-01    9.81620D-01
    1.06333D-01    9.81505D-01
    1.06667D-01    9.81389D-01
    1.07000D-01    9.81273D-01
    1.07333D-01    9.81157D-01
    1.07667D-01    9.81041D-01
    1.08000D-01    9.80924D-01
    1.08333D-01    9.80806D-01
    1.08667D-01    9.80689D-01
    1.09000D-01    9.80571D-01
    1.09333D-01    9.80452D-01
    1.09667D-01    9.80334D-01
    1.10000D-01    9.80215D-01
    1.10333D-01    9.80095D-01
    1.10667D-01    9.79976D-01
    1.11000D-01    9.79856D-01
    1.11333D-01    9.79735D-01
    1.11667D-01    9.79614D-01
    1.12000D-01    9.79493D-01
    1.12333D-01    9.79372D-01
    1.12667D-01    9.79250D-01
    1.13000D-01    9.79128D-01
    1.13333D-01    9.79005D-01
    1.13667D-01    9.78882D-01
    1.14000D-01    9.78759D-01
    1.14333D-01    9.78636D-01
    1.14667D-01    9.78512D-01
    1.15000D-01    9.78387D-01
    1.15333D-01    9.78263D-01
    1.15667D-01    9.78138D-01
    1.16000D-01    9.78012D-01
    1.16333D-01    9.77887D-01
    1.16667D-01    9.77761D-01
    1.17000D-01    9.77634D-01
    1.17333D-01    9.77507D-01
    1.17667D-01    9.77380D-01
    1.18000D-01    9.77253D-01
    1.18333D-01    9.77125D-01
    1.18667D-01    9.76997D-01
    1.19000D-01    9.76868D-01
    1.19333D-01    9.76739D-01
    1.19667D-01    9.76610D-01
    1.20000D-01    9.76481D-01
    1.20333D-01    9.76351D-01
    1.20667D-01    9.76221D-01
    1.21000D-01    9.76090D-01
    1.21333D-01    9.75959D-01
    1.21667D-01    9.75828D-01
    1.22000D-01    9.75696D-01
    1.22333D-01    9.75564D-01
    1.22667D-01    9.75432D-01
    1.23000D-01    9.75299D-01
    1.23333D-01    9.75166D-01
    1.23667D-01    9.75032D-01
    1.24000D-01    9.74899D-01
    1.24333D-01    9.74765D-01
    1.24667D-01    9.74630D-01
    1.25000D-01    9.74495D-01
    1.25333D-01    9.74360D-01
    1.25667D-01    9.74225D-01
    1.26000D-01    9.74089D-01
    1.26333D-01    9.73953D-01
    1.26667D-01    9.73816D-01
    1.27000D-01    9.73679D-01
    1.27333D-01    9.73542D-01
    1.27667D-01    9.73404D-01
    1.28000D-01    9.73266D-01
    1.28333D-01    9.73128D-01
    1.28667D-01    9.72990D-01
    1.29000D-01    9.72851D-01
    1.29333D-01    9.72711D-01
    1.29667D-01    9.72572D-01
    1.30000D-01    9.72432D-01
    1.30333D-01    9.72291D-01
    1.30667D-01    9.72150D-01
    1.31000D-01    9.72009D-01
    1.31333D-01    9.71868D-01
    1.31667D-01    9.71726D-01
    1.32000D-01    9.71584D-01
    1.32333D-01    9.71442D-01
    1.32667D-01    9.71299D-01
    1.33000D-01    9.71156D-01
    1.33333D-01    9.71012D-01
    1.33667D-01    9.70868D-01
    1.34000D-01    9.70724D-01
    1.34333D-01    9.70580D-01
    1.34667D-01    9.70435D-01
    1.35000D-01    9.70290D-01
    1.35333D-01    9.70144D-01
    1.35667D-01    9.69998D-01
    1.36000D-01    9.69852D-01
    1.36333D-01    9.69705D-01
    1.36667D-01    9.69558D-01
    1.37000D-01    9.69411D-01
    1.37333D-01    9.69263D-01
    1.37667D-01    9.69115D-01
    1.38000D-01    9.68967D-01
    1.38333D-01    9.68818D-01
    1.38667D-01    9.68669D-01
    1.39000D-01    9.68520D-01
    1.39333D-01    9.68370D-01
    1.39667D-01    9.68220D-01
    1.40000D-01    9.68070D-01
    1.40333D-01    9.67919D-01
    1.40667D-01    9.67768D-01
    1.41000D-01    9.67616D-01
    1.41333D-01    9.67465D-01
    1.41667D-01    9.67313D-01
    1.42000D-01    9.67160D-01
    1.42333D-01    9.67007D-01
    1.42667D-01    9.66854D-01
    1.43000D-01    9.66701D-01
    1.43333D-01    9.66547D-01
    1.43667D-01    9.66393D-01
    1.44000D-01    9.66238D-01
    1.44333D-01    9.66083D-01
    1.44667D-01    9.65928D-01
    1.45000D-01    9.65772D-01
    1.45333D-01    9.65616D-01
    1.45667D-01    9.65460D-01
    1.46000D-01    9.65304D-01
    1.46333D-01    9.65147D-01
    1.46667D-01    9.64989D-01
    1.47000D-01    9.64832D-01
    1.47333D-01    9.64674D-01
    1.47667D-01    9.64515D-01
    1.48000D-01    9.64357D-01
    1.48333D-01    9.64198D-01
    1.48667D-01    9.64039D-01
    1.49000D-01    9.63879D-01
    1.49333D-01    9.63719D-01
    1.49667D-01    9.63558D-01
    1.50000D-01    9.63398D-01
    1.50333D-01    9.63237D-01
    1.50667D-01    9.63075D-01
    1.51000D-01    9.62914D-01
    1.51333D-01    9.62752D-01
    1.51667D-01    9.62589D-01
    1.52000D-01    9.62426D-01
    1.52333D-01    9.62263D-01
    1.52667D-01    9.62100D-01
    1.53000D-01    9.61936D-01
    1.53333D-01    9.61772D-01
    1.53667D-01    9.61608D-01
    1.54000D-01    9.61443D-01
    1.54333D-01    9.61278D-01
    1.54667D-01    9.61112D-01
    1.55000D-01    9.60946D-01
    1.55333D-01    9.60780D-01
    1.55667D-01    9.60614D-01
    1.56000D-01    9.60447D-01
    1.56333D-01    9.60280D-01
    1.56667D-01    9.60112D-01
    1.57000D-01    9.59944D-01
    1.57333D-01    9.59776D-01
    1.57667D-01    9.59608D-01
    1.58000D-01    9.59439D-01
    1.58333D-01    9.59270D-01
    1.58667D-01    9.59100D-01
    1.59000D-01    9.58930D-01
    1.59333D-01    9.58760D-01
    1.59667D-01    9.58589D-01
    1.60000D-01    9.58418D-01
    1.60333D-01    9.58247D-01
    1.60667D-01    9.58076D-01
    1.61000D-01    9.57904D-01
    1.61333D-01    9.57732D-01
    1.61667D-01    9.57559D-01
    1.62000D-01    9.57386D-01
    1.62333D-01    9.57213D-01
    1.62667D-01    9.57039D-01
    1.63000D-01    9.56865D-01
    1.63333D-01    9.56691D-01
    1.63667D-01    9.56516D-01
    1.64000D-01    9.56341D-01
    1.64333D-01    9.56166D-01
    1.64667D-01    9.55990D-01
    1.65000D-01    9.55814D-01
    1.65333D-01    9.55638D-01
    1.65667D-01    9.55462D-01
    1.66000D-01    9.55285D-01
    1.66333D-01    9.55107D-01
    1.66667D-01    9.54930D-01
    1.67000D-01    9.54752D-01
    1.67333D-01    9.54573D-01
    1.67667D-01    9.54395D-01
    1.68000D-01    9.54216D-01
    1.68333D-01    9.54036D-01
    1.68667D-01    9.53857D-01
    1.69000D-01    9.53677D-01
    1.69333D-01    9.53496D-01
    1.69667D-01    9.53316D-01
    1.70000D-01    9.53135D-01
    1.70333D-01    9.52953D-01
    1.70667D-01    9.52772D-01
    1.71000D-01    9.52590D-01
    1.71333D-01    9.52407D-01
    1.71667D-01    9.52225D-01
    1.72000D-01    9.52042D-01
    1.72333D-01    9.51858D-01
    1.72667D-01    9.51675D-01
    1.73000D-01    9.51491D-01
    1.73333D-01    9.51306D-01
    1.73667D-01    9.51122D-01
    1.74000D-01    9.50937D-01
    1.74333D-01    9.50751D-01
    1.74667D-01    9.50566D-01
    1.75000D-01    9.50380D-01
    1.75333D-01    9.50193D-01
    1.75667D-01    9.50007D-01
    1.76000D-01    9.49820D-01
    1.76333D-01    9.49632D-01
    1.76667D-01    9.49445D-01
    1.77000D-01    9.49257D-01
    1.77333D-01    9.49068D-01
    1.77667D-01    9.48880D-01
    1.78000D-01    9.48691D-01
    1.78333D-01    9.48501D-01
    1.78667D-01    9.48312D-01
    1.79000D-01    9.48122D-01
    1.79333D-01    9.47931D-01
    1.79667D-01    9.47741D-01
    1.80000D-01    9.47550D-01
    1.80333D-01    9.47358D-01
    1.80667D-01    9.47167D-01
    1.81000D-01    9.46975D-01
    1.81333D-01    9.46783D-01
    1.81667D-01    9.46590D-01
    1.82000D-01    9.46397D-01
    1.82333D-01    9.46204D-01
    1.82667D-01    9.46010D-01
    1.83000D-01    9.45816D-01
    1.83333D-01    9.45622D-01
    1.83667D-01    9.45427D-01
    1.84000D-01    9.45232D-01
    1.84333D-01    9.45037D-01
    1.84667D-01    9.44841D-01
    1.85000D-01    9.44645D-01
    1.85333D-01    9.44449D-01
    1.85667D-01    9.44252D-01
    1.86000D-01    9.44056D-01
    1.86333D-01    9.43858D-01
    1.86667D-01    9.43661D-01
    1.87000D-01    9.43463D-01
    1.87333D-01    9.43265D-01
    1.87667D-01    9.43066D-01
    1.88000D-01    9.42867D-01
    1.88333D-01    9.42668D-01
    1.88667D-01    9.42468D-01
    1.89000D-01    9.42268D-01
    1.89333D-01    9.42068D-01
    1.89667D-01    9.41868D-01
    1.90000D-01    9.41667D-01
    1.90333D-01    9.41466D-01
    1.90667D-01    9.41264D-01
    1.91000D-01    9.41062D-01
    1.91333D-01    9.40860D-01
    1.91667D-01    9.40658D-01
    1.92000D-01    9.40455D-01
    1.92333D-01    9.40252D-01
    1.92667D-01    9.40048D-01
    1.93000D-01    9.39844D-01
    1.93333D-01    9.39640D-01
    1.93667D-01    9.39436D-01
    1.94000D-01    9.39231D-01
    1.94333D-01    9.39026D-01
    1.94667D-01    9.38820D-01
    1.95000D-01    9.38615D-01
    1.95333D-01    9.38409D-01
    1.95667D-01    9.38202D-01
    1.96000D-01    9.37995D-01
    1.96333D-01    9.37788D-01
    1.96667D-01    9.37581D-01
    1.97000D-01    9.37373D-01
    1.97333D-01    9.37165D-01
    1.97667D-01    9.36957D-01
    1.98000D-01    9.36748D-01
    1.98333D-01    9.36539D-01
    1.98667D-01    9.36330D-01
    1.99000D-01    9.36120D-01
    1.99333D-01    9.35910D-01
    1.99667D-01    9.35700D-01
    2.00000D-01    9.35489D-01
    2.00333D-01    9.35278D-01
    2.00667D-01    9.35067D-01
    2.01000D-01    9.34855D-01
    2.01333D-01    9.34644D-01
    2.01667D-01    9.34431D-01
    2.02000D-01    9.34219D-01
    2.02333D-01    9.34006D-01
    2.02667D-01    9.33793D-01
    2.03000D-01    9.33579D-01
    2.03333D-01    9.33365D-01
    2.03667D-01    9.33151D-01
    2.04000D-01    9.32937D-01
    2.04333D-01    9.32722D-01
    2.04667D-01    9.32507D-01
    2.05000D-01    9.32291D-01
    2.05333D-01    9.32075D-01
    2.05667D-01    9.31859D-01
    2.06000D-01    9.31643D-01
    2.06333D-01    9.31426D-01
    2.06667D-01    9.31209D-01
    2.07000D-01    9.30992D-01
    2.07333D-01    9.30774D-01
    2.07667D-01    9.30556D-01
    2.08000D-01    9.30338D-01
    2.08333D-01    9.30119D-01
    2.08667D-01    9.29900D-01
    2.09000D-01    9.29681D-01
    2.09333D-01    9.29461D-01
    2.09667D-01    9.29241D-01
    2.10000D-01    9.29021D-01
    2.10333D-01    9.28800D-01
    2.10667D-01    9.28579D-01
    2.11000D-01    9.28358D-01
    2.11333D-01    9.28137D-01
    2.11667D-01    9.27915D-01
    2.12000D-01    9.27693D-01
    2.12333D-01    9.27470D-01
    2.12667D-01    9.27247D-01
    2.13000D-01    9.27024D-01
    2.13333D-01    9.26801D-01
    2.13667D-01    9.26577D-01
    2.14000D-01    9.26353D-01
    2.14333D-01    9.26128D-01
    2.14667D-01    9.25904D-01
    2.15000D-01    9.25679D-01
    2.15333D-01    9.25453D-01
    2.15667D-01    9.25228D-01
    2.16000D-01    9.25002D-01
    2.16333D-01    9.24775D-01
    2.16667D-01    9.24549D-01
    2.17000D-01    9.24322D-01
    2.17333D-01    9.24095D-01
    2.17667D-01    9.23867D-01
    2.18000D-01    9.23639D-01
    2.18333D-01    9.23411D-01
    2.18667D-01    9.23182D-01
    2.19000D-01    9.22954D-01
    2.19333D-01    9.22724D-01
    2.19667D-01    9.22495D-01
    2.20000D-01    9.22265D-01
    2.20333D-01    9.22035D-01
    2.20667D-01    9.21805D-01
    2.21000D-01    9.21574D-01
    2.21333D-01    9.21343D-01
    2.21667D-01    9.21112D-01
    2.22000D-01    9.20880D-01
    2.22333D-01    9.20648D-01
    2.22667D-01    9.20416D-01
    2.23000D-01    9.20183D-01
    2.23333D-01    9.19950D-01
    2.23667D-01    9.19717D-01
    2.24000D-01    9.19484D-01
    2.24333D-01    9.19250D-01
    2.24667D-01    9.19016D-01
    2.25000D-01    9.18781D-01
    2.25333D-01    9.18546D-01
    2.25667D-01    9.18311D-01
    2.26000D-01    9.18076D-01
    2.26333D-01    9.17840D-01
    2.26667D-01    9.17604D-01
    2.27000D-01    9.17368D-01
    2.27333D-01    9.17131D-01
    2.27667D-01    9.16894D-01
    2.28000D-01    9.16657D-01
    2.28333D-01    9.16419D-01
    2.28667D-01    9.16181D-01
    2.29000D-01    9.15943D-01
    2.29333D-01    9.15705D-01
    2.29667D-01    9.15466D-01
    2.30000D-01    9.15227D-01
    2.30333D-01    9.14987D-01
    2.30667D-01    9.14747D-01
    2.31000D-01    9.14507D-01
    2.31333D-01    9.14267D-01
    2.31667D-01    9.14026D-01
    2.32000D-01    9.13785D-01
    2.32333D-01    9.13544D-01
    2.32667D-01    9.13302D-01
    2.33000D-01    9.13060D-01
    2.33333D-01    9.12818D-01
    2.33667D-01    9.12576D-01
    2.34000D-01    9.12333D-01
    2.34333D-01    9.12090D-01
    2.34667D-01    9.11846D-01
    2.35000D-01    9.11602D-01
    2.35333D-01    9.11358D-01
    2.35667D-01    9.11114D-01
    2.36000D-01    9.10869D-01
    2.36333D-01    9.10624D-01
    2.36667D-01    9.10379D-01
    2.37000D-01    9.10133D-01
    2.37333D-01    9.09887D-01
    2.37667D-01    9.09641D-01
    2.38000D-01    9.09394D-01
    2.38333D-01    9.09148D-01
    2.38667D-01    9.08900D-01
    2.39000D-01    9.08653D-01
    2.39333D-01    9.08405D-01
    2.39667D-01    9.08157D-01
    2.40000D-01    9.07909D-01
    2.40333D-01    9.07660D-01
    2.40667D-01    9.07411D-01
    2.41000D-01    9.07162D-01
    2.41333D-01    9.06912D-01
    2.41667D-01    9.06662D-01
    2.42000D-01    9.06412D-01
    2.42333D-01    9.06162D-01
    2.42667D-01    9.05911D-01
    2.43000D-01    9.05660D-01
    2.43333D-01    9.05408D-01
    2.43667D-01    9.05157D-01
    2.44000D-01    9.04905D-01
    2.44333D-01    9.04652D-01
    2.44667D-01    9.04400D-01
    2.45000D-01    9.04147D-01
    2.45333D-01    9.03893D-01
    2.45667D-01    9.03640D-01
    2.46000D-01    9.03386D-01
    2.46333D-01    9.03132D-01
    2.46667D-01    9.02877D-01
    2.47000D-01    9.02623D-01
    2.47333D-01    9.02368D-01
    2.47667D-01    9.02112D-01
    2.48000D-01    9.01857D-01
    2.48333D-01    9.01601D-01
    2.48667D-01    9.01344D-01
    2.49000D-01    9.01088D-01
    2.49333D-01    9.00831D-01
    2.49667D-01    9.00574D-01
    2.50000D-01    9.00316D-01
    2.50333D-01    9.00059D-01
    2.50667D-01    8.99800D-01
    2.51000D-01    8.99542D-01
    2.51333D-01    8.99283D-01
    2.51667D-01    8.99025D-01
    2.52000D-01    8.98765D-01
    2.52333D-01    8.98506D-01
    2.52667D-01    8.98246D-01
    2.53000D-01    8.97986D-01
    2.53333D-01    8.97725D-01
    2.53667D-01    8.97464D-01
    2.54000D-01    8.97203D-01
    2.54333D-01    8.96942D-01
    2.54667D-01    8.96680D-01
    2.55000D-01    8.96418D-01
    2.55333D-01    8.96156D-01
    2.55667D-01    8.95894D-01
    2.56000D-01    8.95631D-01
    2.56333D-01    8.95368D-01
    2.56667D-01    8.95104D-01
    2.57000D-01    8.94840D-01
    2.57333D-01    8.94576D-01
    2.57667D-01    8.94312D-01
    2.58000D-01    8.94048D-01
    2.58333D-01    8.93783D-01
    2.58667D-01    8.93517D-01
    2.59000D-01    8.93252D-01
    2.59333D-01    8.92986D-01
    2.59667D-01    8.92720D-01
    2.60000D-01    8.92454D-01
    2.60333D-01    8.92187D-01
    2.60667D-01    8.91920D-01
    2.61000D-01    8.91653D-01
    2.61333D-01    8.91385D-01
    2.61667D-01    8.91117D-01
    2.62000D-01    8.90849D-01
    2.62333D-01    8.90580D-01
    2.62667D-01    8.90312D-01
    2.63000D-01    8.90043D-01
    2.63333D-01    8.89773D-01
    2.63667D-01    8.89504D-01
    2.64000D-01    8.89234D-01
    2.64333D-01    8.88964D-01
    2.64667D-01    8.88693D-01
    2.65000D-01    8.88422D-01
    2.65333D-01    8.88151D-01
    2.65667D-01    8.87880D-01
    2.66000D-01    8.87608D-01
    2.66333D-01    8.87336D-01
    2.66667D-01    8.87064D-01
    2.67000D-01    8.86791D-01
    2.67333D-01    8.86518D-01
    2.67667D-01    8.86245D-01
    2.68000D-01    8.85972D-01
    2.68333D-01    8.85698D-01
    2.68667D-01    8.85424D-01
    2.69000D-01    8.85150D-01
    2.69333D-01    8.84875D-01
    2.69667D-01    8.84600D-01
    2.70000D-01    8.84325D-01
    2.70333D-01    8.84050D-01
    2.70667D-01    8.83774D-01
    2.71000D-01    8.83498D-01
    2.71333D-01    8.83221D-01
    2.71667D-01    8.82945D-01
    2.72000D-01    8.82668D-01
    2.72333D-01    8.82391D-01
    2.72667D-01    8.82113D-01
    2.73000D-01    8.81835D-01
    2.73333D-01    8.81557D-01
    2.73667D-01    8.81279D-01
    2.74000D-01    8.81000D-01
    2.74333D-01    8.80721D-01
    2.74667D-01    8.80442D-01
    2.75000D-01    8.80163D-01
    2.75333D-01    8.79883D-01
    2.75667D-01    8.79603D-01
    2.76000D-01    8.79322D-01
    2.76333D-01    8.79042D-01
    2.76667D-01    8.78761D-01
    2.77000D-01    8.78480D-01
    2.77333D-01    8.78198D-01
    2.77667D-01    8.77916D-01
    2.78000D-01    8.77634D-01
    2.78333D-01    8.77352D-01
    2.78667D-01    8.77069D-01
    2.79000D-01    8.76786D-01
    2.79333D-01    8.76503D-01
    2.79667D-01    8.76219D-01
    2.80000D-01    8.75936D-01
    2.80333D-01    8.75652D-01
    2.80667D-01    8.75367D-01
    2.81000D-01    8.75083D-01
    2.81333D-01    8.74798D-01
    2.81667D-01    8.74512D-01
    2.82000D-01    8.74227D-01
    2.82333D-01    8.73941D-01
    2.82667D-01    8.73655D-01
    2.83000D-01    8.73369D-01
    2.83333D-01    8.73082D-01
    2.83667D-01    8.72795D-01
    2.84000D-01    8.72508D-01
    2.84333D-01    8.72220D-01
    2.84667D-01    8.71933D-01
    2.85000D-01    8.71645D-01
    2.85333D-01    8.71356D-01
    2.85667D-01    8.71068D-01
    2.86000D-01    8.70779D-01
    2.86333D-01    8.70490D-01
    2.86667D-01    8.70200D-01
    2.87000D-01    8.69910D-01
    2.87333D-01    8.69620D-01
    2.87667D-01    8.69330D-01
    2.88000D-01    8.69040D-01
    2.88333D-01    8.68749D-01
    2.88667D-01    8.68458D-01
    2.89000D-01    8.68166D-01
    2.89333D-01    8.67874D-01
    2.89667D-01    8.67582D-01
    2.90000D-01    8.67290D-01
    2.90333D-01    8.66998D-01
    2.90667D-01    8.66705D-01
    2.91000D-01    8.66412D-01
    2.91333D-01    8.66118D-01
    2.91667D-01    8.65825D-01
    2.92000D-01    8.65531D-01
    2.92333D-01    8.65237D-01
    2.92667D-01    8.64942D-01
    2.93000D-01    8.64647D-01
    2.93333D-01    8.64352D-01
    2.93667D-01    8.64057D-01
    2.94000D-01    8.63761D-01
    2.94333D-01    8.63466D-01
    2.94667D-01    8.63169D-01
    2.95000D-01    8.62873D-01
    2.95333D-01    8.62576D-01
    2.95667D-01    8.62279D-01
    2.96000D-01    8.61982D-01
    2.96333D-01    8.61685D-01
    2.96667D-01    8.61387D-01
    2.97000D-01    8.61089D-01
    2.97333D-01    8.60790D-01
    2.97667D-01    8.60492D-01
    2.98000D-01    8.60193D-01
    2.98333D-01    8.59894D-01
    2.98667D-01    8.59594D-01
    2.99000D-01    8.59294D-01
    2.99333D-01    8.58994D-01
    2.99667D-01    8.58694D-01
    3.00000D-01    8.58394D-01
    3.00333D-01    8.58093D-01
    3.00667D-01    8.57792D-01
    3.01000D-01    8.57490D-01
    3.01333D-01    8.57189D-01
    3.01667D-01    8.56887D-01
    3.02000D-01    8.56585D-01
    3.02333D-01    8.56282D-01
    3.02667D-01    8.55980D-01
    3.03000D-01    8.55677D-01
    3.03333D-01    8.55373D-01
    3.03667D-01    8.55070D-01
    3.04000D-01    8.54766D-01
    3.04333D-01    8.54462D-01
    3.04667D-01    8.54158D-01
    3.05000D-01    8.53853D-01
    3.05333D-01    8.53548D-01
    3.05667D-01    8.53243D-01
    3.06000D-01    8.52937D-01
    3.06333D-01    8.52632D-01
    3.06667D-01    8.52326D-01
    3.07000D-01    8.52020D-01
    3.07333D-01    8.51713D-01
    3.07667D-01    8.51406D-01
    3.08000D-01    8.51099D-01
    3.08333D-01    8.50792D-01
    3.08667D-01    8.50484D-01
    3.09000D-01    8.50177D-01
    3.09333D-01    8.49868D-01
    3.09667D-01    8.49560D-01
    3.10000D-01    8.49251D-01
    3.10333D-01    8.48942D-01
    3.10667D-01    8.48633D-01
    3.11000D-01    8.48324D-01
    3.11333D-01    8.48014D-01
    3.11667D-01    8.47704D-01
    3.12000D-01    8.47394D-01
    3.12333D-01    8.47083D-01
    3.12667D-01    8.46773D-01
    3.13000D-01    8.46462D-01
    3.13333D-01    8.46150D-01
    3.13667D-01    8.45839D-01
    3.14000D-01    8.45527D-01
    3.14333D-01    8.45215D-01
    3.14667D-01    8.44902D-01
    3.15000D-01    8.44590D-01
    3.15333D-01    8.44277D-01
    3.15667D-01    8.43964D-01
    3.16000D-01    8.43650D-01
    3.16333D-01    8.43336D-01
    3.16667D-01    8.43023D-01
    3.17000D-01    8.42708D-01
    3.17333D-01    8.42394D-01
    3.17667D-01    8.42079D-01
    3.18000D-01    8.41764D-01
    3.18333D-01    8.41449D-01
    3.18667D-01    8.41133D-01
    3.19000D-01    8.40817D-01
    3.19333D-01    8.40501D-01
    3.19667D-01    8.40185D-01
    3.20000D-01    8.39869D-01
    3.20333D-01    8.39552D-01
    3.20667D-01    8.39235D-01
    3.21000D-01    8.38917D-01
    3.21333D-01    8.38600D-01
    3.21667D-01    8.38282D-01
    3.22000D-01    8.37964D-01
    3.22333D-01    8.37645D-01
    3.22667D-01    8.37326D-01
    3.23000D-01    8.37008D-01
    3.23333D-01    8.36688D-01
    3.23667D-01    8.36369D-01
    3.24000D-01    8.36049D-01
    3.24333D-01    8.35729D-01
    3.24667D-01    8.35409D-01
    3.25000D-01    8.35089D-01
    3.25333D-01    8.34768D-01
    3.25667D-01    8.34447D-01
    3.26000D-01    8.34126D-01
    3.26333D-01    8.33804D-01
    3.26667D-01    8.33482D-01
    3.27000D-01    8.33160D-01
    3.27333D-01    8.32838D-01
    3.27667D-01    8.32516D-01
    3.28000D-01    8.32193D-01
    3.28333D-01    8.31870D-01
    3.28667D-01    8.31546D-01
    3.29000D-01    8.31223D-01
    3.29333D-01    8.30899D-01
    3.29667D-01    8.30575D-01
    3.30000D-01    8.30251D-01
    3.30333D-01    8.29926D-01
    3.30667D-01    8.29601D-01
    3.31000D-01    8.29276D-01
    3.31333D-01    8.28951D-01
    3.31667D-01    8.28625D-01
    3.32000D-01    8.28299D-01
    3.32333D-01    8.27973D-01
    3.32667D-01    8.27647D-01
    3.33000D-01    8.27320D-01
    3.33333D-01    8.26993D-01
    3.33667D-01    8.26666D-01
    3.34000D-01    8.26339D-01
    3.34333D-01    8.26011D-01
    3.34667D-01    8.25683D-01
    3.35000D-01    8.25355D-01
    3.35333D-01    8.25027D-01
    3.35667D-01    8.24698D-01
    3.36000D-01    8.24369D-01
    3.36333D-01    8.24040D-01
    3.36667D-01    8.23711D-01
    3.37000D-01    8.23381D-01
    3.37333D-01    8.23051D-01
    3.37667D-01    8.22721D-01
    3.38000D-01    8.22391D-01
    3.38333D-01    8.22060D-01
    3.38667D-01    8.21729D-01
    3.39000D-01    8.21398D-01
    3.39333D-01    8.21067D-01
    3.39667D-01    8.20735D-01
    3.40000D-01    8.20403D-01
    3.40333D-01    8.20071D-01
    3.40667D-01    8.19739D-01
    3.41000D-01    8.19406D-01
    3.41333D-01    8.19073D-01
    3.41667D-01    8.18740D-01
    3.42000D-01    8.18407D-01
    3.42333D-01    8.18073D-01
    3.42667D-01    8.17739D-01
    3.43000D-01    8.17405D-01
    3.43333D-01    8.17071D-01
    3.43667D-01    8.16736D-01
    3.44000D-01    8.16401D-01
    3.44333D-01    8.16066D-01
    3.44667D-01    8.15731D-01
    3.45000D-01    8.15395D-01
    3.45333D-01    8.15059D-01
    3.45667D-01    8.14723D-01
    3.46000D-01    8.14387D-01
    3.46333D-01    8.14050D-01
    3.46667D-01    8.13714D-01
    3.47000D-01    8.13376D-01
    3.47333D-01    8.13039D-01
    3.47667D-01    8.12702D-01
    3.48000D-01    8.12364D-01
    3.48333D-01    8.12026D-01
    3.48667D-01    8.11688D-01
    3.49000D-01    8.11349D-01
    3.49333D-01    8.11010D-01
    3.49667D-01    8.10671D-01
    3.50000D-01    8.10332D-01
    3.50333D-01    8.09992D-01
    3.50667D-01    8.09653D-01
    3.51000D-01    8.09313D-01
    3.51333D-01    8.08973D-01
    3.51667D-01    8.08632D-01
    3.52000D-01    8.08291D-01
    3.52333D-01    8.07950D-01
    3.52667D-01    8.07609D-01
    3.53000D-01    8.07268D-01
    3.53333D-01    8.06926D-01
    3.53667D-01    8.06584D-01
    3.54000D-01    8.06242D-01
    3.54333D-01    8.05900D-01
    3.54667D-01    8.05557D-01
    3.55000D-01    8.05214D-01
    3.55333D-01    8.04871D-01
    3.55667D-01    8.04528D-01
    3.56000D-01    8.04184D-01
    3.56333D-01    8.03840D-01
    3.56667D-01    8.03496D-01
    3.57000D-01    8.03152D-01
    3.57333D-01    8.02808D-01
    3.57667D-01    8.02463D-01
    3.58000D-01    8.02118D-01
    3.58333D-01    8.01773D-01
    3.58667D-01    8.01427D-01
    3.59000D-01    8.01081D-01
    3.59333D-01    8.00735D-01
    3.59667D-01    8.00389D-01
    3.60000D-01    8.00043D-01
    3.60333D-01    7.99696D-01
    3.60667D-01    7.99349D-01
    3.61000D-01    7.99002D-01
    3.61333D-01    7.98655D-01
    3.61667D-01    7.98307D-01
    3.62000D-01    7.97959D-01
    3.62333D-01    7.97611D-01
    3.62667D-01    7.97263D-01
    3.63000D-01    7.96914D-01
    3.63333D-01    7.96566D-01
    3.63667D-01    7.96217D-01
    3.64000D-01    7.95867D-01
    3.64333D-01    7.95518D-01
    3.64667D-01    7.95168D-01
    3.65000D-01    7.94818D-01
    3.65333D-01    7.94468D-01
    3.65667D-01    7.94118D-01
    3.66000D-01    7.93767D-01
    3.66333D-01    7.93416D-01
    3.66667D-01    7.93065D-01
    3.67000D-01    7.92714D-01
    3.67333D-01    7.92362D-01
    3.67667D-01    7.92010D-01
    3.68000D-01    7.91658D-01
    3.68333D-01    7.91306D-01
    3.68667D-01    7.90954D-01
    3.69000D-01    7.90601D-01
    3.69333D-01    7.90248D-01
    3.69667D-01    7.89895D-01
    3.70000D-01    7.89542D-01
    3.70333D-01    7.89188D-01
    3.70667D-01    7.88834D-01
    3.71000D-01    7.88480D-01
    3.71333D-01    7.88126D-01
    3.71667D-01    7.87771D-01
    3.72000D-01    7.87416D-01
    3.72333D-01    7.87061D-01
    3.72667D-01    7.86706D-01
    3.73000D-01    7.86351D-01
    3.73333D-01    7.85995D-01
    3.73667D-01    7.85639D-01
    3.74000D-01    7.85283D-01
    3.74333D-01    7.84927D-01
    3.74667D-01    7.84570D-01
    3.75000D-01    7.84213D-01
    3.75333D-01    7.83856D-01
    3.75667D-01    7.83499D-01
    3.76000D-01    7.83142D-01
    3.76333D-01    7.82784D-01
    3.76667D-01    7.82426D-01
    3.77000D-01    7.82068D-01
    3.77333D-01    7.81709D-01
    3.77667D-01    7.81351D-01
    3.78000D-01    7.80992D-01
    3.78333D-01    7.80633D-01
    3.78667D-01    7.80274D-01
    3.79000D-01    7.79914D-01
    3.79333D-01    7.79554D-01
    3.79667D-01    7.79194D-01
    3.80000D-01    7.78834D-01
    3.80333D-01    7.78474D-01
    3.80667D-01    7.78113D-01
    3.81000D-01    7.77753D-01
    3.81333D-01    7.77391D-01
    3.81667D-01    7.77030D-01
    3.82000D-01    7.76669D-01
    3.82333D-01    7.76307D-01
    3.82667D-01    7.75945D-01
    3.83000D-01    7.75583D-01
    3.83333D-01    7.75221D-01
    3.83667D-01    7.74858D-01
    3.84000D-01    7.74495D-01
    3.84333D-01    7.74132D-01
    3.84667D-01    7.73769D-01
    3.85000D-01    7.73405D-01
    3.85333D-01    7.73042D-01
    3.85667D-01    7.72678D-01
    3.86000D-01    7.72314D-01
    3.86333D-01    7.71949D-01
    3.86667D-01    7.71585D-01
    3.87000D-01    7.71220D-01
    3.87333D-01    7.70855D-01
    3.87667D-01    7.70490D-01
    3.88000D-01    7.70124D-01
    3.88333D-01    7.69759D-01
    3.88667D-01    7.69393D-01
    3.89000D-01    7.69027D-01
    3.89333D-01    7.68661D-01
    3.89667D-01    7.68294D-01
    3.90000D-01    7.67927D-01
    3.90333D-01    7.67560D-01
    3.90667D-01    7.67193D-01
    3.91000D-01    7.66826D-01
    3.91333D-01    7.66458D-01
    3.91667D-01    7.66090D-01
    3.92000D-01    7.65722D-01
    3.92333D-01    7.65354D-01
    3.92667D-01    7.64986D-01
    3.93000D-01    7.64617D-01
    3.93333D-01    7.64248D-01
    3.93667D-01    7.63879D-01
    3.94000D-01    7.63510D-01
    3.94333D-01    7.63140D-01
    3.94667D-01    7.62771D-01
    3.95000D-01    7.62401D-01
    3.95333D-01    7.62031D-01
    3.95667D-01    7.61660D-01
    3.96000D-01    7.61290D-01
    3.96333D-01    7.60919D-01
    3.96667D-01    7.60548D-01
    3.97000D-01    7.60177D-01
    3.97333D-01    7.59805D-01
    3.97667D-01    7.59434D-01
    3.98000D-01    7.59062D-01
    3.98333D-01    7.58690D-01
    3.98667D-01    7.58318D-01
    3.99000D-01    7.57945D-01
    3.99333D-01    7.57573D-01
    3.99667D-01    7.57200D-01
    4.00000D-01    7.56827D-01
    4.00333D-01    7.56453D-01
    4.00667D-01    7.56080D-01
    4.01000D-01    7.55706D-01
    4.01333D-01    7.55332D-01
    4.01667D-01    7.54958D-01
    4.02000D-01    7.54584D-01
    4.02333D-01    7.54209D-01
    4.02667D-01    7.53835D-01
    4.03000D-01    7.53460D-01
    4.03333D-01    7.53085D-01
    4.03667D-01    7.52709D-01
    4.04000D-01    7.52334D-01
    4.04333D-01    7.51958D-01
    4.04667D-01    7.51582D-01
    4.05000D-01    7.51206D-01
    4.05333D-01    7.50829D-01
    4.05667D-01    7.50453D-01
    4.06000D-01    7.50076D-01
    4.06333D-01    7.49699D-01
    4.06667D-01    7.49322D-01
    4.07000D-01    7.48945D-01
    4.07333D-01    7.48567D-01
    4.07667D-01    7.48189D-01
    4.08000D-01    7.47811D-01
    4.08333D-01    7.47433D-01
    4.08667D-01    7.47055D-01
    4.09000D-01    7.46676D-01
    4.09333D-01    7.46297D-01
    4.09667D-01    7.45918D-01
    4.10000D-01    7.45539D-01
    4.10333D-01    7.45160D-01
    4.10667D-01    7.44780D-01
    4.11000D-01    7.44400D-01
    4.11333D-01    7.44020D-01
    4.11667D-01    7.43640D-01
    4.12000D-01    7.43260D-01
    4.12333D-01    7.42879D-01
    4.12667D-01    7.42498D-01
    4.13000D-01    7.42117D-01
    4.13333D-01    7.41736D-01
    4.13667D-01    7.41354D-01
    4.14000D-01    7.40973D-01
    4.14333D-01    7.40591D-01
    4.14667D-01    7.40209D-01
    4.15000D-01    7.39827D-01
    4.15333D-01    7.39445D-01
    4.15667D-01    7.39062D-01
    4.16000D-01    7.38679D-01
    4.16333D-01    7.38296D-01
    4.16667D-01    7.37913D-01
    4.17000D-01    7.37530D-01
    4.17333D-01    7.37146D-01
    4.17667D-01    7.36762D-01
    4.18000D-01    7.36378D-01
    4.18333D-01    7.35994D-01
    4.18667D-01    7.35610D-01
    4.19000D-01    7.35225D-01
    4.19333D-01    7.34841D-01
    4.19667D-01    7.34456D-01
    4.20000D-01    7.34070D-01
    4.20333D-01    7.33685D-01
    4.20667D-01    7.33300D-01
    4.21000D-01    7.32914D-01
    4.21333D-01    7.32528D-01
    4.21667D-01    7.32142D-01
    4.22000D-01    7.31756D-01
    4.22333D-01    7.31369D-01
    4.22667D-01    7.30983D-01
    4.23000D-01    7.30596D-01
    4.23333D-01    7.30209D-01
    4.23667D-01    7.29821D-01
    4.24000D-01    7.29434D-01
    4.24333D-01    7.29046D-01
    4.24667D-01    7.28658D-01
    4.25000D-01    7.28270D-01
    4.25333D-01    7.27882D-01
    4.25667D-01    7.27494D-01
    4.26000D-01    7.27105D-01
    4.26333D-01    7.26717D-01
    4.26667D-01    7.26328D-01
    4.27000D-01    7.25938D-01
    4.27333D-01    7.25549D-01
    4.27667D-01    7.25160D-01
    4.28000D-01    7.24770D-01
    4.28333D-01    7.24380D-01
    4.28667D-01    7.23990D-01
    4.29000D-01    7.23600D-01
    4.29333D-01    7.23209D-01
    4.29667D-01    7.22819D-01
    4.30000D-01    7.22428D-01
    4.30333D-01    7.22037D-01
    4.30667D-01    7.21646D-01
    4.31000D-01    7.21254D-01
    4.31333D-01    7.20863D-01
    4.31667D-01    7.20471D-01
    4.32000D-01    7.20079D-01
    4.32333D-01    7.19687D-01
    4.32667D-01    7.19295D-01
    4.33000D-01    7.18902D-01
    4.33333D-01    7.18509D-01
    4.33667D-01    7.18116D-01
    4.34000D-01    7.17723D-01
    4.34333D-01    7.17330D-01
    4.34667D-01    7.16937D-01
    4.35000D-01    7.16543D-01
    4.35333D-01    7.16149D-01
    4.35667D-01    7.15755D-01
    4.36000D-01    7.15361D-01
    4.36333D-01    7.14967D-01
    4.36667D-01    7.14573D-01
    4.37000D-01    7.14178D-01
    4.37333D-01    7.13783D-01
    4.37667D-01    7.13388D-01
    4.38000D-01    7.12993D-01
    4.38333D-01    7.12597D-01
    4.38667D-01    7.12202D-01
    4.39000D-01    7.11806D-01
    4.39333D-01    7.11410D-01
    4.39667D-01    7.11014D-01
    4.40000D-01    7.10618D-01
    4.40333D-01    7.10221D-01
    4.40667D-01    7.09824D-01
    4.41000D-01    7.09428D-01
    4.41333D-01    7.09031D-01
    4.41667D-01    7.08633D-01
    4.42000D-01    7.08236D-01
    4.42333D-01    7.07838D-01
    4.42667D-01    7.07441D-01
    4.43000D-01    7.07043D-01
    4.43333D-01    7.06645D-01
    4.43667D-01    7.06247D-01
    4.44000D-01    7.05848D-01
    4.44333D-01    7.05450D-01
    4.44667D-01    7.05051D-01
    4.45000D-01    7.04652D-01
    4.45333D-01    7.04253D-01
    4.45667D-01    7.03853D-01
    4.46000D-01    7.03454D-01
    4.46333D-01    7.03054D-01
    4.46667D-01    7.02654D-01
    4.47000D-01    7.02254D-01
    4.47333D-01    7.01854D-01
    4.47667D-01    7.01454D-01
    4.48000D-01    7.01053D-01
    4.48333D-01    7.00653D-01
    4.48667D-01    7.00252D-01
    4.49000D-01    6.99851D-01
    4.49333D-01    6.99450D-01
    4.49667D-01    6.99048D-01
    4.50000D-01    6.98647D-01
    4.50333D-01    6.98245D-01
    4.50667D-01    6.97843D-01
    4.51000D-01    6.97441D-01
    4.51333D-01    6.97039D-01
    4.51667D-01    6.96636D-01
    4.52000D-01    6.96234D-01
    4.52333D-01    6.95831D-01
    4.52667D-01    6.95428D-01
    4.53000D-01    6.95025D-01
    4.53333D-01    6.94622D-01
    4.53667D-01    6.94218D-01
    4.54000D-01    6.93815D-01
    4.54333D-01    6.93411D-01
    4.54667D-01    6.93007D-01
    4.55000D-01    6.92603D-01
    4.55333D-01    6.92199D-01
    4.55667D-01    6.91794D-01
    4.56000D-01    6.91390D-01
    4.56333D-01    6.90985D-01
    4.56667D-01    6.90580D-01
    4.57000D-01    6.90175D-01
    4.57333D-01    6.89770D-01
    4.57667D-01    6.89364D-01
    4.58000D-01    6.88959D-01
    4.58333D-01    6.88553D-01
    4.58667D-01    6.88147D-01
    4.59000D-01    6.87741D-01
    4.59333D-01    6.87335D-01
    4.59667D-01    6.86928D-01
    4.60000D-01    6.86522D-01
    4.60333D-01    6.86115D-01
    4.60667D-01    6.85708D-01
    4.61000D-01    6.85301D-01
    4.61333D-01    6.84894D-01
    4.61667D-01    6.84486D-01
    4.62000D-01    6.84079D-01
    4.62333D-01    6.83671D-01
    4.62667D-01    6.83263D-01
    4.63000D-01    6.82855D-01
    4.63333D-01    6.82447D-01
    4.63667D-01    6.82038D-01
    4.64000D-01    6.81630D-01
    4.64333D-01    6.81221D-01
    4.64667D-01    6.80812D-01
    4.65000D-01    6.80403D-01
    4.65333D-01    6.79994D-01
    4.65667D-01    6.79585D-01
    4.66000D-01    6.79175D-01
    4.66333D-01    6.78766D-01
    4.66667D-01    6.78356D-01
    4.67000D-01    6.77946D-01
    4.67333D-01    6.77536D-01
    4.67667D-01    6.77126D-01
    4.68000D-01    6.76715D-01
    4.68333D-01    6.76305D-01
    4.68667D-01    6.75894D-01
    4.69000D-01    6.75483D-01
    4.69333D-01    6.75072D-01
    4.69667D-01    6.74661D-01
    4.70000D-01    6.74249D-01
    4.70333D-01    6.73838D-01
    4.70667D-01    6.73426D-01
    4.71000D-01    6.73014D-01
    4.71333D-01    6.72602D-01
    4.71667D-01    6.72190D-01
    4.72000D-01    6.71778D-01
    4.72333D-01    6.71365D-01
    4.72667D-01    6.70953D-01
    4.73000D-01    6.70540D-01
    4.73333D-01    6.70127D-01
    4.73667D-01    6.69714D-01
    4.74000D-01    6.69301D-01
    4.74333D-01    6.68888D-01
    4.74667D-01    6.68474D-01
    4.75000D-01    6.68060D-01
    4.75333D-01    6.67646D-01
    4.75667D-01    6.67232D-01
    4.76000D-01    6.66818D-01
    4.76333D-01    6.66404D-01
    4.76667D-01    6.65990D-01
    4.77000D-01    6.65575D-01
    4.77333D-01    6.65160D-01
    4.77667D-01    6.64745D-01
    4.78000D-01    6.64330D-01
    4.78333D-01    6.63915D-01
    4.78667D-01    6.63500D-01
    4.79000D-01    6.63084D-01
    4.79333D-01    6.62669D-01
    4.79667D-01    6.62253D-01
    4.80000D-01    6.61837D-01
    4.80333D-01    6.61421D-01
    4.80667D-01    6.61005D-01
    4.81000D-01    6.60588D-01
    4.81333D-01    6.60172D-01
    4.81667D-01    6.59755D-01
    4.82000D-01    6.59338D-01
    4.82333D-01    6.58921D-01
    4.82667D-01    6.58504D-01
    4.83000D-01    6.58087D-01
    4.83333D-01    6.57670D-01
    4.83667D-01    6.57252D-01
    4.84000D-01    6.56834D-01
    4.84333D-01    6.56417D-01
    4.84667D-01    6.55999D-01
    4.85000D-01    6.55580D-01
    4.85333D-01    6.55162D-01
    4.85667D-01    6.54744D-01
    4.86000D-01    6.54325D-01
    4.86333D-01    6.53907D-01
    4.86667D-01    6.53488D-01
    4.87000D-01    6.53069D-01
    4.87333D-01    6.52650D-01
    4.87667D-01    6.52230D-01
    4.88000D-01    6.51811D-01
    4.88333D-01    6.51391D-01
    4.88667D-01    6.50972D-01
    4.89000D-01    6.50552D-01
    4.89333D-01    6.50132D-01
    4.89667D-01    6.49712D-01
    4.90000D-01    6.49291D-01
    4.90333D-01    6.48871D-01
    4.90667D-01    6.48451D-01
    4.91000D-01    6.48030D-01
    4.91333D-01    6.47609D-01
    4.91667D-01    6.47188D-01
    4.92000D-01    6.46767D-01
    4.92333D-01    6.46346D-01
    4.92667D-01    6.45924D-01
    4.93000D-01    6.45503D-01
    4.93333D-01    6.45081D-01
    4.93667D-01    6.44659D-01
    4.94000D-01    6.44238D-01
    4.94333D-01    6.43815D-01
    4.94667D-01    6.43393D-01
    4.95000D-01    6.42971D-01
    4.95333D-01    6.42548D-01
    4.95667D-01    6.42126D-01
    4.96000D-01    6.41703D-01
    4.96333D-01    6.41280D-01
    4.96667D-01    6.40857D-01
    4.97000D-01    6.40434D-01
    4.97333D-01    6.40011D-01
    4.97667D-01    6.39587D-01
    4.98000D-01    6.39164D-01
    4.98333D-01    6.38740D-01
    4.98667D-01    6.38316D-01
    4.99000D-01    6.37892D-01
    4.99333D-01    6.37468D-01
    4.99667D-01    6.37044D-01
    5.00000D-01    6.36620D-01
    5.00333D-01    6.36195D-01
    5.00667D-01    6.35771D-01
    5.01000D-01    6.35346D-01
    5.01333D-01    6.34921D-01
    5.01667D-01    6.34496D-01
    5.02000D-01    6.34071D-01
    5.02333D-01    6.33646D-01
    5.02667D-01    6.33220D-01
    5.03000D-01    6.32795D-01
    5.03333D-01    6.32369D-01
    5.03667D-01    6.31943D-01
    5.04000D-01    6.31517D-01
    5.04333D-01    6.31091D-01
    5.04667D-01    6.30665D-01
    5.05000D-01    6.30239D-01
    5.05333D-01    6.29812D-01
    5.05667D-01    6.29386D-01
    5.06000D-01    6.28959D-01
    5.06333D-01    6.28532D-01
    5.06667D-01    6.28105D-01
    5.07000D-01    6.27678D-01
    5.07333D-01    6.27251D-01
    5.07667D-01    6.26824D-01
    5.08000D-01    6.26396D-01
    5.08333D-01    6.25969D-01
    5.08667D-01    6.25541D-01
    5.09000D-01    6.25113D-01
    5.09333D-01    6.24685D-01
    5.09667D-01    6.24257D-01
    5.10000D-01    6.23829D-01
    5.10333D-01    6.23401D-01
    5.10667D-01    6.22972D-01
    5.11000D-01    6.22544D-01
    5.11333D-01    6.22115D-01
    5.11667D-01    6.21686D-01
    5.12000D-01    6.21257D-01
    5.12333D-01    6.20828D-01
    5.12667D-01    6.20399D-01
    5.13000D-01    6.19970D-01
    5.13333D-01    6.19540D-01
    5.13667D-01    6.19111D-01
    5.14000D-01    6.18681D-01
    5.14333D-01    6.18251D-01
    5.14667D-01    6.17821D-01
    5.15000D-01    6.17391D-01
    5.15333D-01    6.16961D-01
    5.15667D-01    6.16531D-01
    5.16000D-01    6.16100D-01
    5.16333D-01    6.15670D-01
    5.16667D-01    6.15239D-01
    5.17000D-01    6.14809D-01
    5.17333D-01    6.14378D-01
    5.17667D-01    6.13947D-01
    5.18000D-01    6.13516D-01
    5.18333D-01    6.13084D-01
    5.18667D-01    6.12653D-01
    5.19000D-01    6.12222D-01
    5.19333D-01    6.11790D-01
    5.19667D-01    6.11358D-01
    5.20000D-01    6.10926D-01
    5.20333D-01    6.10495D-01
    5.20667D-01    6.10063D-01
    5.21000D-01    6.09630D-01
    5.21333D-01    6.09198D-01
    5.21667D-01    6.08766D-01
    5.22000D-01    6.08333D-01
    5.22333D-01    6.07901D-01
    5.22667D-01    6.07468D-01
    5.23000D-01    6.07035D-01
    5.23333D-01    6.06602D-01
    5.23667D-01    6.06169D-01
    5.24000D-01    6.05736D-01
    5.24333D-01    6.05302D-01
    5.24667D-01    6.04869D-01
    5.25000D-01    6.04436D-01
    5.25333D-01    6.04002D-01
    5.25667D-01    6.03568D-01
    5.26000D-01    6.03134D-01
    5.26333D-01    6.02700D-01
    5.26667D-01    6.02266D-01
    5.27000D-01    6.01832D-01
    5.27333D-01    6.01398D-01
    5.27667D-01    6.00963D-01
    5.28000D-01    6.00529D-01
    5.28333D-01    6.00094D-01
    5.28667D-01    5.99659D-01
    5.29000D-01    5.99224D-01
    5.29333D-01    5.98790D-01
    5.29667D-01    5.98354D-01
    5.30000D-01    5.97919D-01
    5.30333D-01    5.97484D-01
    5.30667D-01    5.97049D-01
    5.31000D-01    5.96613D-01
    5.31333D-01    5.96177D-01
    5.31667D-01    5.95742D-01
    5.32000D-01    5.95306D-01
    5.32333D-01    5.94870D-01
    5.32667D-01    5.94434D-01
    5.33000D-01    5.93998D-01
    5.33333D-01    5.93562D-01
    5.33667D-01    5.93125D-01
    5.34000D-01    5.92689D-01
    5.34333D-01    5.92252D-01
    5.34667D-01    5.91815D-01
    5.35000D-01    5.91379D-01
    5.35333D-01    5.90942D-01
    5.35667D-01    5.90505D-01
    5.36000D-01    5.90068D-01
    5.36333D-01    5.89631D-01
    5.36667D-01    5.89193D-01
    5.37000D-01    5.88756D-01
    5.37333D-01    5.88318D-01
    5.37667D-01    5.87881D-01
    5.38000D-01    5.87443D-01
    5.38333D-01    5.87005D-01
    5.38667D-01    5.86567D-01
    5.39000D-01    5.86129D-01
    5.39333D-01    5.85691D-01
    5.39667D-01    5.85253D-01
    5.40000D-01    5.84815D-01
    5.40333D-01    5.84376D-01
    5.40667D-01    5.83938D-01
    5.41000D-01    5.83499D-01
    5.41333D-01    5.83060D-01
    5.41667D-01    5.82622D-01
    5.42000D-01    5.82183D-01
    5.42333D-01    5.81744D-01
    5.42667D-01    5.81305D-01
    5.43000D-01    5.80865D-01
    5.43333D-01    5.80426D-01
    5.43667D-01    5.79987D-01
    5.44000D-01    5.79547D-01
    5.44333D-01    5.79108D-01
    5.44667D-01    5.78668D-01
    5.45000D-01    5.78228D-01
    5.45333D-01    5.77788D-01
    5.45667D-01    5.77348D-01
    5.46000D-01    5.76908D-01
    5.46333D-01    5.76468D-01
    5.46667D-01    5.76028D-01
    5.47000D-01    5.75587D-01
    5.47333D-01    5.75147D-01
    5.47667D-01    5.74706D-01
    5.48000D-01    5.74266D-01
    5.48333D-01    5.73825D-01
    5.48667D-01    5.73384D-01
    5.49000D-01    5.72943D-01
    5.49333D-01    5.72502D-01
    5.49667D-01    5.72061D-01
    5.50000D-01    5.71620D-01
    5.50333D-01    5.71179D-01
    5.50667D-01    5.70737D-01
    5.51000D-01    5.70296D-01
    5.51333D-01    5.69854D-01
    5.51667D-01    5.69413D-01
    5.52000D-01    5.68971D-01
    5.52333D-01    5.68529D-01
    5.52667D-01    5.68087D-01
    5.53000D-01    5.67645D-01
    5.53333D-01    5.67203D-01
    5.53667D-01    5.66761D-01
    5.54000D-01    5.66318D-01
    5.54333D-01    5.65876D-01
    5.54667D-01    5.65434D-01
    5.55000D-01    5.64991D-01
    5.55333D-01    5.64548D-01
    5.55667D-01    5.64106D-01
    5.56000D-01    5.63663D-01
    5.56333D-01    5.63220D-01
    5.56667D-01    5.62777D-01
    5.57000D-01    5.62334D-01
    5.57333D-01    5.61891D-01
    5.57667D-01    5.61448D-01
    5.58000D-01    5.61004D-01
    5.58333D-01    5.60561D-01
    5.58667D-01    5.60117D-01
    5.59000D-01    5.59674D-01
    5.59333D-01    5.59230D-01
    5.59667D-01    5.58786D-01
    5.60000D-01    5.58342D-01
    5.60333D-01    5.57898D-01
    5.60667D-01    5.57454D-01
    5.61000D-01    5.57010D-01
    5.61333D-01    5.56566D-01
    5.61667D-01    5.56122D-01
    5.62000D-01    5.55678D-01
    5.62333D-01    5.55233D-01
    5.62667D-01    5.54789D-01
    5.63000D-01    5.54344D-01
    5.63333D-01    5.53899D-01
    5.63667D-01    5.53455D-01
    5.64000D-01    5.53010D-01
    5.64333D-01    5.52565D-01
    5.64667D-01    5.52120D-01
    5.65000D-01    5.51675D-01
    5.65333D-01    5.51230D-01
    5.65667D-01    5.50784D-01
    5.66000D-01    5.50339D-01
    5.66333D-01    5.49894D-01
    5.66667D-01    5.49448D-01
    5.67000D-01    5.49003D-01
    5.67333D-01    5.48557D-01
    5.67667D-01    5.48111D-01
    5.68000D-01    5.47666D-01
    5.68333D-01    5.47220D-01
    5.68667D-01    5.46774D-01
    5.69000D-01    5.46328D-01
    5.69333D-01    5.45882D-01
    5.69667D-01    5.45436D-01
    5.70000D-01    5.44989D-01
    5.70333D-01    5.44543D-01
    5.70667D-01    5.44097D-01
    5.71000D-01    5.43650D-01
    5.71333D-01    5.43204D-01
    5.71667D-01    5.42757D-01
    5.72000D-01    5.42310D-01
    5.72333D-01    5.41864D-01
    5.72667D-01    5.41417D-01
    5.73000D-01    5.40970D-01
    5.73333D-01    5.40523D-01
    5.73667D-01    5.40076D-01
    5.74000D-01    5.39629D-01
    5.74333D-01    5.39182D-01
    5.74667D-01    5.38734D-01
    5.75000D-01    5.38287D-01
    5.75333D-01    5.37839D-01
    5.75667D-01    5.37392D-01
    5.76000D-01    5.36944D-01
    5.76333D-01    5.36497D-01
    5.76667D-01    5.36049D-01
    5.77000D-01    5.35601D-01
    5.77333D-01    5.35153D-01
    5.77667D-01    5.34706D-01
    5.78000D-01    5.34258D-01
    5.78333D-01    5.33810D-01
    5.78667D-01    5.33361D-01
    5.79000D-01    5.32913D-01
    5.79333D-01    5.32465D-01
    5.79667D-01    5.32017D-01
    5.80000D-01    5.31568D-01
    5.80333D-01    5.31120D-01
    5.80667D-01    5.30671D-01
    5.81000D-01    5.30223D-01
    5.81333D-01    5.29774D-01
    5.81667D-01    5.29325D-01
    5.82000D-01    5.28877D-01
    5.82333D-01    5.28428D-01
    5.82667D-01    5.27979D-01
    5.83000D-01    5.27530D-01
    5.83333D-01    5.27081D-01
    5.83667D-01    5.26632D-01
    5.84000D-01    5.26182D-01
    5.84333D-01    5.25733D-01
    5.84667D-01    5.25284D-01
    5.85000D-01    5.24834D-01
    5.85333D-01    5.24385D-01
    5.85667D-01    5.23936D-01
    5.86000D-01    5.23486D-01
    5.86333D-01    5.23036D-01
    5.86667D-01    5.22587D-01
    5.87000D-01    5.22137D-01
    5.87333D-01    5.21687D-01
    5.87667D-01    5.21237D-01
    5.88000D-01    5.20787D-01
    5.88333D-01    5.20337D-01
    5.88667D-01    5.19887D-01
    5.89000D-01    5.19437D-01
    5.89333D-01    5.18987D-01
    5.89667D-01    5.18537D-01
    5.90000D-01    5.18086D-01
    5.90333D-01    5.17636D-01
    5.90667D-01    5.17186D-01
    5.91000D-01    5.16735D-01
    5.91333D-01    5.16285D-01
    5.91667D-01    5.15834D-01
    5.92000D-01    5.15383D-01
    5.92333D-01    5.14933D-01
    5.92667D-01    5.14482D-01
    5.93000D-01    5.14031D-01
    5.93333D-01    5.13580D-01
    5.93667D-01    5.13129D-01
    5.94000D-01    5.12678D-01
    5.94333D-01    5.12227D-01
    5.94667D-01    5.11776D-01
    5.95000D-01    5.11325D-01
    5.95333D-01    5.10874D-01
    5.95667D-01    5.10423D-01
    5.96000D-01    5.09971D-01
    5.96333D-01    5.09520D-01
    5.96667D-01    5.09068D-01
    5.97000D-01    5.08617D-01
    5.97333D-01    5.08165D-01
    5.97667D-01    5.07714D-01
    5.98000D-01    5.07262D-01
    5.98333D-01    5.06810D-01
    5.98667D-01    5.06359D-01
    5.99000D-01    5.05907D-01
    5.99333D-01    5.05455D-01
    5.99667D-01    5.05003D-01
    6.00000D-01    5.04551D-01
    6.00333D-01    5.04099D-01
    6.00667D-01    5.03647D-01
    6.01000D-01    5.03195D-01
    6.01333D-01    5.02743D-01
    6.01667D-01    5.02291D-01
    6.02000D-01    5.01838D-01
    6.02333D-01    5.01386D-01
    6.02667D-01    5.00934D-01
    6.03000D-01    5.00481D-01
    6.03333D-01    5.00029D-01
    6.03667D-01    4.99576D-01
    6.04000D-01    4.99124D-01
    6.04333D-01    4.98671D-01
    6.04667D-01    4.98219D-01
    6.05000D-01    4.97766D-01
    6.05333D-01    4.97313D-01
    6.05667D-01    4.96860D-01
    6.06000D-01    4.96407D-01
    6.06333D-01    4.95955D-01
    6.06667D-01    4.95502D-01
    6.07000D-01    4.95049D-01
    6.07333D-01    4.94596D-01
    6.07667D-01    4.94143D-01
    6.08000D-01    4.93689D-01
    6.08333D-01    4.93236D-01
    6.08667D-01    4.92783D-01
    6.09000D-01    4.92330D-01
    6.09333D-01    4.91877D-01
    6.09667D-01    4.91423D-01
    6.10000D-01    4.90970D-01
    6.10333D-01    4.90517D-01
    6.10667D-01    4.90063D-01
    6.11000D-01    4.89610D-01
    6.11333D-01    4.89156D-01
    6.11667D-01    4.88702D-01
    6.12000D-01    4.88249D-01
    6.12333D-01    4.87795D-01
    6.12667D-01    4.87341D-01
    6.13000D-01    4.86888D-01
    6.13333D-01    4.86434D-01
    6.13667D-01    4.85980D-01
    6.14000D-01    4.85526D-01
    6.14333D-01    4.85072D-01
    6.14667D-01    4.84618D-01
    6.15000D-01    4.84164D-01
    6.15333D-01    4.83710D-01
    6.15667D-01    4.83256D-01
    6.16000D-01    4.82802D-01
    6.16333D-01    4.82348D-01
    6.16667D-01    4.81894D-01
    6.17000D-01    4.81440D-01
    6.17333D-01    4.80985D-01
    6.17667D-01    4.80531D-01
    6.18000D-01    4.80077D-01
    6.18333D-01    4.79622D-01
    6.18667D-01    4.79168D-01
    6.19000D-01    4.78714D-01
    6.19333D-01    4.78259D-01
    6.19667D-01    4.77805D-01
    6.20000D-01    4.77350D-01
    6.20333D-01    4.76896D-01
    6.20667D-01    4.76441D-01
    6.21000D-01    4.75986D-01
    6.21333D-01    4.75532D-01
    6.21667D-01    4.75077D-01
    6.22000D-01    4.74622D-01
    6.22333D-01    4.74167D-01
    6.22667D-01    4.73713D-01
    6.23000D-01    4.73258D-01
    6.23333D-01    4.72803D-01
    6.23667D-01    4.72348D-01
    6.24000D-01    4.71893D-01
    6.24333D-01    4.71438D-01
    6.24667D-01    4.70983D-01
    6.25000D-01    4.70528D-01
    6.25333D-01    4.70073D-01
    6.25667D-01    4.69618D-01
    6.26000D-01    4.69163D-01
    6.26333D-01    4.68708D-01
    6.26667D-01    4.68252D-01
    6.27000D-01    4.67797D-01
    6.27333D-01    4.67342D-01
    6.27667D-01    4.66887D-01
    6.28000D-01    4.66431D-01
    6.28333D-01    4.65976D-01
    6.28667D-01    4.65521D-01
    6.29000D-01    4.65065D-01
    6.29333D-01    4.64610D-01
    6.29667D-01    4.64154D-01
    6.30000D-01    4.63699D-01
    6.30333D-01    4.63244D-01
    6.30667D-01    4.62788D-01
    6.31000D-01    4.62332D-01
    6.31333D-01    4.61877D-01
    6.31667D-01    4.61421D-01
    6.32000D-01    4.60966D-01
    6.32333D-01    4.60510D-01
    6.32667D-01    4.60054D-01
    6.33000D-01    4.59599D-01
    6.33333D-01    4.59143D-01
    6.33667D-01    4.58687D-01
    6.34000D-01    4.58231D-01
    6.34333D-01    4.57776D-01
    6.34667D-01    4.57320D-01
    6.35000D-01    4.56864D-01
    6.35333D-01    4.56408D-01
    6.35667D-01    4.55952D-01
    6.36000D-01    4.55496D-01
    6.36333D-01    4.55041D-01
    6.36667D-01    4.54585D-01
    6.37000D-01    4.54129D-01
    6.37333D-01    4.53673D-01
    6.37667D-01    4.53217D-01
    6.38000D-01    4.52761D-01
    6.38333D-01    4.52305D-01
    6.38667D-01    4.51848D-01
    6.39000D-01    4.51392D-01
    6.39333D-01    4.50936D-01
    6.39667D-01    4.50480D-01
    6.40000D-01    4.50024D-01
    6.40333D-01    4.49568D-01
    6.40667D-01    4.49112D-01
    6.41000D-01    4.48656D-01
    6.41333D-01    4.48199D-01
    6.41667D-01    4.47743D-01
    6.42000D-01    4.47287D-01
    6.42333D-01    4.46831D-01
    6.42667D-01    4.46374D-01
    6.43000D-01    4.45918D-01
    6.43333D-01    4.45462D-01
    6.43667D-01    4.45005D-01
    6.44000D-01    4.44549D-01
    6.44333D-01    4.44093D-01
    6.44667D-01    4.43636D-01
    6.45000D-01    4.43180D-01
    6.45333D-01    4.42724D-01
    6.45667D-01    4.42267D-01
    6.46000D-01    4.41811D-01
    6.46333D-01    4.41354D-01
    6.46667D-01    4.40898D-01
    6.47000D-01    4.40441D-01
    6.47333D-01    4.39985D-01
    6.47667D-01    4.39528D-01
    6.48000D-01    4.39072D-01
    6.48333D-01    4.38615D-01
    6.48667D-01    4.38159D-01
    6.49000D-01    4.37702D-01
    6.49333D-01    4.37246D-01
    6.49667D-01    4.36789D-01
    6.50000D-01    4.36333D-01
    6.50333D-01    4.35876D-01
    6.50667D-01    4.35419D-01
    6.51000D-01    4.34963D-01
    6.51333D-01    4.34506D-01
    6.51667D-01    4.34050D-01
    6.52000D-01    4.33593D-01
    6.52333D-01    4.33136D-01
    6.52667D-01    4.32680D-01
    6.53000D-01    4.32223D-01
    6.53333D-01    4.31766D-01
    6.53667D-01    4.31310D-01
    6.54000D-01    4.30853D-01
    6.54333D-01    4.30396D-01
    6.54667D-01    4.29940D-01
    6.55000D-01    4.29483D-01
    6.55333D-01    4.29026D-01
    6.55667D-01    4.28570D-01
    6.56000D-01    4.28113D-01
    6.56333D-01    4.27656D-01
    6.56667D-01    4.27199D-01
    6.57000D-01    4.26743D-01
    6.57333D-01    4.26286D-01
    6.57667D-01    4.25829D-01
    6.58000D-01    4.25372D-01
    6.58333D-01    4.24916D-01
    6.58667D-01    4.24459D-01
    6.59000D-01    4.24002D-01
    6.59333D-01    4.23545D-01
    6.59667D-01    4.23089D-01
    6.60000D-01    4.22632D-01
    6.60333D-01    4.22175D-01
    6.60667D-01    4.21718D-01
    6.61000D-01    4.21262D-01
    6.61333D-01    4.20805D-01
    6.61667D-01    4.20348D-01
    6.62000D-01    4.19891D-01
    6.62333D-01    4.19435D-01
    6.62667D-01    4.18978D-01
    6.63000D-01    4.18521D-01
    6.63333D-01    4.18064D-01
    6.63667D-01    4.17608D-01
    6.64000D-01    4.17151D-01
    6.64333D-01    4.16694D-01
    6.64667D-01    4.16237D-01
    6.65000D-01    4.15780D-01
    6.65333D-01    4.15324D-01
    6.65667D-01    4.14867D-01
    6.66000D-01    4.14410D-01
    6.66333D-01    4.13953D-01
    6.66667D-01    4.13497D-01
    6.67000D-01    4.13040D-01
    6.67333D-01    4.12583D-01
    6.67667D-01    4.12126D-01
    6.68000D-01    4.11670D-01
    6.68333D-01    4.11213D-01
    6.68667D-01    4.10756D-01
    6.69000D-01    4.10300D-01
    6.69333D-01    4.09843D-01
    6.69667D-01    4.09386D-01
    6.70000D-01    4.08929D-01
    6.70333D-01    4.08473D-01
    6.70667D-01    4.08016D-01
    6.71000D-01    4.07559D-01
    6.71333D-01    4.07103D-01
    6.71667D-01    4.06646D-01
    6.72000D-01    4.06189D-01
    6.72333D-01    4.05733D-01
    6.72667D-01    4.05276D-01
    6.73000D-01    4.04819D-01
    6.73333D-01    4.04363D-01
    6.73667D-01    4.03906D-01
    6.74000D-01    4.03449D-01
    6.74333D-01    4.02993D-01
    6.74667D-01    4.02536D-01
    6.75000D-01    4.02080D-01
    6.75333D-01    4.01623D-01
    6.75667D-01    4.01167D-01
    6.76000D-01    4.00710D-01
    6.76333D-01    4.00253D-01
    6.76667D-01    3.99797D-01
    6.77000D-01    3.99340D-01
    6.77333D-01    3.98884D-01
    6.77667D-01    3.98427D-01
    6.78000D-01    3.97971D-01
    6.78333D-01    3.97514D-01
    6.78667D-01    3.97058D-01
    6.79000D-01    3.96602D-01
    6.79333D-01    3.96145D-01
    6.79667D-01    3.95689D-01
    6.80000D-01    3.95232D-01
    6.80333D-01    3.94776D-01
    6.80667D-01    3.94319D-01
    6.81000D-01    3.93863D-01
    6.81333D-01    3.93407D-01
    6.81667D-01    3.92950D-01
    6.82000D-01    3.92494D-01
    6.82333D-01    3.92038D-01
    6.82667D-01    3.91582D-01
    6.83000D-01    3.91125D-01
    6.83333D-01    3.90669D-01
    6.83667D-01    3.90213D-01
    6.84000D-01    3.89757D-01
    6.84333D-01    3.89300D-01
    6.84667D-01    3.88844D-01
    6.85000D-01    3.88388D-01
    6.85333D-01    3.87932D-01
    6.85667D-01    3.87476D-01
    6.86000D-01    3.87020D-01
    6.86333D-01    3.86563D-01
    6.86667D-01    3.86107D-01
    6.87000D-01    3.85651D-01
    6.87333D-01    3.85195D-01
    6.87667D-01    3.84739D-01
    6.88000D-01    3.84283D-01
    6.88333D-01    3.83827D-01
    6.88667D-01    3.83371D-01
    6.89000D-01    3.82915D-01
    6.89333D-01    3.82459D-01
    6.89667D-01    3.82004D-01
    6.90000D-01    3.81548D-01
    6.90333D-01    3.81092D-01
    6.90667D-01    3.80636D-01
    6.91000D-01    3.80180D-01
    6.91333D-01    3.79724D-01
    6.91667D-01    3.79269D-01
    6.92000D-01    3.78813D-01
    6.92333D-01    3.78357D-01
    6.92667D-01    3.77902D-01
    6.93000D-01    3.77446D-01
    6.93333D-01    3.76990D-01
    6.93667D-01    3.76535D-01
    6.94000D-01    3.76079D-01
    6.94333D-01    3.75623D-01
    6.94667D-01    3.75168D-01
    6.95000D-01    3.74712D-01
    6.95333D-01    3.74257D-01
    6.95667D-01    3.73801D-01
    6.96000D-01    3.73346D-01
    6.96333D-01    3.72891D-01
    6.96667D-01    3.72435D-01
    6.97000D-01    3.71980D-01
    6.97333D-01    3.71525D-01
    6.97667D-01    3.71069D-01
    6.98000D-01    3.70614D-01
    6.98333D-01    3.70159D-01
    6.98667D-01    3.69704D-01
    6.99000D-01    3.69248D-01
    6.99333D-01    3.68793D-01
    6.99667D-01    3.68338D-01
    7.00000D-01    3.67883D-01
    7.00333D-01    3.67428D-01
    7.00667D-01    3.66973D-01
    7.01000D-01    3.66518D-01
    7.01333D-01    3.66063D-01
    7.01667D-01    3.65608D-01
    7.02000D-01    3.65153D-01
    7.02333D-01    3.64698D-01
    7.02667D-01    3.64243D-01
    7.03000D-01    3.63789D-01
    7.03333D-01    3.63334D-01
    7.03667D-01    3.62879D-01
    7.04000D-01    3.62424D-01
    7.04333D-01    3.61970D-01
    7.04667D-01    3.61515D-01
    7.05000D-01    3.61060D-01
    7.05333D-01    3.60606D-01
    7.05667D-01    3.60151D-01
    7.06000D-01    3.59697D-01
    7.06333D-01    3.59242D-01
    7.06667D-01    3.58788D-01
    7.07000D-01    3.58333D-01
    7.07333D-01    3.57879D-01
    7.07667D-01    3.57425D-01
    7.08000D-01    3.56970D-01
    7.08333D-01    3.56516D-01
    7.08667D-01    3.56062D-01
    7.09000D-01    3.55608D-01
    7.09333D-01    3.55153D-01
    7.09667D-01    3.54699D-01
    7.10000D-01    3.54245D-01
    7.10333D-01    3.53791D-01
    7.10667D-01    3.53337D-01
    7.11000D-01    3.52883D-01
    7.11333D-01    3.52429D-01
    7.11667D-01    3.51975D-01
    7.12000D-01    3.51522D-01
    7.12333D-01    3.51068D-01
    7.12667D-01    3.50614D-01
    7.13000D-01    3.50160D-01
    7.13333D-01    3.49707D-01
    7.13667D-01    3.49253D-01
    7.14000D-01    3.48799D-01
    7.14333D-01    3.48346D-01
    7.14667D-01    3.47892D-01
    7.15000D-01    3.47439D-01
    7.15333D-01    3.46985D-01
    7.15667D-01    3.46532D-01
    7.16000D-01    3.46079D-01
    7.16333D-01    3.45625D-01
    7.16667D-01    3.45172D-01
    7.17000D-01    3.44719D-01
    7.17333D-01    3.44266D-01
    7.17667D-01    3.43812D-01
    7.18000D-01    3.43359D-01
    7.18333D-01    3.42906D-01
    7.18667D-01    3.42453D-01
    7.19000D-01    3.42000D-01
    7.19333D-01    3.41547D-01
    7.19667D-01    3.41094D-01
    7.20000D-01    3.40642D-01
    7.20333D-01    3.40189D-01
    7.20667D-01    3.39736D-01
    7.21000D-01    3.39283D-01
    7.21333D-01    3.38831D-01
    7.21667D-01    3.38378D-01
    7.22000D-01    3.37926D-01
    7.22333D-01    3.37473D-01
    7.22667D-01    3.37021D-01
    7.23000D-01    3.36568D-01
    7.23333D-01    3.36116D-01
    7.23667D-01    3.35664D-01
    7.24000D-01    3.35211D-01
    7.24333D-01    3.34759D-01
    7.24667D-01    3.34307D-01
    7.25000D-01    3.33855D-01
    7.25333D-01    3.33403D-01
    7.25667D-01    3.32951D-01
    7.26000D-01    3.32499D-01
    7.26333D-01    3.32047D-01
    7.26667D-01    3.31595D-01
    7.27000D-01    3.31143D-01
    7.27333D-01    3.30691D-01
    7.27667D-01    3.30240D-01
    7.28000D-01    3.29788D-01
    7.28333D-01    3.29336D-01
    7.28667D-01    3.28885D-01
    7.29000D-01    3.28433D-01
    7.29333D-01    3.27982D-01
    7.29667D-01    3.27530D-01
    7.30000D-01    3.27079D-01
    7.30333D-01    3.26628D-01
    7.30667D-01    3.26177D-01
    7.31000D-01    3.25725D-01
    7.31333D-01    3.25274D-01
    7.31667D-01    3.24823D-01
    7.32000D-01    3.24372D-01
    7.32333D-01    3.23921D-01
    7.32667D-01    3.23470D-01
    7.33000D-01    3.23019D-01
    7.33333D-01    3.22569D-01
    7.33667D-01    3.22118D-01
    7.34000D-01    3.21667D-01
    7.34333D-01    3.21217D-01
    7.34667D-01    3.20766D-01
    7.35000D-01    3.20315D-01
    7.35333D-01    3.19865D-01
    7.35667D-01    3.19415D-01
    7.36000D-01    3.18964D-01
    7.36333D-01    3.18514D-01
    7.36667D-01    3.18064D-01
    7.37000D-01    3.17614D-01
    7.37333D-01    3.17163D-01
    7.37667D-01    3.16713D-01
    7.38000D-01    3.16263D-01
    7.38333D-01    3.15814D-01
    7.38667D-01    3.15364D-01
    7.39000D-01    3.14914D-01
    7.39333D-01    3.14464D-01
    7.39667D-01    3.14014D-01
    7.40000D-01    3.13565D-01
    7.40333D-01    3.13115D-01
    7.40667D-01    3.12666D-01
    7.41000D-01    3.12216D-01
    7.41333D-01    3.11767D-01
    7.41667D-01    3.11318D-01
    7.42000D-01    3.10868D-01
    7.42333D-01    3.10419D-01
    7.42667D-01    3.09970D-01
    7.43000D-01    3.09521D-01
    7.43333D-01    3.09072D-01
    7.43667D-01    3.08623D-01
    7.44000D-01    3.08174D-01
    7.44333D-01    3.07725D-01
    7.44667D-01    3.07276D-01
    7.45000D-01    3.06828D-01
    7.45333D-01    3.06379D-01
    7.45667D-01    3.05931D-01
    7.46000D-01    3.05482D-01
    7.46333D-01    3.05034D-01
    7.46667D-01    3.04585D-01
    7.47000D-01    3.04137D-01
    7.47333D-01    3.03689D-01
    7.47667D-01    3.03241D-01
    7.48000D-01    3.02793D-01
    7.48333D-01    3.02345D-01
    7.48667D-01    3.01897D-01
    7.49000D-01    3.01449D-01
    7.49333D-01    3.01001D-01
    7.49667D-01    3.00553D-01
    7.50000D-01    3.00105D-01
    7.50333D-01    2.99658D-01
    7.50667D-01    2.99210D-01
    7.51000D-01    2.98763D-01
    7.51333D-01    2.98315D-01
    7.51667D-01    2.97868D-01
    7.52000D-01    2.97421D-01
    7.52333D-01    2.96974D-01
    7.52667D-01    2.96526D-01
    7.53000D-01    2.96079D-01
    7.53333D-01    2.95632D-01
    7.53667D-01    2.95186D-01
    7.54000D-01    2.94739D-01
    7.54333D-01    2.94292D-01
    7.54667D-01    2.93845D-01
    7.55000D-01    2.93399D-01
    7.55333D-01    2.92952D-01
    7.55667D-01    2.92506D-01
    7.56000D-01    2.92059D-01
    7.56333D-01    2.91613D-01
    7.56667D-01    2.91167D-01
    7.57000D-01    2.90720D-01
    7.57333D-01    2.90274D-01
    7.57667D-01    2.89828D-01
    7.58000D-01    2.89382D-01
    7.58333D-01    2.88936D-01
    7.58667D-01    2.88491D-01
    7.59000D-01    2.88045D-01
    7.59333D-01    2.87599D-01
    7.59667D-01    2.87154D-01
    7.60000D-01    2.86708D-01
    7.60333D-01    2.86263D-01
    7.60667D-01    2.85817D-01
    7.61000D-01    2.85372D-01
    7.61333D-01    2.84927D-01
    7.61667D-01    2.84482D-01
    7.62000D-01    2.84037D-01
    7.62333D-01    2.83592D-01
    7.62667D-01    2.83147D-01
    7.63000D-01    2.82702D-01
    7.63333D-01    2.82257D-01
    7.63667D-01    2.81813D-01
    7.64000D-01    2.81368D-01
    7.64333D-01    2.80923D-01
    7.64667D-01    2.80479D-01
    7.65000D-01    2.80035D-01
    7.65333D-01    2.79590D-01
    7.65667D-01    2.79146D-01
    7.66000D-01    2.78702D-01
    7.66333D-01    2.78258D-01
    7.66667D-01    2.77814D-01
    7.67000D-01    2.77370D-01
    7.67333D-01    2.76927D-01
    7.67667D-01    2.76483D-01
    7.68000D-01    2.76039D-01
    7.68333D-01    2.75596D-01
    7.68667D-01    2.75152D-01
    7.69000D-01    2.74709D-01
    7.69333D-01    2.74266D-01
    7.69667D-01    2.73822D-01
    7.70000D-01    2.73379D-01
    7.70333D-01    2.72936D-01
    7.70667D-01    2.72493D-01
    7.71000D-01    2.72051D-01
    7.71333D-01    2.71608D-01
    7.71667D-01    2.71165D-01
    7.72000D-01    2.70722D-01
    7.72333D-01    2.70280D-01
    7.72667D-01    2.69838D-01
    7.73000D-01    2.69395D-01
    7.73333D-01    2.68953D-01
    7.73667D-01    2.68511D-01
    7.74000D-01    2.68069D-01
    7.74333D-01    2.67627D-01
    7.74667D-01    2.67185D-01
    7.75000D-01    2.66743D-01
    7.75333D-01    2.66301D-01
    7.75667D-01    2.65859D-01
    7.76000D-01    2.65418D-01
    7.76333D-01    2.64976D-01
    7.76667D-01    2.64535D-01
    7.77000D-01    2.64094D-01
    7.77333D-01    2.63653D-01
    7.77667D-01    2.63211D-01
    7.78000D-01    2.62770D-01
    7.78333D-01    2.62329D-01
    7.78667D-01    2.61889D-01
    7.79000D-01    2.61448D-01
    7.79333D-01    2.61007D-01
    7.79667D-01    2.60567D-01
    7.80000D-01    2.60126D-01
    7.80333D-01    2.59686D-01
    7.80667D-01    2.59245D-01
    7.81000D-01    2.58805D-01
    7.81333D-01    2.58365D-01
    7.81667D-01    2.57925D-01
    7.82000D-01    2.57485D-01
    7.82333D-01    2.57045D-01
    7.82667D-01    2.56605D-01
    7.83000D-01    2.56166D-01
    7.83333D-01    2.55726D-01
    7.83667D-01    2.55287D-01
    7.84000D-01    2.54847D-01
    7.84333D-01    2.54408D-01
    7.84667D-01    2.53969D-01
    7.85000D-01    2.53530D-01
    7.85333D-01    2.53091D-01
    7.85667D-01    2.52652D-01
    7.86000D-01    2.52213D-01
    7.86333D-01    2.51774D-01
    7.86667D-01    2.51336D-01
    7.87000D-01    2.50897D-01
    7.87333D-01    2.50459D-01
    7.87667D-01    2.50020D-01
    7.88000D-01    2.49582D-01
    7.88333D-01    2.49144D-01
    7.88667D-01    2.48706D-01
    7.89000D-01    2.48268D-01
    7.89333D-01    2.47830D-01
    7.89667D-01    2.47393D-01
    7.90000D-01    2.46955D-01
    7.90333D-01    2.46517D-01
    7.90667D-01    2.46080D-01
    7.91000D-01    2.45643D-01
    7.91333D-01    2.45205D-01
    7.91667D-01    2.44768D-01
    7.92000D-01    2.44331D-01
    7.92333D-01    2.43894D-01
    7.92667D-01    2.43457D-01
    7.93000D-01    2.43021D-01
    7.93333D-01    2.42584D-01
    7.93667D-01    2.42147D-01
    7.94000D-01    2.41711D-01
    7.94333D-01    2.41275D-01
    7.94667D-01    2.40838D-01
    7.95000D-01    2.40402D-01
    7.95333D-01    2.39966D-01
    7.95667D-01    2.39530D-01
    7.96000D-01    2.39094D-01
    7.96333D-01    2.38659D-01
    7.96667D-01    2.38223D-01
    7.97000D-01    2.37787D-01
    7.97333D-01    2.37352D-01
    7.97667D-01    2.36917D-01
    7.98000D-01    2.36481D-01
    7.98333D-01    2.36046D-01
    7.98667D-01    2.35611D-01
    7.99000D-01    2.35176D-01
    7.99333D-01    2.34742D-01
    7.99667D-01    2.34307D-01
    8.00000D-01    2.33872D-01
    8.00333D-01    2.33438D-01
    8.00667D-01    2.33003D-01
    8.01000D-01    2.32569D-01
    8.01333D-01    2.32135D-01
    8.01667D-01    2.31701D-01
    8.02000D-01    2.31267D-01
    8.02333D-01    2.30833D-01
    8.02667D-01    2.30399D-01
    8.03000D-01    2.29966D-01
    8.03333D-01    2.29532D-01
    8.03667D-01    2.29099D-01
    8.04000D-01    2.28666D-01
    8.04333D-01    2.28232D-01
    8.04667D-01    2.27799D-01
    8.05000D-01    2.27366D-01
    8.05333D-01    2.26933D-01
    8.05667D-01    2.26501D-01
    8.06000D-01    2.26068D-01
    8.06333D-01    2.25635D-01
    8.06667D-01    2.25203D-01
    8.07000D-01    2.24771D-01
    8.07333D-01    2.24338D-01
    8.07667D-01    2.23906D-01
    8.08000D-01    2.23474D-01
    8.08333D-01    2.23043D-01
    8.08667D-01    2.22611D-01
    8.09000D-01    2.22179D-01
    8.09333D-01    2.21748D-01
    8.09667D-01    2.21316D-01
    8.10000D-01    2.20885D-01
    8.10333D-01    2.20454D-01
    8.10667D-01    2.20023D-01
    8.11000D-01    2.19592D-01
    8.11333D-01    2.19161D-01
    8.11667D-01    2.18730D-01
    8.12000D-01    2.18299D-01
    8.12333D-01    2.17869D-01
    8.12667D-01    2.17438D-01
    8.13000D-01    2.17008D-01
    8.13333D-01    2.16578D-01
    8.13667D-01    2.16148D-01
    8.14000D-01    2.15718D-01
    8.14333D-01    2.15288D-01
    8.14667D-01    2.14858D-01
    8.15000D-01    2.14429D-01
    8.15333D-01    2.13999D-01
    8.15667D-01    2.13570D-01
    8.16000D-01    2.13141D-01
    8.16333D-01    2.12711D-01
    8.16667D-01    2.12282D-01
    8.17000D-01    2.11854D-01
    8.17333D-01    2.11425D-01
    8.17667D-01    2.10996D-01
    8.18000D-01    2.10568D-01
    8.18333D-01    2.10139D-01
    8.18667D-01    2.09711D-01
    8.19000D-01    2.09283D-01
    8.19333D-01    2.08855D-01
    8.19667D-01    2.08427D-01
    8.20000D-01    2.07999D-01
    8.20333D-01    2.07571D-01
    8.20667D-01    2.07143D-01
    8.21000D-01    2.06716D-01
    8.21333D-01    2.06289D-01
    8.21667D-01    2.05861D-01
    8.22000D-01    2.05434D-01
    8.22333D-01    2.05007D-01
    8.22667D-01    2.04580D-01
    8.23000D-01    2.04154D-01
    8.23333D-01    2.03727D-01
    8.23667D-01    2.03301D-01
    8.24000D-01    2.02874D-01
    8.24333D-01    2.02448D-01
    8.24667D-01    2.02022D-01
    8.25000D-01    2.01596D-01
    8.25333D-01    2.01170D-01
    8.25667D-01    2.00744D-01
    8.26000D-01    2.00318D-01
    8.26333D-01    1.99893D-01
    8.26667D-01    1.99467D-01
    8.27000D-01    1.99042D-01
    8.27333D-01    1.98617D-01
    8.27667D-01    1.98192D-01
    8.28000D-01    1.97767D-01
    8.28333D-01    1.97342D-01
    8.28667D-01    1.96918D-01
    8.29000D-01    1.96493D-01
    8.29333D-01    1.96069D-01
    8.29667D-01    1.95645D-01
    8.30000D-01    1.95220D-01
    8.30333D-01    1.94796D-01
    8.30667D-01    1.94372D-01
    8.31000D-01    1.93949D-01
    8.31333D-01    1.93525D-01
    8.31667D-01    1.93102D-01
    8.32000D-01    1.92678D-01
    8.32333D-01    1.92255D-01
    8.32667D-01    1.91832D-01
    8.33000D-01    1.91409D-01
    8.33333D-01    1.90986D-01
    8.33667D-01    1.90563D-01
    8.34000D-01    1.90141D-01
    8.34333D-01    1.89718D-01
    8.34667D-01    1.89296D-01
    8.35000D-01    1.88874D-01
    8.35333D-01    1.88451D-01
    8.35667D-01    1.88029D-01
    8.36000D-01    1.87608D-01
    8.36333D-01    1.87186D-01
    8.36667D-01    1.86764D-01
    8.37000D-01    1.86343D-01
    8.37333D-01    1.85922D-01
    8.37667D-01    1.85500D-01
    8.38000D-01    1.85079D-01
    8.38333D-01    1.84658D-01
    8.38667D-01    1.84238D-01
    8.39000D-01    1.83817D-01
    8.39333D-01    1.83397D-01
    8.39667D-01    1.82976D-01
    8.40000D-01    1.82556D-01
    8.40333D-01    1.82136D-01
    8.40667D-01    1.81716D-01
    8.41000D-01    1.81296D-01
    8.41333D-01    1.80876D-01
    8.41667D-01    1.80457D-01
    8.42000D-01    1.80037D-01
    8.42333D-01    1.79618D-01
    8.42667D-01    1.79199D-01
    8.43000D-01    1.78780D-01
    8.43333D-01    1.78361D-01
    8.43667D-01    1.77942D-01
    8.44000D-01    1.77523D-01
    8.44333D-01    1.77105D-01
    8.44667D-01    1.76686D-01
    8.45000D-01    1.76268D-01
    8.45333D-01    1.75850D-01
    8.45667D-01    1.75432D-01
    8.46000D-01    1.75014D-01
    8.46333D-01    1.74597D-01
    8.46667D-01    1.74179D-01
    8.47000D-01    1.73762D-01
    8.47333D-01    1.73345D-01
    8.47667D-01    1.72927D-01
    8.48000D-01    1.72510D-01
    8.48333D-01    1.72094D-01
    8.48667D-01    1.71677D-01
    8.49000D-01    1.71260D-01
    8.49333D-01    1.70844D-01
    8.49667D-01    1.70428D-01
    8.50000D-01    1.70011D-01
    8.50333D-01    1.69595D-01
    8.50667D-01    1.69179D-01
    8.51000D-01    1.68764D-01
    8.51333D-01    1.68348D-01
    8.51667D-01    1.67933D-01
    8.52000D-01    1.67517D-01
    8.52333D-01    1.67102D-01
    8.52667D-01    1.66687D-01
    8.53000D-01    1.66272D-01
    8.53333D-01    1.65858D-01
    8.53667D-01    1.65443D-01
    8.54000D-01    1.65028D-01
    8.54333D-01    1.64614D-01
    8.54667D-01    1.64200D-01
    8.55000D-01    1.63786D-01
    8.55333D-01    1.63372D-01
    8.55667D-01    1.62958D-01
    8.56000D-01    1.62545D-01
    8.56333D-01    1.62131D-01
    8.56667D-01    1.61718D-01
    8.57000D-01    1.61305D-01
    8.57333D-01    1.60892D-01
    8.57667D-01    1.60479D-01
    8.58000D-01    1.60066D-01
    8.58333D-01    1.59654D-01
    8.58667D-01    1.59241D-01
    8.59000D-01    1.58829D-01
    8.59333D-01    1.58417D-01
    8.59667D-01    1.58005D-01
    8.60000D-01    1.57593D-01
    8.60333D-01    1.57181D-01
    8.60667D-01    1.56769D-01
    8.61000D-01    1.56358D-01
    8.61333D-01    1.55947D-01
    8.61667D-01    1.55536D-01
    8.62000D-01    1.55125D-01
    8.62333D-01    1.54714D-01
    8.62667D-01    1.54303D-01
    8.63000D-01    1.53893D-01
    8.63333D-01    1.53482D-01
    8.63667D-01    1.53072D-01
    8.64000D-01    1.52662D-01
    8.64333D-01    1.52252D-01
    8.64667D-01    1.51842D-01
    8.65000D-01    1.51432D-01
    8.65333D-01    1.51023D-01
    8.65667D-01    1.50614D-01
    8.66000D-01    1.50204D-01
    8.66333D-01    1.49795D-01
    8.66667D-01    1.49386D-01
    8.67000D-01    1.48978D-01
    8.67333D-01    1.48569D-01
    8.67667D-01    1.48161D-01
    8.68000D-01    1.47752D-01
    8.68333D-01    1.47344D-01
    8.68667D-01    1.46936D-01
    8.69000D-01    1.46528D-01
    8.69333D-01    1.46121D-01
    8.69667D-01    1.45713D-01
    8.70000D-01    1.45306D-01
    8.70333D-01    1.44899D-01
    8.70667D-01    1.44492D-01
    8.71000D-01    1.44085D-01
    8.71333D-01    1.43678D-01
    8.71667D-01    1.43271D-01
    8.72000D-01    1.42865D-01
    8.72333D-01    1.42458D-01
    8.72667D-01    1.42052D-01
    8.73000D-01    1.41646D-01
    8.73333D-01    1.41241D-01
    8.73667D-01    1.40835D-01
    8.74000D-01    1.40429D-01
    8.74333D-01    1.40024D-01
    8.74667D-01    1.39619D-01
    8.75000D-01    1.39214D-01
    8.75333D-01    1.38809D-01
    8.75667D-01    1.38404D-01
    8.76000D-01    1.37999D-01
    8.76333D-01    1.37595D-01
    8.76667D-01    1.37191D-01
    8.77000D-01    1.36787D-01
    8.77333D-01    1.36383D-01
    8.77667D-01    1.35979D-01
    8.78000D-01    1.35575D-01
    8.78333D-01    1.35172D-01
    8.78667D-01    1.34768D-01
    8.79000D-01    1.34365D-01
    8.79333D-01    1.33962D-01
    8.79667D-01    1.33559D-01
    8.80000D-01    1.33156D-01
    8.80333D-01    1.32754D-01
    8.80667D-01    1.32352D-01
    8.81000D-01    1.31949D-01
    8.81333D-01    1.31547D-01
    8.81667D-01    1.31145D-01
    8.82000D-01    1.30744D-01
    8.82333D-01    1.30342D-01
    8.82667D-01    1.29941D-01
    8.83000D-01    1.29539D-01
    8.83333D-01    1.29138D-01
    8.83667D-01    1.28737D-01
    8.84000D-01    1.28336D-01
    8.84333D-01    1.27936D-01
    8.84667D-01    1.27535D-01
    8.85000D-01    1.27135D-01
    8.85333D-01    1.26735D-01
    8.85667D-01    1.26335D-01
    8.86000D-01    1.25935D-01
    8.86333D-01    1.25535D-01
    8.86667D-01    1.25136D-01
    8.87000D-01    1.24737D-01
    8.87333D-01    1.24338D-01
    8.87667D-01    1.23939D-01
    8.88000D-01    1.23540D-01
    8.88333D-01    1.23141D-01
    8.88667D-01    1.22743D-01
    8.89000D-01    1.22344D-01
    8.89333D-01    1.21946D-01
    8.89667D-01    1.21548D-01
    8.90000D-01    1.21150D-01
    8.90333D-01    1.20752D-01
    8.90667D-01    1.20355D-01
    8.91000D-01    1.19958D-01
    8.91333D-01    1.19560D-01
    8.91667D-01    1.19163D-01
    8.92000D-01    1.18767D-01
    8.92333D-01    1.18370D-01
    8.92667D-01    1.17973D-01
    8.93000D-01    1.17577D-01
    8.93333D-01    1.17181D-01
    8.93667D-01    1.16785D-01
    8.94000D-01    1.16389D-01
    8.94333D-01    1.15993D-01
    8.94667D-01    1.15598D-01
    8.95000D-01    1.15202D-01
    8.95333D-01    1.14807D-01
    8.95667D-01    1.14412D-01
    8.96000D-01    1.14017D-01
    8.96333D-01    1.13623D-01
    8.96667D-01    1.13228D-01
    8.97000D-01    1.12834D-01
    8.97333D-01    1.12440D-01
    8.97667D-01    1.12046D-01
    8.98000D-01    1.11652D-01
    8.98333D-01    1.11258D-01
    8.98667D-01    1.10865D-01
    8.99000D-01    1.10471D-01
    8.99333D-01    1.10078D-01
    8.99667D-01    1.09685D-01
    9.00000D-01    1.09292D-01
    9.00333D-01    1.08900D-01
    9.00667D-01    1.08507D-01
    9.01000D-01    1.08115D-01
    9.01333D-01    1.07723D-01
    9.01667D-01    1.07331D-01
    9.02000D-01    1.06939D-01
    9.02333D-01    1.06548D-01
    9.02667D-01    1.06156D-01
    9.03000D-01    1.05765D-01
    9.03333D-01    1.05374D-01
    9.03667D-01    1.04983D-01
    9.04000D-01    1.04592D-01
    9.04333D-01    1.04202D-01
    9.04667D-01    1.03811D-01
    9.05000D-01    1.03421D-01
    9.05333D-01    1.03031D-01
    9.05667D-01    1.02641D-01
    9.06000D-01    1.02251D-01
    9.06333D-01    1.01862D-01
    9.06667D-01    1.01472D-01
    9.07000D-01    1.01083D-01
    9.07333D-01    1.00694D-01
    9.07667D-01    1.00305D-01
    9.08000D-01    9.99168D-02
    9.08333D-01    9.95283D-02
    9.08667D-01    9.91400D-02
    9.09000D-01    9.87519D-02
    9.09333D-01    9.83640D-02
    9.09667D-01    9.79762D-02
    9.10000D-01    9.75886D-02
    9.10333D-01    9.72012D-02
    9.10667D-01    9.68139D-02
    9.11000D-01    9.64269D-02
    9.11333D-01    9.60400D-02
    9.11667D-01    9.56533D-02
    9.12000D-01    9.52668D-02
    9.12333D-01    9.48804D-02
    9.12667D-01    9.44943D-02
    9.13000D-01    9.41083D-02
    9.13333D-01    9.37224D-02
    9.13667D-01    9.33368D-02
    9.14000D-01    9.29514D-02
    9.14333D-01    9.25661D-02
    9.14667D-01    9.21810D-02
    9.15000D-01    9.17961D-02
    9.15333D-01    9.14113D-02
    9.15667D-01    9.10268D-02
    9.16000D-01    9.06424D-02
    9.16333D-01    9.02582D-02
    9.16667D-01    8.98742D-02
    9.17000D-01    8.94903D-02
    9.17333D-01    8.91067D-02
    9.17667D-01    8.87232D-02
    9.18000D-01    8.83399D-02
    9.18333D-01    8.79568D-02
    9.18667D-01    8.75739D-02
    9.19000D-01    8.71911D-02
    9.19333D-01    8.68086D-02
    9.19667D-01    8.64262D-02
    9.20000D-01    8.60440D-02
    9.20333D-01    8.56619D-02
    9.20667D-01    8.52801D-02
    9.21000D-01    8.48985D-02
    9.21333D-01    8.45170D-02
    9.21667D-01    8.41357D-02
    9.22000D-01    8.37546D-02
    9.22333D-01    8.33737D-02
    9.22667D-01    8.29929D-02
    9.23000D-01    8.26124D-02
    9.23333D-01    8.22320D-02
    9.23667D-01    8.18518D-02
    9.24000D-01    8.14718D-02
    9.24333D-01    8.10920D-02
    9.24667D-01    8.07124D-02
    9.25000D-01    8.03329D-02
    9.25333D-01    7.99537D-02
    9.25667D-01    7.95746D-02
    9.26000D-01    7.91957D-02
    9.26333D-01    7.88170D-02
    9.26667D-01    7.84385D-02
    9.27000D-01    7.80602D-02
    9.27333D-01    7.76820D-02
    9.27667D-01    7.73041D-02
    9.28000D-01    7.69263D-02
    9.28333D-01    7.65487D-02
    9.28667D-01    7.61713D-02
    9.29000D-01    7.57941D-02
    9.29333D-01    7.54171D-02
    9.29667D-01    7.50402D-02
    9.30000D-01    7.46636D-02
    9.30333D-01    7.42871D-02
    9.30667D-01    7.39109D-02
    9.31000D-01    7.35348D-02
    9.31333D-01    7.31589D-02
    9.31667D-01    7.27832D-02
    9.32000D-01    7.24077D-02
    9.32333D-01    7.20324D-02
    9.32667D-01    7.16572D-02
    9.33000D-01    7.12823D-02
    9.33333D-01    7.09075D-02
    9.33667D-01    7.05329D-02
    9.34000D-01    7.01586D-02
    9.34333D-01    6.97844D-02
    9.34667D-01    6.94104D-02
    9.35000D-01    6.90366D-02
    9.35333D-01    6.86630D-02
    9.35667D-01    6.82895D-02
    9.36000D-01    6.79163D-02
    9.36333D-01    6.75433D-02
    9.36667D-01    6.71704D-02
    9.37000D-01    6.67978D-02
    9.37333D-01    6.64253D-02
    9.37667D-01    6.60530D-02
    9.38000D-01    6.56809D-02
    9.38333D-01    6.53090D-02
    9.38667D-01    6.49373D-02
    9.39000D-01    6.45658D-02
    9.39333D-01    6.41945D-02
    9.39667D-01    6.38234D-02
    9.40000D-01    6.34525D-02
    9.40333D-01    6.30817D-02
    9.40667D-01    6.27112D-02
    9.41000D-01    6.23409D-02
    9.41333D-01    6.19707D-02
    9.41667D-01    6.16007D-02
    9.42000D-01    6.12310D-02
    9.42333D-01    6.08614D-02
    9.42667D-01    6.04920D-02
    9.43000D-01    6.01229D-02
    9.43333D-01    5.97539D-02
    9.43667D-01    5.93851D-02
    9.44000D-01    5.90165D-02
    9.44333D-01    5.86481D-02
    9.44667D-01    5.82799D-02
    9.45000D-01    5.79119D-02
    9.45333D-01    5.75441D-02
    9.45667D-01    5.71765D-02
    9.46000D-01    5.68090D-02
    9.46333D-01    5.64418D-02
    9.46667D-01    5.60748D-02
    9.47000D-01    5.57080D-02
    9.47333D-01    5.53413D-02
    9.47667D-01    5.49749D-02
    9.48000D-01    5.46087D-02
    9.48333D-01    5.42426D-02
    9.48667D-01    5.38768D-02
    9.49000D-01    5.35111D-02
    9.49333D-01    5.31457D-02
    9.49667D-01    5.27805D-02
    9.50000D-01    5.24154D-02
    9.50333D-01    5.20506D-02
    9.50667D-01    5.16859D-02
    9.51000D-01    5.13215D-02
    9.51333D-01    5.09572D-02
    9.51667D-01    5.05932D-02
    9.52000D-01    5.02293D-02
    9.52333D-01    4.98656D-02
    9.52667D-01    4.95022D-02
    9.53000D-01    4.91389D-02
    9.53333D-01    4.87759D-02
    9.53667D-01    4.84130D-02
    9.54000D-01    4.80504D-02
    9.54333D-01    4.76879D-02
    9.54667D-01    4.73257D-02
    9.55000D-01    4.69636D-02
    9.55333D-01    4.66018D-02
    9.55667D-01    4.62401D-02
    9.56000D-01    4.58787D-02
    9.56333D-01    4.55174D-02
    9.56667D-01    4.51564D-02
    9.57000D-01    4.47955D-02
    9.57333D-01    4.44349D-02
    9.57667D-01    4.40745D-02
    9.58000D-01    4.37142D-02
    9.58333D-01    4.33542D-02
    9.58667D-01    4.29944D-02
    9.59000D-01    4.26347D-02
    9.59333D-01    4.22753D-02
    9.59667D-01    4.19161D-02
    9.60000D-01    4.15571D-02
    9.60333D-01    4.11983D-02
    9.60667D-01    4.08397D-02
    9.61000D-01    4.04813D-02
    9.61333D-01    4.01231D-02
    9.61667D-01    3.97651D-02
    9.62000D-01    3.94073D-02
    9.62333D-01    3.90497D-02
    9.62667D-01    3.86923D-02
    9.63000D-01    3.83351D-02
    9.63333D-01    3.79782D-02
    9.63667D-01    3.76214D-02
    9.64000D-01    3.72648D-02
    9.64333D-01    3.69085D-02
    9.64667D-01    3.65523D-02
    9.65000D-01    3.61964D-02
    9.65333D-01    3.58407D-02
    9.65667D-01    3.54851D-02
    9.66000D-01    3.51298D-02
    9.66333D-01    3.47747D-02
    9.66667D-01    3.44198D-02
    9.67000D-01    3.40651D-02
    9.67333D-01    3.37106D-02
    9.67667D-01    3.33563D-02
    9.68000D-01    3.30022D-02
    9.68333D-01    3.26483D-02
    9.68667D-01    3.22947D-02
    9.69000D-01    3.19412D-02
    9.69333D-01    3.15879D-02
    9.69667D-01    3.12349D-02
    9.70000D-01    3.08821D-02
    9.70333D-01    3.05294D-02
    9.70667D-01    3.01770D-02
    9.71000D-01    2.98248D-02
    9.71333D-01    2.94728D-02
    9.71667D-01    2.91210D-02
    9.72000D-01    2.87694D-02
    9.72333D-01    2.84181D-02
    9.72667D-01    2.80669D-02
    9.73000D-01    2.77160D-02
    9.73333D-01    2.73652D-02
    9.73667D-01    2.70147D-02
    9.74000D-01    2.66644D-02
    9.74333D-01    2.63143D-02
    9.74667D-01    2.59644D-02
    9.75000D-01    2.56147D-02
    9.75333D-01    2.52652D-02
    9.75667D-01    2.49159D-02
    9.76000D-01    2.45669D-02
    9.76333D-01    2.42180D-02
    9.76667D-01    2.38694D-02
    9.77000D-01    2.35210D-02
    9.77333D-01    2.31728D-02
    9.77667D-01    2.28248D-02
    9.78000D-01    2.24770D-02
    9.78333D-01    2.21294D-02
    9.78667D-01    2.17820D-02
    9.79000D-01    2.14349D-02
    9.79333D-01    2.10880D-02
    9.79667D-01    2.07412D-02
    9.80000D-01    2.03947D-02
    9.80333D-01    2.00484D-02
    9.80667D-01    1.97024D-02
    9.81000D-01    1.93565D-02
    9.81333D-01    1.90108D-02
    9.81667D-01    1.86654D-02
    9.82000D-01    1.83202D-02
    9.82333D-01    1.79752D-02
    9.82667D-01    1.76304D-02
    9.83000D-01    1.72858D-02
    9.83333D-01    1.69414D-02
    9.83667D-01    1.65973D-02
    9.84000D-01    1.62533D-02
    9.84333D-01    1.59096D-02
    9.84667D-01    1.55661D-02
    9.85000D-01    1.52228D-02
    9.85333D-01    1.48797D-02
    9.85667D-01    1.45369D-02
    9.86000D-01    1.41942D-02
    9.86333D-01    1.38518D-02
    9.86667D-01    1.35096D-02
    9.87000D-01    1.31676D-02
    9.87333D-01    1.28258D-02
    9.87667D-01    1.24842D-02
    9.88000D-01    1.21429D-02
    9.88333D-01    1.18017D-02
    9.88667D-01    1.14608D-02
    9.89000D-01    1.11201D-02
    9.89333D-01    1.07797D-02
    9.89667D-01    1.04394D-02
    9.90000D-01    1.00993D-02
    9.90333D-01    9.75952D-03
    9.90667D-01    9.41992D-03
    9.91000D-01    9.08053D-03
    9.91333D-01    8.74135D-03
    9.91667D-01    8.40240D-03
    9.92000D-01    8.06367D-03
    9.92333D-01    7.72515D-03
    9.92667D-01    7.38685D-03
    9.93000D-01    7.04878D-03
    9.93333D-01    6.71092D-03
    9.93667D-01    6.37328D-03
    9.94000D-01    6.03586D-03
    9.94333D-01    5.69866D-03
    9.94667D-01    5.36168D-03
    9.95000D-01    5.02492D-03
    9.95333D-01    4.68838D-03
    9.95667D-01    4.35206D-03
    9.96000D-01    4.01596D-03
    9.96333D-01    3.68008D-03
    9.96667D-01    3.34442D-03
    9.97000D-01    3.00898D-03
    9.97333D-01    2.67377D-03
    9.97667D-01    2.33877D-03
    9.98000D-01    2.00399D-03
    9.98333D-01    1.66944D-03
    9.98667D-01    1.33511D-03
    9.99000D-01    1.00100D-03
    9.99333D-01    6.67111D-04
    9.99667D-01    3.33444D-04
    1.00000D+00    3.89817D-17
