    3.33333D-04    3.99187D-01
    6.66667D-04    4.00056D-01
    1.00000D-03    4.00011D-01
    1.33333D-03    3.99994D-01
    1.66667D-03    4.00001D-01
    2.00000D-03    4.00000D-01
    2.33333D-03    4.00000D-01
    2.66667D-03    4.00000D-01
    3.00000D-03    4.00001D-01
    3.33333D-03    4.00001D-01
    3.66667D-03    4.00002D-01
    4.00000D-03    4.00002D-01
    4.33333D-03    4.00002D-01
    4.66667D-03    4.00002D-01
    5.00000D-03    4.00003D-01
    5.33333D-03    4.00003D-01
    5.66667D-03    4.00004D-01
    6.00000D-03    4.00004D-01
    6.33333D-03    4.00005D-01
    6.66667D-03    4.00005D-01
    7.00000D-03    4.00006D-01
    7.33333D-03    4.00006D-01
    7.66667D-03    4.00007D-01
    8.00000D-03    4.00007D-01
    8.33333D-03    4.00008D-01
    8.66667D-03    4.00008D-01
    9.00000D-03    4.00009D-01
    9.33333D-03    4.00010D-01
    9.66667D-03    4.00011D-01
    1.00000D-02    4.00011D-01
    1.03333D-02    4.00012D-01
    1.06667D-02    4.00013D-01
    1.10000D-02    4.00014D-01
    1.13333D-02    4.00014D-01
    1.16667D-02    4.00015D-01
    1.20000D-02    4.00016D-01
    1.23333D-02    4.00017D-01
    1.26667D-02    4.00018D-01
    1.30000D-02    4.00019D-01
    1.33333D-02    4.00020D-01
    1.36667D-02    4.00021D-01
    1.40000D-02    4.00022D-01
    1.43333D-02    4.00023D-01
    1.46667D-02    4.00024D-01
    1.50000D-02    4.00025D-01
    1.53333D-02    4.00027D-01
    1.56667D-02    4.00028D-01
    1.60000D-02    4.00029D-01
    1.63333D-02    4.00030D-01
    1.66667D-02    4.00031D-01
    1.70000D-02    4.00033D-01
    1.73333D-02    4.00034D-01
    1.76667D-02    4.00035D-01
    1.80000D-02    4.00037D-01
    1.83333D-02    4.00038D-01
    1.86667D-02    4.00039D-01
    1.90000D-02    4.00041D-01
    1.93333D-02    4.00042D-01
    1.96667D-02    4.00044D-01
    2.00000D-02    4.00045D-01
    2.03333D-02    4.00047D-01
    2.06667D-02    4.00048D-01
    2.10000D-02    4.00050D-01
    2.13333D-02    4.00051D-01
    2.16667D-02    4.00053D-01
    2.20000D-02    4.00055D-01
    2.23333D-02    4.00056D-01
    2.26667D-02    4.00058D-01
    2.30000D-02    4.00060D-01
    2.33333D-02    4.00061D-01
    2.36667D-02    4.00063D-01
    2.40000D-02    4.00065D-01
    2.43333D-02    4.00067D-01
    2.46667D-02    4.00069D-01
    2.50000D-02    4.00071D-01
    2.53333D-02    4.00072D-01
    2.56667D-02    4.00074D-01
    2.60000D-02    4.00076D-01
    2.63333D-02    4.00078D-01
    2.66667D-02    4.00080D-01
    2.70000D-02    4.00082D-01
    2.73333D-02    4.00084D-01
    2.76667D-02    4.00086D-01
    2.80000D-02    4.00088D-01
    2.83333D-02    4.00091D-01
    2.86667D-02    4.00093D-01
    2.90000D-02    4.00095D-01
    2.93333D-02    4.00097D-01
    2.96667D-02    4.00099D-01
    3.00000D-02    4.00102D-01
    3.03333D-02    4.00104D-01
    3.06667D-02    4.00106D-01
    3.10000D-02    4.00108D-01
    3.13333D-02    4.00111D-01
    3.16667D-02    4.00113D-01
    3.20000D-02    4.00116D-01
    3.23333D-02    4.00118D-01
    3.26667D-02    4.00120D-01
    3.30000D-02    4.00123D-01
    3.33333D-02    4.00125D-01
    3.36667D-02    4.00128D-01
    3.40000D-02    4.00130D-01
    3.43333D-02    4.00133D-01
    3.46667D-02    4.00136D-01
    3.50000D-02    4.00138D-01
    3.53333D-02    4.00141D-01
    3.56667D-02    4.00144D-01
    3.60000D-02    4.00146D-01
    3.63333D-02    4.00149D-01
    3.66667D-02    4.00152D-01
    3.70000D-02    4.00155D-01
    3.73333D-02    4.00157D-01
    3.76667D-02    4.00160D-01
    3.80000D-02    4.00163D-01
    3.83333D-02    4.00166D-01
    3.86667D-02    4.00169D-01
    3.90000D-02    4.00172D-01
    3.93333D-02    4.00175D-01
    3.96667D-02    4.00178D-01
    4.00000D-02    4.00181D-01
    4.03333D-02    4.00184D-01
    4.06667D-02    4.00187D-01
    4.10000D-02    4.00190D-01
    4.13333D-02    4.00193D-01
    4.16667D-02    4.00196D-01
    4.20000D-02    4.00199D-01
    4.23333D-02    4.00202D-01
    4.26667D-02    4.00206D-01
    4.30000D-02    4.00209D-01
    4.33333D-02    4.00212D-01
    4.36667D-02    4.00215D-01
    4.40000D-02    4.00219D-01
    4.43333D-02    4.00222D-01
    4.46667D-02    4.00225D-01
    4.50000D-02    4.00229D-01
    4.53333D-02    4.00232D-01
    4.56667D-02    4.00235D-01
    4.60000D-02    4.00239D-01
    4.63333D-02    4.00242D-01
    4.66667D-02    4.00246D-01
    4.70000D-02    4.00249D-01
    4.73333D-02    4.00253D-01
    4.76667D-02    4.00257D-01
    4.80000D-02    4.00260D-01
    4.83333D-02    4.00264D-01
    4.86667D-02    4.00267D-01
    4.90000D-02    4.00271D-01
    4.93333D-02    4.00275D-01
    4.96667D-02    4.00279D-01
    5.00000D-02    4.00282D-01
    5.03333D-02    4.00286D-01
    5.06667D-02    4.00290D-01
    5.10000D-02    4.00294D-01
    5.13333D-02    4.00298D-01
    5.16667D-02    4.00301D-01
    5.20000D-02    4.00305D-01
    5.23333D-02    4.00309D-01
    5.26667D-02    4.00313D-01
    5.30000D-02    4.00317D-01
    5.33333D-02    4.00321D-01
    5.36667D-02    4.00325D-01
    5.40000D-02    4.00329D-01
    5.43333D-02    4.00333D-01
    5.46667D-02    4.00338D-01
    5.50000D-02    4.00342D-01
    5.53333D-02    4.00346D-01
    5.56667D-02    4.00350D-01
    5.60000D-02    4.00354D-01
    5.63333D-02    4.00358D-01
    5.66667D-02    4.00363D-01
    5.70000D-02    4.00367D-01
    5.73333D-02    4.00371D-01
    5.76667D-02    4.00376D-01
    5.80000D-02    4.00380D-01
    5.83333D-02    4.00384D-01
    5.86667D-02    4.00389D-01
    5.90000D-02    4.00393D-01
    5.93333D-02    4.00398D-01
    5.96667D-02    4.00402D-01
    6.00000D-02    4.00407D-01
    6.03333D-02    4.00411D-01
    6.06667D-02    4.00416D-01
    6.10000D-02    4.00420D-01
    6.13333D-02    4.00425D-01
    6.16667D-02    4.00430D-01
    6.20000D-02    4.00434D-01
    6.23333D-02    4.00439D-01
    6.26667D-02    4.00444D-01
    6.30000D-02    4.00448D-01
    6.33333D-02    4.00453D-01
    6.36667D-02    4.00458D-01
    6.40000D-02    4.00463D-01
    6.43333D-02    4.00468D-01
    6.46667D-02    4.00473D-01
    6.50000D-02    4.00477D-01
    6.53333D-02    4.00482D-01
    6.56667D-02    4.00487D-01
    6.60000D-02    4.00492D-01
    6.63333D-02    4.00497D-01
    6.66667D-02    4.00502D-01
    6.70000D-02    4.00507D-01
    6.73333D-02    4.00512D-01
    6.76667D-02    4.00518D-01
    6.80000D-02    4.00523D-01
    6.83333D-02    4.00528D-01
    6.86667D-02    4.00533D-01
    6.90000D-02    4.00538D-01
    6.93333D-02    4.00543D-01
    6.96667D-02    4.00549D-01
    7.00000D-02    4.00554D-01
    7.03333D-02    4.00559D-01
    7.06667D-02    4.00565D-01
    7.10000D-02    4.00570D-01
    7.13333D-02    4.00575D-01
    7.16667D-02    4.00581D-01
    7.20000D-02    4.00586D-01
    7.23333D-02    4.00592D-01
    7.26667D-02    4.00597D-01
    7.30000D-02    4.00602D-01
    7.33333D-02    4.00608D-01
    7.36667D-02    4.00614D-01
    7.40000D-02    4.00619D-01
    7.43333D-02    4.00625D-01
    7.46667D-02    4.00630D-01
    7.50000D-02    4.00636D-01
    7.53333D-02    4.00642D-01
    7.56667D-02    4.00647D-01
    7.60000D-02    4.00653D-01
    7.63333D-02    4.00659D-01
    7.66667D-02    4.00665D-01
    7.70000D-02    4.00671D-01
    7.73333D-02    4.00676D-01
    7.76667D-02    4.00682D-01
    7.80000D-02    4.00688D-01
    7.83333D-02    4.00694D-01
    7.86667D-02    4.00700D-01
    7.90000D-02    4.00706D-01
    7.93333D-02    4.00712D-01
    7.96667D-02    4.00718D-01
    8.00000D-02    4.00724D-01
    8.03333D-02    4.00730D-01
    8.06667D-02    4.00736D-01
    8.10000D-02    4.00742D-01
    8.13333D-02    4.00748D-01
    8.16667D-02    4.00754D-01
    8.20000D-02    4.00761D-01
    8.23333D-02    4.00767D-01
    8.26667D-02    4.00773D-01
    8.30000D-02    4.00779D-01
    8.33333D-02    4.00786D-01
    8.36667D-02    4.00792D-01
    8.40000D-02    4.00798D-01
    8.43333D-02    4.00805D-01
    8.46667D-02    4.00811D-01
    8.50000D-02    4.00818D-01
    8.53333D-02    4.00824D-01
    8.56667D-02    4.00830D-01
    8.60000D-02    4.00837D-01
    8.63333D-02    4.00843D-01
    8.66667D-02    4.00850D-01
    8.70000D-02    4.00857D-01
    8.73333D-02    4.00863D-01
    8.76667D-02    4.00870D-01
    8.80000D-02    4.00876D-01
    8.83333D-02    4.00883D-01
    8.86667D-02    4.00890D-01
    8.90000D-02    4.00897D-01
    8.93333D-02    4.00903D-01
    8.96667D-02    4.00910D-01
    9.00000D-02    4.00917D-01
    9.03333D-02    4.00924D-01
    9.06667D-02    4.00931D-01
    9.10000D-02    4.00937D-01
    9.13333D-02    4.00944D-01
    9.16667D-02    4.00951D-01
    9.20000D-02    4.00958D-01
    9.23333D-02    4.00965D-01
    9.26667D-02    4.00972D-01
    9.30000D-02    4.00979D-01
    9.33333D-02    4.00986D-01
    9.36667D-02    4.00993D-01
    9.40000D-02    4.01001D-01
    9.43333D-02    4.01008D-01
    9.46667D-02    4.01015D-01
    9.50000D-02    4.01022D-01
    9.53333D-02    4.01029D-01
    9.56667D-02    4.01036D-01
    9.60000D-02    4.01044D-01
    9.63333D-02    4.01051D-01
    9.66667D-02    4.01058D-01
    9.70000D-02    4.01066D-01
    9.73333D-02    4.01073D-01
    9.76667D-02    4.01080D-01
    9.80000D-02    4.01088D-01
    9.83333D-02    4.01095D-01
    9.86667D-02    4.01103D-01
    9.90000D-02    4.01110D-01
    9.93333D-02    4.01118D-01
    9.96667D-02    4.01125D-01
    1.00000D-01    4.01133D-01
    1.00333D-01    4.01141D-01
    1.00667D-01    4.01148D-01
    1.01000D-01    4.01156D-01
    1.01333D-01    4.01163D-01
    1.01667D-01    4.01171D-01
    1.02000D-01    4.01179D-01
    1.02333D-01    4.01187D-01
    1.02667D-01    4.01194D-01
    1.03000D-01    4.01202D-01
    1.03333D-01    4.01210D-01
    1.03667D-01    4.01218D-01
    1.04000D-01    4.01226D-01
    1.04333D-01    4.01234D-01
    1.04667D-01    4.01242D-01
    1.05000D-01    4.01250D-01
    1.05333D-01    4.01258D-01
    1.05667D-01    4.01266D-01
    1.06000D-01    4.01274D-01
    1.06333D-01    4.01282D-01
    1.06667D-01    4.01290D-01
    1.07000D-01    4.01298D-01
    1.07333D-01    4.01306D-01
    1.07667D-01    4.01314D-01
    1.08000D-01    4.01322D-01
    1.08333D-01    4.01331D-01
    1.08667D-01    4.01339D-01
    1.09000D-01    4.01347D-01
    1.09333D-01    4.01355D-01
    1.09667D-01    4.01364D-01
    1.10000D-01    4.01372D-01
    1.10333D-01    4.01380D-01
    1.10667D-01    4.01389D-01
    1.11000D-01    4.01397D-01
    1.11333D-01    4.01406D-01
    1.11667D-01    4.01414D-01
    1.12000D-01    4.01423D-01
    1.12333D-01    4.01431D-01
    1.12667D-01    4.01440D-01
    1.13000D-01    4.01448D-01
    1.13333D-01    4.01457D-01
    1.13667D-01    4.01466D-01
    1.14000D-01    4.01474D-01
    1.14333D-01    4.01483D-01
    1.14667D-01    4.01492D-01
    1.15000D-01    4.01500D-01
    1.15333D-01    4.01509D-01
    1.15667D-01    4.01518D-01
    1.16000D-01    4.01527D-01
    1.16333D-01    4.01536D-01
    1.16667D-01    4.01544D-01
    1.17000D-01    4.01553D-01
    1.17333D-01    4.01562D-01
    1.17667D-01    4.01571D-01
    1.18000D-01    4.01580D-01
    1.18333D-01    4.01589D-01
    1.18667D-01    4.01598D-01
    1.19000D-01    4.01607D-01
    1.19333D-01    4.01616D-01
    1.19667D-01    4.01625D-01
    1.20000D-01    4.01635D-01
    1.20333D-01    4.01644D-01
    1.20667D-01    4.01653D-01
    1.21000D-01    4.01662D-01
    1.21333D-01    4.01671D-01
    1.21667D-01    4.01681D-01
    1.22000D-01    4.01690D-01
    1.22333D-01    4.01699D-01
    1.22667D-01    4.01709D-01
    1.23000D-01    4.01718D-01
    1.23333D-01    4.01727D-01
    1.23667D-01    4.01737D-01
    1.24000D-01    4.01746D-01
    1.24333D-01    4.01756D-01
    1.24667D-01    4.01765D-01
    1.25000D-01    4.01775D-01
    1.25333D-01    4.01784D-01
    1.25667D-01    4.01794D-01
    1.26000D-01    4.01803D-01
    1.26333D-01    4.01813D-01
    1.26667D-01    4.01823D-01
    1.27000D-01    4.01832D-01
    1.27333D-01    4.01842D-01
    1.27667D-01    4.01852D-01
    1.28000D-01    4.01861D-01
    1.28333D-01    4.01871D-01
    1.28667D-01    4.01881D-01
    1.29000D-01    4.01891D-01
    1.29333D-01    4.01901D-01
    1.29667D-01    4.01911D-01
    1.30000D-01    4.01920D-01
    1.30333D-01    4.01930D-01
    1.30667D-01    4.01940D-01
    1.31000D-01    4.01950D-01
    1.31333D-01    4.01960D-01
    1.31667D-01    4.01970D-01
    1.32000D-01    4.01980D-01
    1.32333D-01    4.01991D-01
    1.32667D-01    4.02001D-01
    1.33000D-01    4.02011D-01
    1.33333D-01    4.02021D-01
    1.33667D-01    4.02031D-01
    1.34000D-01    4.02041D-01
    1.34333D-01    4.02052D-01
    1.34667D-01    4.02062D-01
    1.35000D-01    4.02072D-01
    1.35333D-01    4.02083D-01
    1.35667D-01    4.02093D-01
    1.36000D-01    4.02103D-01
    1.36333D-01    4.02114D-01
    1.36667D-01    4.02124D-01
    1.37000D-01    4.02135D-01
    1.37333D-01    4.02145D-01
    1.37667D-01    4.02156D-01
    1.38000D-01    4.02166D-01
    1.38333D-01    4.02177D-01
    1.38667D-01    4.02187D-01
    1.39000D-01    4.02198D-01
    1.39333D-01    4.02209D-01
    1.39667D-01    4.02219D-01
    1.40000D-01    4.02230D-01
    1.40333D-01    4.02241D-01
    1.40667D-01    4.02251D-01
    1.41000D-01    4.02262D-01
    1.41333D-01    4.02273D-01
    1.41667D-01    4.02284D-01
    1.42000D-01    4.02295D-01
    1.42333D-01    4.02306D-01
    1.42667D-01    4.02317D-01
    1.43000D-01    4.02327D-01
    1.43333D-01    4.02338D-01
    1.43667D-01    4.02349D-01
    1.44000D-01    4.02360D-01
    1.44333D-01    4.02371D-01
    1.44667D-01    4.02383D-01
    1.45000D-01    4.02394D-01
    1.45333D-01    4.02405D-01
    1.45667D-01    4.02416D-01
    1.46000D-01    4.02427D-01
    1.46333D-01    4.02438D-01
    1.46667D-01    4.02449D-01
    1.47000D-01    4.02461D-01
    1.47333D-01    4.02472D-01
    1.47667D-01    4.02483D-01
    1.48000D-01    4.02495D-01
    1.48333D-01    4.02506D-01
    1.48667D-01    4.02517D-01
    1.49000D-01    4.02529D-01
    1.49333D-01    4.02540D-01
    1.49667D-01    4.02552D-01
    1.50000D-01    4.02563D-01
    1.50333D-01    4.02575D-01
    1.50667D-01    4.02586D-01
    1.51000D-01    4.02598D-01
    1.51333D-01    4.02609D-01
    1.51667D-01    4.02621D-01
    1.52000D-01    4.02633D-01
    1.52333D-01    4.02644D-01
    1.52667D-01    4.02656D-01
    1.53000D-01    4.02668D-01
    1.53333D-01    4.02680D-01
    1.53667D-01    4.02691D-01
    1.54000D-01    4.02703D-01
    1.54333D-01    4.02715D-01
    1.54667D-01    4.02727D-01
    1.55000D-01    4.02739D-01
    1.55333D-01    4.02751D-01
    1.55667D-01    4.02763D-01
    1.56000D-01    4.02775D-01
    1.56333D-01    4.02787D-01
    1.56667D-01    4.02799D-01
    1.57000D-01    4.02811D-01
    1.57333D-01    4.02823D-01
    1.57667D-01    4.02835D-01
    1.58000D-01    4.02847D-01
    1.58333D-01    4.02859D-01
    1.58667D-01    4.02871D-01
    1.59000D-01    4.02884D-01
    1.59333D-01    4.02896D-01
    1.59667D-01    4.02908D-01
    1.60000D-01    4.02920D-01
    1.60333D-01    4.02933D-01
    1.60667D-01    4.02945D-01
    1.61000D-01    4.02957D-01
    1.61333D-01    4.02970D-01
    1.61667D-01    4.02982D-01
    1.62000D-01    4.02995D-01
    1.62333D-01    4.03007D-01
    1.62667D-01    4.03020D-01
    1.63000D-01    4.03032D-01
    1.63333D-01    4.03045D-01
    1.63667D-01    4.03057D-01
    1.64000D-01    4.03070D-01
    1.64333D-01    4.03083D-01
    1.64667D-01    4.03095D-01
    1.65000D-01    4.03108D-01
    1.65333D-01    4.03121D-01
    1.65667D-01    4.03133D-01
    1.66000D-01    4.03146D-01
    1.66333D-01    4.03159D-01
    1.66667D-01    4.03172D-01
    1.67000D-01    4.03185D-01
    1.67333D-01    4.03198D-01
    1.67667D-01    4.03211D-01
    1.68000D-01    4.03223D-01
    1.68333D-01    4.03236D-01
    1.68667D-01    4.03249D-01
    1.69000D-01    4.03262D-01
    1.69333D-01    4.03276D-01
    1.69667D-01    4.03289D-01
    1.70000D-01    4.03302D-01
    1.70333D-01    4.03315D-01
    1.70667D-01    4.03328D-01
    1.71000D-01    4.03341D-01
    1.71333D-01    4.03354D-01
    1.71667D-01    4.03368D-01
    1.72000D-01    4.03381D-01
    1.72333D-01    4.03394D-01
    1.72667D-01    4.03407D-01
    1.73000D-01    4.03421D-01
    1.73333D-01    4.03434D-01
    1.73667D-01    4.03448D-01
    1.74000D-01    4.03461D-01
    1.74333D-01    4.03474D-01
    1.74667D-01    4.03488D-01
    1.75000D-01    4.03501D-01
    1.75333D-01    4.03515D-01
    1.75667D-01    4.03529D-01
    1.76000D-01    4.03542D-01
    1.76333D-01    4.03556D-01
    1.76667D-01    4.03569D-01
    1.77000D-01    4.03583D-01
    1.77333D-01    4.03597D-01
    1.77667D-01    4.03610D-01
    1.78000D-01    4.03624D-01
    1.78333D-01    4.03638D-01
    1.78667D-01    4.03652D-01
    1.79000D-01    4.03666D-01
    1.79333D-01    4.03680D-01
    1.79667D-01    4.03693D-01
    1.80000D-01    4.03707D-01
    1.80333D-01    4.03721D-01
    1.80667D-01    4.03735D-01
    1.81000D-01    4.03749D-01
    1.81333D-01    4.03763D-01
    1.81667D-01    4.03777D-01
    1.82000D-01    4.03791D-01
    1.82333D-01    4.03805D-01
    1.82667D-01    4.03820D-01
    1.83000D-01    4.03834D-01
    1.83333D-01    4.03848D-01
    1.83667D-01    4.03862D-01
    1.84000D-01    4.03876D-01
    1.84333D-01    4.03891D-01
    1.84667D-01    4.03905D-01
    1.85000D-01    4.03919D-01
    1.85333D-01    4.03934D-01
    1.85667D-01    4.03948D-01
    1.86000D-01    4.03962D-01
    1.86333D-01    4.03977D-01
    1.86667D-01    4.03991D-01
    1.87000D-01    4.04006D-01
    1.87333D-01    4.04020D-01
    1.87667D-01    4.04035D-01
    1.88000D-01    4.04050D-01
    1.88333D-01    4.04064D-01
    1.88667D-01    4.04079D-01
    1.89000D-01    4.04093D-01
    1.89333D-01    4.04108D-01
    1.89667D-01    4.04123D-01
    1.90000D-01    4.04138D-01
    1.90333D-01    4.04152D-01
    1.90667D-01    4.04167D-01
    1.91000D-01    4.04182D-01
    1.91333D-01    4.04197D-01
    1.91667D-01    4.04212D-01
    1.92000D-01    4.04227D-01
    1.92333D-01    4.04241D-01
    1.92667D-01    4.04256D-01
    1.93000D-01    4.04271D-01
    1.93333D-01    4.04286D-01
    1.93667D-01    4.04301D-01
    1.94000D-01    4.04317D-01
    1.94333D-01    4.04332D-01
    1.94667D-01    4.04347D-01
    1.95000D-01    4.04362D-01
    1.95333D-01    4.04377D-01
    1.95667D-01    4.04392D-01
    1.96000D-01    4.04408D-01
    1.96333D-01    4.04423D-01
    1.96667D-01    4.04438D-01
    1.97000D-01    4.04453D-01
    1.97333D-01    4.04469D-01
    1.97667D-01    4.04484D-01
    1.98000D-01    4.04500D-01
    1.98333D-01    4.04515D-01
    1.98667D-01    4.04530D-01
    1.99000D-01    4.04546D-01
    1.99333D-01    4.04561D-01
    1.99667D-01    4.04577D-01
    2.00000D-01    4.04593D-01
    2.00333D-01    4.04608D-01
    2.00667D-01    4.04624D-01
    2.01000D-01    4.04639D-01
    2.01333D-01    4.04655D-01
    2.01667D-01    4.04671D-01
    2.02000D-01    4.04687D-01
    2.02333D-01    4.04702D-01
    2.02667D-01    4.04718D-01
    2.03000D-01    4.04734D-01
    2.03333D-01    4.04750D-01
    2.03667D-01    4.04766D-01
    2.04000D-01    4.04782D-01
    2.04333D-01    4.04797D-01
    2.04667D-01    4.04813D-01
    2.05000D-01    4.04829D-01
    2.05333D-01    4.04845D-01
    2.05667D-01    4.04861D-01
    2.06000D-01    4.04878D-01
    2.06333D-01    4.04894D-01
    2.06667D-01    4.04910D-01
    2.07000D-01    4.04926D-01
    2.07333D-01    4.04942D-01
    2.07667D-01    4.04958D-01
    2.08000D-01    4.04975D-01
    2.08333D-01    4.04991D-01
    2.08667D-01    4.05007D-01
    2.09000D-01    4.05023D-01
    2.09333D-01    4.05040D-01
    2.09667D-01    4.05056D-01
    2.10000D-01    4.05073D-01
    2.10333D-01    4.05089D-01
    2.10667D-01    4.05105D-01
    2.11000D-01    4.05122D-01
    2.11333D-01    4.05138D-01
    2.11667D-01    4.05155D-01
    2.12000D-01    4.05172D-01
    2.12333D-01    4.05188D-01
    2.12667D-01    4.05205D-01
    2.13000D-01    4.05222D-01
    2.13333D-01    4.05238D-01
    2.13667D-01    4.05255D-01
    2.14000D-01    4.05272D-01
    2.14333D-01    4.05288D-01
    2.14667D-01    4.05305D-01
    2.15000D-01    4.05322D-01
    2.15333D-01    4.05339D-01
    2.15667D-01    4.05356D-01
    2.16000D-01    4.05373D-01
    2.16333D-01    4.05390D-01
    2.16667D-01    4.05407D-01
    2.17000D-01    4.05424D-01
    2.17333D-01    4.05441D-01
    2.17667D-01    4.05458D-01
    2.18000D-01    4.05475D-01
    2.18333D-01    4.05492D-01
    2.18667D-01    4.05509D-01
    2.19000D-01    4.05526D-01
    2.19333D-01    4.05543D-01
    2.19667D-01    4.05561D-01
    2.20000D-01    4.05578D-01
    2.20333D-01    4.05595D-01
    2.20667D-01    4.05613D-01
    2.21000D-01    4.05630D-01
    2.21333D-01    4.05647D-01
    2.21667D-01    4.05665D-01
    2.22000D-01    4.05682D-01
    2.22333D-01    4.05700D-01
    2.22667D-01    4.05717D-01
    2.23000D-01    4.05735D-01
    2.23333D-01    4.05752D-01
    2.23667D-01    4.05770D-01
    2.24000D-01    4.05787D-01
    2.24333D-01    4.05805D-01
    2.24667D-01    4.05823D-01
    2.25000D-01    4.05840D-01
    2.25333D-01    4.05858D-01
    2.25667D-01    4.05876D-01
    2.26000D-01    4.05893D-01
    2.26333D-01    4.05911D-01
    2.26667D-01    4.05929D-01
    2.27000D-01    4.05947D-01
    2.27333D-01    4.05965D-01
    2.27667D-01    4.05983D-01
    2.28000D-01    4.06001D-01
    2.28333D-01    4.06019D-01
    2.28667D-01    4.06037D-01
    2.29000D-01    4.06055D-01
    2.29333D-01    4.06073D-01
    2.29667D-01    4.06091D-01
    2.30000D-01    4.06109D-01
    2.30333D-01    4.06127D-01
    2.30667D-01    4.06145D-01
    2.31000D-01    4.06163D-01
    2.31333D-01    4.06182D-01
    2.31667D-01    4.06200D-01
    2.32000D-01    4.06218D-01
    2.32333D-01    4.06237D-01
    2.32667D-01    4.06255D-01
    2.33000D-01    4.06273D-01
    2.33333D-01    4.06292D-01
    2.33667D-01    4.06310D-01
    2.34000D-01    4.06329D-01
    2.34333D-01    4.06347D-01
    2.34667D-01    4.06366D-01
    2.35000D-01    4.06384D-01
    2.35333D-01    4.06403D-01
    2.35667D-01    4.06421D-01
    2.36000D-01    4.06440D-01
    2.36333D-01    4.06459D-01
    2.36667D-01    4.06477D-01
    2.37000D-01    4.06496D-01
    2.37333D-01    4.06515D-01
    2.37667D-01    4.06534D-01
    2.38000D-01    4.06552D-01
    2.38333D-01    4.06571D-01
    2.38667D-01    4.06590D-01
    2.39000D-01    4.06609D-01
    2.39333D-01    4.06628D-01
    2.39667D-01    4.06647D-01
    2.40000D-01    4.06666D-01
    2.40333D-01    4.06685D-01
    2.40667D-01    4.06704D-01
    2.41000D-01    4.06723D-01
    2.41333D-01    4.06742D-01
    2.41667D-01    4.06761D-01
    2.42000D-01    4.06780D-01
    2.42333D-01    4.06799D-01
    2.42667D-01    4.06819D-01
    2.43000D-01    4.06838D-01
    2.43333D-01    4.06857D-01
    2.43667D-01    4.06877D-01
    2.44000D-01    4.06896D-01
    2.44333D-01    4.06915D-01
    2.44667D-01    4.06935D-01
    2.45000D-01    4.06954D-01
    2.45333D-01    4.06973D-01
    2.45667D-01    4.06993D-01
    2.46000D-01    4.07012D-01
    2.46333D-01    4.07032D-01
    2.46667D-01    4.07052D-01
    2.47000D-01    4.07071D-01
    2.47333D-01    4.07091D-01
    2.47667D-01    4.07110D-01
    2.48000D-01    4.07130D-01
    2.48333D-01    4.07150D-01
    2.48667D-01    4.07170D-01
    2.49000D-01    4.07189D-01
    2.49333D-01    4.07209D-01
    2.49667D-01    4.07229D-01
    2.50000D-01    4.07249D-01
    2.50333D-01    4.07269D-01
    2.50667D-01    4.07289D-01
    2.51000D-01    4.07309D-01
    2.51333D-01    4.07329D-01
    2.51667D-01    4.07349D-01
    2.52000D-01    4.07369D-01
    2.52333D-01    4.07389D-01
    2.52667D-01    4.07409D-01
    2.53000D-01    4.07429D-01
    2.53333D-01    4.07449D-01
    2.53667D-01    4.07469D-01
    2.54000D-01    4.07490D-01
    2.54333D-01    4.07510D-01
    2.54667D-01    4.07530D-01
    2.55000D-01    4.07550D-01
    2.55333D-01    4.07571D-01
    2.55667D-01    4.07591D-01
    2.56000D-01    4.07611D-01
    2.56333D-01    4.07632D-01
    2.56667D-01    4.07652D-01
    2.57000D-01    4.07673D-01
    2.57333D-01    4.07693D-01
    2.57667D-01    4.07714D-01
    2.58000D-01    4.07734D-01
    2.58333D-01    4.07755D-01
    2.58667D-01    4.07776D-01
    2.59000D-01    4.07796D-01
    2.59333D-01    4.07817D-01
    2.59667D-01    4.07838D-01
    2.60000D-01    4.07859D-01
    2.60333D-01    4.07879D-01
    2.60667D-01    4.07900D-01
    2.61000D-01    4.07921D-01
    2.61333D-01    4.07942D-01
    2.61667D-01    4.07963D-01
    2.62000D-01    4.07984D-01
    2.62333D-01    4.08005D-01
    2.62667D-01    4.08026D-01
    2.63000D-01    4.08047D-01
    2.63333D-01    4.08068D-01
    2.63667D-01    4.08089D-01
    2.64000D-01    4.08110D-01
    2.64333D-01    4.08131D-01
    2.64667D-01    4.08152D-01
    2.65000D-01    4.08173D-01
    2.65333D-01    4.08195D-01
    2.65667D-01    4.08216D-01
    2.66000D-01    4.08237D-01
    2.66333D-01    4.08259D-01
    2.66667D-01    4.08280D-01
    2.67000D-01    4.08301D-01
    2.67333D-01    4.08323D-01
    2.67667D-01    4.08344D-01
    2.68000D-01    4.08366D-01
    2.68333D-01    4.08387D-01
    2.68667D-01    4.08409D-01
    2.69000D-01    4.08430D-01
    2.69333D-01    4.08452D-01
    2.69667D-01    4.08474D-01
    2.70000D-01    4.08495D-01
    2.70333D-01    4.08517D-01
    2.70667D-01    4.08539D-01
    2.71000D-01    4.08560D-01
    2.71333D-01    4.08582D-01
    2.71667D-01    4.08604D-01
    2.72000D-01    4.08626D-01
    2.72333D-01    4.08648D-01
    2.72667D-01    4.08670D-01
    2.73000D-01    4.08691D-01
    2.73333D-01    4.08713D-01
    2.73667D-01    4.08735D-01
    2.74000D-01    4.08757D-01
    2.74333D-01    4.08779D-01
    2.74667D-01    4.08802D-01
    2.75000D-01    4.08824D-01
    2.75333D-01    4.08846D-01
    2.75667D-01    4.08868D-01
    2.76000D-01    4.08890D-01
    2.76333D-01    4.08912D-01
    2.76667D-01    4.08935D-01
    2.77000D-01    4.08957D-01
    2.77333D-01    4.08979D-01
    2.77667D-01    4.09002D-01
    2.78000D-01    4.09024D-01
    2.78333D-01    4.09046D-01
    2.78667D-01    4.09069D-01
    2.79000D-01    4.09091D-01
    2.79333D-01    4.09114D-01
    2.79667D-01    4.09136D-01
    2.80000D-01    4.09159D-01
    2.80333D-01    4.09182D-01
    2.80667D-01    4.09204D-01
    2.81000D-01    4.09227D-01
    2.81333D-01    4.09250D-01
    2.81667D-01    4.09272D-01
    2.82000D-01    4.09295D-01
    2.82333D-01    4.09318D-01
    2.82667D-01    4.09341D-01
    2.83000D-01    4.09364D-01
    2.83333D-01    4.09386D-01
    2.83667D-01    4.09409D-01
    2.84000D-01    4.09432D-01
    2.84333D-01    4.09455D-01
    2.84667D-01    4.09478D-01
    2.85000D-01    4.09501D-01
    2.85333D-01    4.09524D-01
    2.85667D-01    4.09547D-01
    2.86000D-01    4.09571D-01
    2.86333D-01    4.09594D-01
    2.86667D-01    4.09617D-01
    2.87000D-01    4.09640D-01
    2.87333D-01    4.09663D-01
    2.87667D-01    4.09687D-01
    2.88000D-01    4.09710D-01
    2.88333D-01    4.09733D-01
    2.88667D-01    4.09757D-01
    2.89000D-01    4.09780D-01
    2.89333D-01    4.09804D-01
    2.89667D-01    4.09827D-01
    2.90000D-01    4.09851D-01
    2.90333D-01    4.09874D-01
    2.90667D-01    4.09898D-01
    2.91000D-01    4.09921D-01
    2.91333D-01    4.09945D-01
    2.91667D-01    4.09969D-01
    2.92000D-01    4.09992D-01
    2.92333D-01    4.10016D-01
    2.92667D-01    4.10040D-01
    2.93000D-01    4.10064D-01
    2.93333D-01    4.10087D-01
    2.93667D-01    4.10111D-01
    2.94000D-01    4.10135D-01
    2.94333D-01    4.10159D-01
    2.94667D-01    4.10183D-01
    2.95000D-01    4.10207D-01
    2.95333D-01    4.10231D-01
    2.95667D-01    4.10255D-01
    2.96000D-01    4.10279D-01
    2.96333D-01    4.10303D-01
    2.96667D-01    4.10327D-01
    2.97000D-01    4.10351D-01
    2.97333D-01    4.10376D-01
    2.97667D-01    4.10400D-01
    2.98000D-01    4.10424D-01
    2.98333D-01    4.10448D-01
    2.98667D-01    4.10473D-01
    2.99000D-01    4.10497D-01
    2.99333D-01    4.10521D-01
    2.99667D-01    4.10546D-01
    3.00000D-01    4.10570D-01
    3.00333D-01    4.10595D-01
    3.00667D-01    4.10619D-01
    3.01000D-01    4.10644D-01
    3.01333D-01    4.10668D-01
    3.01667D-01    4.10693D-01
    3.02000D-01    4.10718D-01
    3.02333D-01    4.10742D-01
    3.02667D-01    4.10767D-01
    3.03000D-01    4.10792D-01
    3.03333D-01    4.10816D-01
    3.03667D-01    4.10841D-01
    3.04000D-01    4.10866D-01
    3.04333D-01    4.10891D-01
    3.04667D-01    4.10916D-01
    3.05000D-01    4.10941D-01
    3.05333D-01    4.10966D-01
    3.05667D-01    4.10991D-01
    3.06000D-01    4.11016D-01
    3.06333D-01    4.11041D-01
    3.06667D-01    4.11066D-01
    3.07000D-01    4.11091D-01
    3.07333D-01    4.11116D-01
    3.07667D-01    4.11141D-01
    3.08000D-01    4.11166D-01
    3.08333D-01    4.11192D-01
    3.08667D-01    4.11217D-01
    3.09000D-01    4.11242D-01
    3.09333D-01    4.11268D-01
    3.09667D-01    4.11293D-01
    3.10000D-01    4.11318D-01
    3.10333D-01    4.11344D-01
    3.10667D-01    4.11369D-01
    3.11000D-01    4.11395D-01
    3.11333D-01    4.11420D-01
    3.11667D-01    4.11446D-01
    3.12000D-01    4.11472D-01
    3.12333D-01    4.11497D-01
    3.12667D-01    4.11523D-01
    3.13000D-01    4.11549D-01
    3.13333D-01    4.11574D-01
    3.13667D-01    4.11600D-01
    3.14000D-01    4.11626D-01
    3.14333D-01    4.11652D-01
    3.14667D-01    4.11677D-01
    3.15000D-01    4.11703D-01
    3.15333D-01    4.11729D-01
    3.15667D-01    4.11755D-01
    3.16000D-01    4.11781D-01
    3.16333D-01    4.11807D-01
    3.16667D-01    4.11833D-01
    3.17000D-01    4.11859D-01
    3.17333D-01    4.11885D-01
    3.17667D-01    4.11912D-01
    3.18000D-01    4.11938D-01
    3.18333D-01    4.11964D-01
    3.18667D-01    4.11990D-01
    3.19000D-01    4.12017D-01
    3.19333D-01    4.12043D-01
    3.19667D-01    4.12069D-01
    3.20000D-01    4.12096D-01
    3.20333D-01    4.12122D-01
    3.20667D-01    4.12148D-01
    3.21000D-01    4.12175D-01
    3.21333D-01    4.12201D-01
    3.21667D-01    4.12228D-01
    3.22000D-01    4.12255D-01
    3.22333D-01    4.12281D-01
    3.22667D-01    4.12308D-01
    3.23000D-01    4.12334D-01
    3.23333D-01    4.12361D-01
    3.23667D-01    4.12388D-01
    3.24000D-01    4.12415D-01
    3.24333D-01    4.12441D-01
    3.24667D-01    4.12468D-01
    3.25000D-01    4.12495D-01
    3.25333D-01    4.12522D-01
    3.25667D-01    4.12549D-01
    3.26000D-01    4.12576D-01
    3.26333D-01    4.12603D-01
    3.26667D-01    4.12630D-01
    3.27000D-01    4.12657D-01
    3.27333D-01    4.12684D-01
    3.27667D-01    4.12711D-01
    3.28000D-01    4.12738D-01
    3.28333D-01    4.12766D-01
    3.28667D-01    4.12793D-01
    3.29000D-01    4.12820D-01
    3.29333D-01    4.12847D-01
    3.29667D-01    4.12875D-01
    3.30000D-01    4.12902D-01
    3.30333D-01    4.12930D-01
    3.30667D-01    4.12957D-01
    3.31000D-01    4.12984D-01
    3.31333D-01    4.13012D-01
    3.31667D-01    4.13040D-01
    3.32000D-01    4.13067D-01
    3.32333D-01    4.13095D-01
    3.32667D-01    4.13122D-01
    3.33000D-01    4.13150D-01
    3.33333D-01    4.13178D-01
    3.33667D-01    4.13205D-01
    3.34000D-01    4.13233D-01
    3.34333D-01    4.13261D-01
    3.34667D-01    4.13289D-01
    3.35000D-01    4.13317D-01
    3.35333D-01    4.13345D-01
    3.35667D-01    4.13373D-01
    3.36000D-01    4.13400D-01
    3.36333D-01    4.13428D-01
    3.36667D-01    4.13457D-01
    3.37000D-01    4.13485D-01
    3.37333D-01    4.13513D-01
    3.37667D-01    4.13541D-01
    3.38000D-01    4.13569D-01
    3.38333D-01    4.13597D-01
    3.38667D-01    4.13625D-01
    3.39000D-01    4.13654D-01
    3.39333D-01    4.13682D-01
    3.39667D-01    4.13710D-01
    3.40000D-01    4.13739D-01
    3.40333D-01    4.13767D-01
    3.40667D-01    4.13796D-01
    3.41000D-01    4.13824D-01
    3.41333D-01    4.13853D-01
    3.41667D-01    4.13881D-01
    3.42000D-01    4.13910D-01
    3.42333D-01    4.13938D-01
    3.42667D-01    4.13967D-01
    3.43000D-01    4.13996D-01
    3.43333D-01    4.14024D-01
    3.43667D-01    4.14053D-01
    3.44000D-01    4.14082D-01
    3.44333D-01    4.14111D-01
    3.44667D-01    4.14140D-01
    3.45000D-01    4.14168D-01
    3.45333D-01    4.14197D-01
    3.45667D-01    4.14226D-01
    3.46000D-01    4.14255D-01
    3.46333D-01    4.14284D-01
    3.46667D-01    4.14313D-01
    3.47000D-01    4.14342D-01
    3.47333D-01    4.14372D-01
    3.47667D-01    4.14401D-01
    3.48000D-01    4.14430D-01
    3.48333D-01    4.14459D-01
    3.48667D-01    4.14488D-01
    3.49000D-01    4.14518D-01
    3.49333D-01    4.14547D-01
    3.49667D-01    4.14576D-01
    3.50000D-01    4.14606D-01
    3.50333D-01    4.14635D-01
    3.50667D-01    4.14665D-01
    3.51000D-01    4.14694D-01
    3.51333D-01    4.14724D-01
    3.51667D-01    4.14753D-01
    3.52000D-01    4.14783D-01
    3.52333D-01    4.14813D-01
    3.52667D-01    4.14842D-01
    3.53000D-01    4.14872D-01
    3.53333D-01    4.14902D-01
    3.53667D-01    4.14931D-01
    3.54000D-01    4.14961D-01
    3.54333D-01    4.14991D-01
    3.54667D-01    4.15021D-01
    3.55000D-01    4.15051D-01
    3.55333D-01    4.15081D-01
    3.55667D-01    4.15111D-01
    3.56000D-01    4.15141D-01
    3.56333D-01    4.15171D-01
    3.56667D-01    4.15201D-01
    3.57000D-01    4.15231D-01
    3.57333D-01    4.15261D-01
    3.57667D-01    4.15291D-01
    3.58000D-01    4.15322D-01
    3.58333D-01    4.15352D-01
    3.58667D-01    4.15382D-01
    3.59000D-01    4.15413D-01
    3.59333D-01    4.15443D-01
    3.59667D-01    4.15473D-01
    3.60000D-01    4.15504D-01
    3.60333D-01    4.15534D-01
    3.60667D-01    4.15565D-01
    3.61000D-01    4.15595D-01
    3.61333D-01    4.15626D-01
    3.61667D-01    4.15657D-01
    3.62000D-01    4.15687D-01
    3.62333D-01    4.15718D-01
    3.62667D-01    4.15749D-01
    3.63000D-01    4.15779D-01
    3.63333D-01    4.15810D-01
    3.63667D-01    4.15841D-01
    3.64000D-01    4.15872D-01
    3.64333D-01    4.15903D-01
    3.64667D-01    4.15934D-01
    3.65000D-01    4.15965D-01
    3.65333D-01    4.15996D-01
    3.65667D-01    4.16027D-01
    3.66000D-01    4.16058D-01
    3.66333D-01    4.16089D-01
    3.66667D-01    4.16120D-01
    3.67000D-01    4.16151D-01
    3.67333D-01    4.16182D-01
    3.67667D-01    4.16214D-01
    3.68000D-01    4.16245D-01
    3.68333D-01    4.16276D-01
    3.68667D-01    4.16308D-01
    3.69000D-01    4.16339D-01
    3.69333D-01    4.16371D-01
    3.69667D-01    4.16402D-01
    3.70000D-01    4.16433D-01
    3.70333D-01    4.16465D-01
    3.70667D-01    4.16497D-01
    3.71000D-01    4.16528D-01
    3.71333D-01    4.16560D-01
    3.71667D-01    4.16592D-01
    3.72000D-01    4.16623D-01
    3.72333D-01    4.16655D-01
    3.72667D-01    4.16687D-01
    3.73000D-01    4.16719D-01
    3.73333D-01    4.16750D-01
    3.73667D-01    4.16782D-01
    3.74000D-01    4.16814D-01
    3.74333D-01    4.16846D-01
    3.74667D-01    4.16878D-01
    3.75000D-01    4.16910D-01
    3.75333D-01    4.16942D-01
    3.75667D-01    4.16975D-01
    3.76000D-01    4.17007D-01
    3.76333D-01    4.17039D-01
    3.76667D-01    4.17071D-01
    3.77000D-01    4.17103D-01
    3.77333D-01    4.17136D-01
    3.77667D-01    4.17168D-01
    3.78000D-01    4.17200D-01
    3.78333D-01    4.17233D-01
    3.78667D-01    4.17265D-01
    3.79000D-01    4.17298D-01
    3.79333D-01    4.17330D-01
    3.79667D-01    4.17363D-01
    3.80000D-01    4.17395D-01
    3.80333D-01    4.17428D-01
    3.80667D-01    4.17461D-01
    3.81000D-01    4.17493D-01
    3.81333D-01    4.17526D-01
    3.81667D-01    4.17559D-01
    3.82000D-01    4.17592D-01
    3.82333D-01    4.17624D-01
    3.82667D-01    4.17657D-01
    3.83000D-01    4.17690D-01
    3.83333D-01    4.17723D-01
    3.83667D-01    4.17756D-01
    3.84000D-01    4.17789D-01
    3.84333D-01    4.17822D-01
    3.84667D-01    4.17855D-01
    3.85000D-01    4.17888D-01
    3.85333D-01    4.17922D-01
    3.85667D-01    4.17955D-01
    3.86000D-01    4.17988D-01
    3.86333D-01    4.18021D-01
    3.86667D-01    4.18055D-01
    3.87000D-01    4.18088D-01
    3.87333D-01    4.18121D-01
    3.87667D-01    4.18155D-01
    3.88000D-01    4.18188D-01
    3.88333D-01    4.18222D-01
    3.88667D-01    4.18255D-01
    3.89000D-01    4.18289D-01
    3.89333D-01    4.18323D-01
    3.89667D-01    4.18356D-01
    3.90000D-01    4.18390D-01
    3.90333D-01    4.18424D-01
    3.90667D-01    4.18457D-01
    3.91000D-01    4.18491D-01
    3.91333D-01    4.18525D-01
    3.91667D-01    4.18559D-01
    3.92000D-01    4.18593D-01
    3.92333D-01    4.18627D-01
    3.92667D-01    4.18661D-01
    3.93000D-01    4.18695D-01
    3.93333D-01    4.18729D-01
    3.93667D-01    4.18763D-01
    3.94000D-01    4.18797D-01
    3.94333D-01    4.18831D-01
    3.94667D-01    4.18866D-01
    3.95000D-01    4.18900D-01
    3.95333D-01    4.18934D-01
    3.95667D-01    4.18968D-01
    3.96000D-01    4.19003D-01
    3.96333D-01    4.19037D-01
    3.96667D-01    4.19072D-01
    3.97000D-01    4.19106D-01
    3.97333D-01    4.19141D-01
    3.97667D-01    4.19175D-01
    3.98000D-01    4.19210D-01
    3.98333D-01    4.19244D-01
    3.98667D-01    4.19279D-01
    3.99000D-01    4.19314D-01
    3.99333D-01    4.19348D-01
    3.99667D-01    4.19383D-01
    4.00000D-01    4.19418D-01
    4.00333D-01    4.19453D-01
    4.00667D-01    4.19488D-01
    4.01000D-01    4.19523D-01
    4.01333D-01    4.19558D-01
    4.01667D-01    4.19593D-01
    4.02000D-01    4.19628D-01
    4.02333D-01    4.19663D-01
    4.02667D-01    4.19698D-01
    4.03000D-01    4.19733D-01
    4.03333D-01    4.19768D-01
    4.03667D-01    4.19804D-01
    4.04000D-01    4.19839D-01
    4.04333D-01    4.19874D-01
    4.04667D-01    4.19910D-01
    4.05000D-01    4.19945D-01
    4.05333D-01    4.19980D-01
    4.05667D-01    4.20016D-01
    4.06000D-01    4.20051D-01
    4.06333D-01    4.20087D-01
    4.06667D-01    4.20122D-01
    4.07000D-01    4.20158D-01
    4.07333D-01    4.20194D-01
    4.07667D-01    4.20229D-01
    4.08000D-01    4.20265D-01
    4.08333D-01    4.20301D-01
    4.08667D-01    4.20337D-01
    4.09000D-01    4.20373D-01
    4.09333D-01    4.20408D-01
    4.09667D-01    4.20444D-01
    4.10000D-01    4.20480D-01
    4.10333D-01    4.20516D-01
    4.10667D-01    4.20552D-01
    4.11000D-01    4.20589D-01
    4.11333D-01    4.20625D-01
    4.11667D-01    4.20661D-01
    4.12000D-01    4.20697D-01
    4.12333D-01    4.20733D-01
    4.12667D-01    4.20770D-01
    4.13000D-01    4.20806D-01
    4.13333D-01    4.20842D-01
    4.13667D-01    4.20879D-01
    4.14000D-01    4.20915D-01
    4.14333D-01    4.20951D-01
    4.14667D-01    4.20988D-01
    4.15000D-01    4.21025D-01
    4.15333D-01    4.21061D-01
    4.15667D-01    4.21098D-01
    4.16000D-01    4.21134D-01
    4.16333D-01    4.21171D-01
    4.16667D-01    4.21208D-01
    4.17000D-01    4.21245D-01
    4.17333D-01    4.21282D-01
    4.17667D-01    4.21318D-01
    4.18000D-01    4.21355D-01
    4.18333D-01    4.21392D-01
    4.18667D-01    4.21429D-01
    4.19000D-01    4.21466D-01
    4.19333D-01    4.21503D-01
    4.19667D-01    4.21540D-01
    4.20000D-01    4.21578D-01
    4.20333D-01    4.21615D-01
    4.20667D-01    4.21652D-01
    4.21000D-01    4.21689D-01
    4.21333D-01    4.21727D-01
    4.21667D-01    4.21764D-01
    4.22000D-01    4.21801D-01
    4.22333D-01    4.21839D-01
    4.22667D-01    4.21876D-01
    4.23000D-01    4.21914D-01
    4.23333D-01    4.21951D-01
    4.23667D-01    4.21989D-01
    4.24000D-01    4.22026D-01
    4.24333D-01    4.22064D-01
    4.24667D-01    4.22102D-01
    4.25000D-01    4.22139D-01
    4.25333D-01    4.22177D-01
    4.25667D-01    4.22215D-01
    4.26000D-01    4.22253D-01
    4.26333D-01    4.22291D-01
    4.26667D-01    4.22329D-01
    4.27000D-01    4.22367D-01
    4.27333D-01    4.22405D-01
    4.27667D-01    4.22443D-01
    4.28000D-01    4.22481D-01
    4.28333D-01    4.22519D-01
    4.28667D-01    4.22557D-01
    4.29000D-01    4.22595D-01
    4.29333D-01    4.22634D-01
    4.29667D-01    4.22672D-01
    4.30000D-01    4.22710D-01
    4.30333D-01    4.22749D-01
    4.30667D-01    4.22787D-01
    4.31000D-01    4.22826D-01
    4.31333D-01    4.22864D-01
    4.31667D-01    4.22903D-01
    4.32000D-01    4.22941D-01
    4.32333D-01    4.22980D-01
    4.32667D-01    4.23019D-01
    4.33000D-01    4.23057D-01
    4.33333D-01    4.23096D-01
    4.33667D-01    4.23135D-01
    4.34000D-01    4.23174D-01
    4.34333D-01    4.23212D-01
    4.34667D-01    4.23251D-01
    4.35000D-01    4.23290D-01
    4.35333D-01    4.23329D-01
    4.35667D-01    4.23368D-01
    4.36000D-01    4.23407D-01
    4.36333D-01    4.23447D-01
    4.36667D-01    4.23486D-01
    4.37000D-01    4.23525D-01
    4.37333D-01    4.23564D-01
    4.37667D-01    4.23603D-01
    4.38000D-01    4.23643D-01
    4.38333D-01    4.23682D-01
    4.38667D-01    4.23722D-01
    4.39000D-01    4.23761D-01
    4.39333D-01    4.23800D-01
    4.39667D-01    4.23840D-01
    4.40000D-01    4.23880D-01
    4.40333D-01    4.23919D-01
    4.40667D-01    4.23959D-01
    4.41000D-01    4.23999D-01
    4.41333D-01    4.24038D-01
    4.41667D-01    4.24078D-01
    4.42000D-01    4.24118D-01
    4.42333D-01    4.24158D-01
    4.42667D-01    4.24198D-01
    4.43000D-01    4.24238D-01
    4.43333D-01    4.24278D-01
    4.43667D-01    4.24318D-01
    4.44000D-01    4.24358D-01
    4.44333D-01    4.24398D-01
    4.44667D-01    4.24438D-01
    4.45000D-01    4.24478D-01
    4.45333D-01    4.24518D-01
    4.45667D-01    4.24559D-01
    4.46000D-01    4.24599D-01
    4.46333D-01    4.24639D-01
    4.46667D-01    4.24680D-01
    4.47000D-01    4.24720D-01
    4.47333D-01    4.24761D-01
    4.47667D-01    4.24801D-01
    4.48000D-01    4.24842D-01
    4.48333D-01    4.24882D-01
    4.48667D-01    4.24923D-01
    4.49000D-01    4.24964D-01
    4.49333D-01    4.25004D-01
    4.49667D-01    4.25045D-01
    4.50000D-01    4.25086D-01
    4.50333D-01    4.25127D-01
    4.50667D-01    4.25168D-01
    4.51000D-01    4.25209D-01
    4.51333D-01    4.25250D-01
    4.51667D-01    4.25291D-01
    4.52000D-01    4.25332D-01
    4.52333D-01    4.25373D-01
    4.52667D-01    4.25414D-01
    4.53000D-01    4.25455D-01
    4.53333D-01    4.25497D-01
    4.53667D-01    4.25538D-01
    4.54000D-01    4.25579D-01
    4.54333D-01    4.25621D-01
    4.54667D-01    4.25662D-01
    4.55000D-01    4.25703D-01
    4.55333D-01    4.25745D-01
    4.55667D-01    4.25787D-01
    4.56000D-01    4.25828D-01
    4.56333D-01    4.25870D-01
    4.56667D-01    4.25911D-01
    4.57000D-01    4.25953D-01
    4.57333D-01    4.25995D-01
    4.57667D-01    4.26037D-01
    4.58000D-01    4.26079D-01
    4.58333D-01    4.26120D-01
    4.58667D-01    4.26162D-01
    4.59000D-01    4.26204D-01
    4.59333D-01    4.26246D-01
    4.59667D-01    4.26288D-01
    4.60000D-01    4.26331D-01
    4.60333D-01    4.26373D-01
    4.60667D-01    4.26415D-01
    4.61000D-01    4.26457D-01
    4.61333D-01    4.26499D-01
    4.61667D-01    4.26542D-01
    4.62000D-01    4.26584D-01
    4.62333D-01    4.26627D-01
    4.62667D-01    4.26669D-01
    4.63000D-01    4.26712D-01
    4.63333D-01    4.26754D-01
    4.63667D-01    4.26797D-01
    4.64000D-01    4.26839D-01
    4.64333D-01    4.26882D-01
    4.64667D-01    4.26925D-01
    4.65000D-01    4.26967D-01
    4.65333D-01    4.27010D-01
    4.65667D-01    4.27053D-01
    4.66000D-01    4.27096D-01
    4.66333D-01    4.27139D-01
    4.66667D-01    4.27182D-01
    4.67000D-01    4.27225D-01
    4.67333D-01    4.27268D-01
    4.67667D-01    4.27311D-01
    4.68000D-01    4.27354D-01
    4.68333D-01    4.27397D-01
    4.68667D-01    4.27441D-01
    4.69000D-01    4.27484D-01
    4.69333D-01    4.27527D-01
    4.69667D-01    4.27571D-01
    4.70000D-01    4.27614D-01
    4.70333D-01    4.27658D-01
    4.70667D-01    4.27701D-01
    4.71000D-01    4.27745D-01
    4.71333D-01    4.27788D-01
    4.71667D-01    4.27832D-01
    4.72000D-01    4.27876D-01
    4.72333D-01    4.27919D-01
    4.72667D-01    4.27963D-01
    4.73000D-01    4.28007D-01
    4.73333D-01    4.28051D-01
    4.73667D-01    4.28095D-01
    4.74000D-01    4.28139D-01
    4.74333D-01    4.28183D-01
    4.74667D-01    4.28227D-01
    4.75000D-01    4.28271D-01
    4.75333D-01    4.28315D-01
    4.75667D-01    4.28359D-01
    4.76000D-01    4.28403D-01
    4.76333D-01    4.28448D-01
    4.76667D-01    4.28492D-01
    4.77000D-01    4.28536D-01
    4.77333D-01    4.28581D-01
    4.77667D-01    4.28625D-01
    4.78000D-01    4.28670D-01
    4.78333D-01    4.28714D-01
    4.78667D-01    4.28759D-01
    4.79000D-01    4.28803D-01
    4.79333D-01    4.28848D-01
    4.79667D-01    4.28893D-01
    4.80000D-01    4.28938D-01
    4.80333D-01    4.28982D-01
    4.80667D-01    4.29027D-01
    4.81000D-01    4.29072D-01
    4.81333D-01    4.29117D-01
    4.81667D-01    4.29162D-01
    4.82000D-01    4.29207D-01
    4.82333D-01    4.29252D-01
    4.82667D-01    4.29297D-01
    4.83000D-01    4.29343D-01
    4.83333D-01    4.29388D-01
    4.83667D-01    4.29433D-01
    4.84000D-01    4.29478D-01
    4.84333D-01    4.29524D-01
    4.84667D-01    4.29569D-01
    4.85000D-01    4.29615D-01
    4.85333D-01    4.29660D-01
    4.85667D-01    4.29706D-01
    4.86000D-01    4.29751D-01
    4.86333D-01    4.29797D-01
    4.86667D-01    4.29843D-01
    4.87000D-01    4.29888D-01
    4.87333D-01    4.29934D-01
    4.87667D-01    4.29980D-01
    4.88000D-01    4.30026D-01
    4.88333D-01    4.30072D-01
    4.88667D-01    4.30118D-01
    4.89000D-01    4.30164D-01
    4.89333D-01    4.30210D-01
    4.89667D-01    4.30256D-01
    4.90000D-01    4.30302D-01
    4.90333D-01    4.30348D-01
    4.90667D-01    4.30394D-01
    4.91000D-01    4.30441D-01
    4.91333D-01    4.30487D-01
    4.91667D-01    4.30533D-01
    4.92000D-01    4.30580D-01
    4.92333D-01    4.30626D-01
    4.92667D-01    4.30673D-01
    4.93000D-01    4.30719D-01
    4.93333D-01    4.30766D-01
    4.93667D-01    4.30813D-01
    4.94000D-01    4.30859D-01
    4.94333D-01    4.30906D-01
    4.94667D-01    4.30953D-01
    4.95000D-01    4.31000D-01
    4.95333D-01    4.31047D-01
    4.95667D-01    4.31094D-01
    4.96000D-01    4.31141D-01
    4.96333D-01    4.31188D-01
    4.96667D-01    4.31235D-01
    4.97000D-01    4.31282D-01
    4.97333D-01    4.31329D-01
    4.97667D-01    4.31376D-01
    4.98000D-01    4.31424D-01
    4.98333D-01    4.31471D-01
    4.98667D-01    4.31518D-01
    4.99000D-01    4.31566D-01
    4.99333D-01    4.31613D-01
    4.99667D-01    4.31661D-01
    5.00000D-01    4.31708D-01
    5.00333D-01    4.31756D-01
    5.00667D-01    4.31804D-01
    5.01000D-01    4.31851D-01
    5.01333D-01    4.31899D-01
    5.01667D-01    4.31947D-01
    5.02000D-01    4.31995D-01
    5.02333D-01    4.32043D-01
    5.02667D-01    4.32091D-01
    5.03000D-01    4.32139D-01
    5.03333D-01    4.32187D-01
    5.03667D-01    4.32235D-01
    5.04000D-01    4.32283D-01
    5.04333D-01    4.32331D-01
    5.04667D-01    4.32379D-01
    5.05000D-01    4.32428D-01
    5.05333D-01    4.32476D-01
    5.05667D-01    4.32524D-01
    5.06000D-01    4.32573D-01
    5.06333D-01    4.32621D-01
    5.06667D-01    4.32670D-01
    5.07000D-01    4.32718D-01
    5.07333D-01    4.32767D-01
    5.07667D-01    4.32816D-01
    5.08000D-01    4.32864D-01
    5.08333D-01    4.32913D-01
    5.08667D-01    4.32962D-01
    5.09000D-01    4.33011D-01
    5.09333D-01    4.33060D-01
    5.09667D-01    4.33109D-01
    5.10000D-01    4.33158D-01
    5.10333D-01    4.33207D-01
    5.10667D-01    4.33256D-01
    5.11000D-01    4.33305D-01
    5.11333D-01    4.33354D-01
    5.11667D-01    4.33404D-01
    5.12000D-01    4.33453D-01
    5.12333D-01    4.33502D-01
    5.12667D-01    4.33552D-01
    5.13000D-01    4.33601D-01
    5.13333D-01    4.33651D-01
    5.13667D-01    4.33700D-01
    5.14000D-01    4.33750D-01
    5.14333D-01    4.33800D-01
    5.14667D-01    4.33849D-01
    5.15000D-01    4.33899D-01
    5.15333D-01    4.33949D-01
    5.15667D-01    4.33999D-01
    5.16000D-01    4.34049D-01
    5.16333D-01    4.34099D-01
    5.16667D-01    4.34149D-01
    5.17000D-01    4.34199D-01
    5.17333D-01    4.34249D-01
    5.17667D-01    4.34299D-01
    5.18000D-01    4.34349D-01
    5.18333D-01    4.34399D-01
    5.18667D-01    4.34450D-01
    5.19000D-01    4.34500D-01
    5.19333D-01    4.34550D-01
    5.19667D-01    4.34601D-01
    5.20000D-01    4.34651D-01
    5.20333D-01    4.34702D-01
    5.20667D-01    4.34753D-01
    5.21000D-01    4.34803D-01
    5.21333D-01    4.34854D-01
    5.21667D-01    4.34905D-01
    5.22000D-01    4.34956D-01
    5.22333D-01    4.35006D-01
    5.22667D-01    4.35057D-01
    5.23000D-01    4.35108D-01
    5.23333D-01    4.35159D-01
    5.23667D-01    4.35210D-01
    5.24000D-01    4.35261D-01
    5.24333D-01    4.35313D-01
    5.24667D-01    4.35364D-01
    5.25000D-01    4.35415D-01
    5.25333D-01    4.35466D-01
    5.25667D-01    4.35518D-01
    5.26000D-01    4.35569D-01
    5.26333D-01    4.35621D-01
    5.26667D-01    4.35672D-01
    5.27000D-01    4.35724D-01
    5.27333D-01    4.35775D-01
    5.27667D-01    4.35827D-01
    5.28000D-01    4.35879D-01
    5.28333D-01    4.35931D-01
    5.28667D-01    4.35982D-01
    5.29000D-01    4.36034D-01
    5.29333D-01    4.36086D-01
    5.29667D-01    4.36138D-01
    5.30000D-01    4.36190D-01
    5.30333D-01    4.36242D-01
    5.30667D-01    4.36295D-01
    5.31000D-01    4.36347D-01
    5.31333D-01    4.36399D-01
    5.31667D-01    4.36451D-01
    5.32000D-01    4.36504D-01
    5.32333D-01    4.36556D-01
    5.32667D-01    4.36609D-01
    5.33000D-01    4.36661D-01
    5.33333D-01    4.36714D-01
    5.33667D-01    4.36766D-01
    5.34000D-01    4.36819D-01
    5.34333D-01    4.36872D-01
    5.34667D-01    4.36924D-01
    5.35000D-01    4.36977D-01
    5.35333D-01    4.37030D-01
    5.35667D-01    4.37083D-01
    5.36000D-01    4.37136D-01
    5.36333D-01    4.37189D-01
    5.36667D-01    4.37242D-01
    5.37000D-01    4.37295D-01
    5.37333D-01    4.37348D-01
    5.37667D-01    4.37402D-01
    5.38000D-01    4.37455D-01
    5.38333D-01    4.37508D-01
    5.38667D-01    4.37562D-01
    5.39000D-01    4.37615D-01
    5.39333D-01    4.37669D-01
    5.39667D-01    4.37722D-01
    5.40000D-01    4.37776D-01
    5.40333D-01    4.37830D-01
    5.40667D-01    4.37883D-01
    5.41000D-01    4.37937D-01
    5.41333D-01    4.37991D-01
    5.41667D-01    4.38045D-01
    5.42000D-01    4.38099D-01
    5.42333D-01    4.38153D-01
    5.42667D-01    4.38207D-01
    5.43000D-01    4.38261D-01
    5.43333D-01    4.38315D-01
    5.43667D-01    4.38369D-01
    5.44000D-01    4.38423D-01
    5.44333D-01    4.38478D-01
    5.44667D-01    4.38532D-01
    5.45000D-01    4.38586D-01
    5.45333D-01    4.38641D-01
    5.45667D-01    4.38695D-01
    5.46000D-01    4.38750D-01
    5.46333D-01    4.38805D-01
    5.46667D-01    4.38859D-01
    5.47000D-01    4.38914D-01
    5.47333D-01    4.38969D-01
    5.47667D-01    4.39024D-01
    5.48000D-01    4.39079D-01
    5.48333D-01    4.39134D-01
    5.48667D-01    4.39189D-01
    5.49000D-01    4.39244D-01
    5.49333D-01    4.39299D-01
    5.49667D-01    4.39354D-01
    5.50000D-01    4.39409D-01
    5.50333D-01    4.39465D-01
    5.50667D-01    4.39520D-01
    5.51000D-01    4.39575D-01
    5.51333D-01    4.39631D-01
    5.51667D-01    4.39686D-01
    5.52000D-01    4.39742D-01
    5.52333D-01    4.39797D-01
    5.52667D-01    4.39853D-01
    5.53000D-01    4.39909D-01
    5.53333D-01    4.39965D-01
    5.53667D-01    4.40020D-01
    5.54000D-01    4.40076D-01
    5.54333D-01    4.40132D-01
    5.54667D-01    4.40188D-01
    5.55000D-01    4.40244D-01
    5.55333D-01    4.40300D-01
    5.55667D-01    4.40357D-01
    5.56000D-01    4.40413D-01
    5.56333D-01    4.40469D-01
    5.56667D-01    4.40525D-01
    5.57000D-01    4.40582D-01
    5.57333D-01    4.40638D-01
    5.57667D-01    4.40695D-01
    5.58000D-01    4.40751D-01
    5.58333D-01    4.40808D-01
    5.58667D-01    4.40865D-01
    5.59000D-01    4.40921D-01
    5.59333D-01    4.40978D-01
    5.59667D-01    4.41035D-01
    5.60000D-01    4.41092D-01
    5.60333D-01    4.41149D-01
    5.60667D-01    4.41206D-01
    5.61000D-01    4.41263D-01
    5.61333D-01    4.41320D-01
    5.61667D-01    4.41377D-01
    5.62000D-01    4.41435D-01
    5.62333D-01    4.41492D-01
    5.62667D-01    4.41549D-01
    5.63000D-01    4.41607D-01
    5.63333D-01    4.41664D-01
    5.63667D-01    4.41722D-01
    5.64000D-01    4.41779D-01
    5.64333D-01    4.41837D-01
    5.64667D-01    4.41894D-01
    5.65000D-01    4.41952D-01
    5.65333D-01    4.42010D-01
    5.65667D-01    4.42068D-01
    5.66000D-01    4.42126D-01
    5.66333D-01    4.42184D-01
    5.66667D-01    4.42242D-01
    5.67000D-01    4.42300D-01
    5.67333D-01    4.42358D-01
    5.67667D-01    4.42416D-01
    5.68000D-01    4.42475D-01
    5.68333D-01    4.42533D-01
    5.68667D-01    4.42591D-01
    5.69000D-01    4.42650D-01
    5.69333D-01    4.42708D-01
    5.69667D-01    4.42767D-01
    5.70000D-01    4.42825D-01
    5.70333D-01    4.42884D-01
    5.70667D-01    4.42943D-01
    5.71000D-01    4.43002D-01
    5.71333D-01    4.43060D-01
    5.71667D-01    4.43119D-01
    5.72000D-01    4.43178D-01
    5.72333D-01    4.43237D-01
    5.72667D-01    4.43296D-01
    5.73000D-01    4.43355D-01
    5.73333D-01    4.43415D-01
    5.73667D-01    4.43474D-01
    5.74000D-01    4.43533D-01
    5.74333D-01    4.43593D-01
    5.74667D-01    4.43652D-01
    5.75000D-01    4.43711D-01
    5.75333D-01    4.43771D-01
    5.75667D-01    4.43831D-01
    5.76000D-01    4.43890D-01
    5.76333D-01    4.43950D-01
    5.76667D-01    4.44010D-01
    5.77000D-01    4.44070D-01
    5.77333D-01    4.44130D-01
    5.77667D-01    4.44189D-01
    5.78000D-01    4.44250D-01
    5.78333D-01    4.44310D-01
    5.78667D-01    4.44370D-01
    5.79000D-01    4.44430D-01
    5.79333D-01    4.44490D-01
    5.79667D-01    4.44550D-01
    5.80000D-01    4.44611D-01
    5.80333D-01    4.44671D-01
    5.80667D-01    4.44732D-01
    5.81000D-01    4.44792D-01
    5.81333D-01    4.44853D-01
    5.81667D-01    4.44914D-01
    5.82000D-01    4.44974D-01
    5.82333D-01    4.45035D-01
    5.82667D-01    4.45096D-01
    5.83000D-01    4.45157D-01
    5.83333D-01    4.45218D-01
    5.83667D-01    4.45279D-01
    5.84000D-01    4.45340D-01
    5.84333D-01    4.45401D-01
    5.84667D-01    4.45462D-01
    5.85000D-01    4.45524D-01
    5.85333D-01    4.45585D-01
    5.85667D-01    4.45646D-01
    5.86000D-01    4.45708D-01
    5.86333D-01    4.45769D-01
    5.86667D-01    4.45831D-01
    5.87000D-01    4.45893D-01
    5.87333D-01    4.45954D-01
    5.87667D-01    4.46016D-01
    5.88000D-01    4.46078D-01
    5.88333D-01    4.46140D-01
    5.88667D-01    4.46202D-01
    5.89000D-01    4.46264D-01
    5.89333D-01    4.46326D-01
    5.89667D-01    4.46388D-01
    5.90000D-01    4.46450D-01
    5.90333D-01    4.46512D-01
    5.90667D-01    4.46575D-01
    5.91000D-01    4.46637D-01
    5.91333D-01    4.46700D-01
    5.91667D-01    4.46762D-01
    5.92000D-01    4.46825D-01
    5.92333D-01    4.46887D-01
    5.92667D-01    4.46950D-01
    5.93000D-01    4.47013D-01
    5.93333D-01    4.47076D-01
    5.93667D-01    4.47138D-01
    5.94000D-01    4.47201D-01
    5.94333D-01    4.47264D-01
    5.94667D-01    4.47327D-01
    5.95000D-01    4.47391D-01
    5.95333D-01    4.47454D-01
    5.95667D-01    4.47517D-01
    5.96000D-01    4.47580D-01
    5.96333D-01    4.47644D-01
    5.96667D-01    4.47707D-01
    5.97000D-01    4.47771D-01
    5.97333D-01    4.47834D-01
    5.97667D-01    4.47898D-01
    5.98000D-01    4.47961D-01
    5.98333D-01    4.48025D-01
    5.98667D-01    4.48089D-01
    5.99000D-01    4.48153D-01
    5.99333D-01    4.48217D-01
    5.99667D-01    4.48281D-01
    6.00000D-01    4.48345D-01
    6.00333D-01    4.48409D-01
    6.00667D-01    4.48473D-01
    6.01000D-01    4.48538D-01
    6.01333D-01    4.48602D-01
    6.01667D-01    4.48666D-01
    6.02000D-01    4.48731D-01
    6.02333D-01    4.48795D-01
    6.02667D-01    4.48860D-01
    6.03000D-01    4.48924D-01
    6.03333D-01    4.48989D-01
    6.03667D-01    4.49054D-01
    6.04000D-01    4.49119D-01
    6.04333D-01    4.49184D-01
    6.04667D-01    4.49249D-01
    6.05000D-01    4.49314D-01
    6.05333D-01    4.49379D-01
    6.05667D-01    4.49444D-01
    6.06000D-01    4.49509D-01
    6.06333D-01    4.49574D-01
    6.06667D-01    4.49640D-01
    6.07000D-01    4.49705D-01
    6.07333D-01    4.49771D-01
    6.07667D-01    4.49836D-01
    6.08000D-01    4.49902D-01
    6.08333D-01    4.49967D-01
    6.08667D-01    4.50033D-01
    6.09000D-01    4.50099D-01
    6.09333D-01    4.50165D-01
    6.09667D-01    4.50231D-01
    6.10000D-01    4.50297D-01
    6.10333D-01    4.50363D-01
    6.10667D-01    4.50429D-01
    6.11000D-01    4.50495D-01
    6.11333D-01    4.50561D-01
    6.11667D-01    4.50628D-01
    6.12000D-01    4.50694D-01
    6.12333D-01    4.50761D-01
    6.12667D-01    4.50827D-01
    6.13000D-01    4.50894D-01
    6.13333D-01    4.50960D-01
    6.13667D-01    4.51027D-01
    6.14000D-01    4.51094D-01
    6.14333D-01    4.51161D-01
    6.14667D-01    4.51228D-01
    6.15000D-01    4.51295D-01
    6.15333D-01    4.51362D-01
    6.15667D-01    4.51429D-01
    6.16000D-01    4.51496D-01
    6.16333D-01    4.51563D-01
    6.16667D-01    4.51631D-01
    6.17000D-01    4.51698D-01
    6.17333D-01    4.51766D-01
    6.17667D-01    4.51833D-01
    6.18000D-01    4.51901D-01
    6.18333D-01    4.51968D-01
    6.18667D-01    4.52036D-01
    6.19000D-01    4.52104D-01
    6.19333D-01    4.52172D-01
    6.19667D-01    4.52240D-01
    6.20000D-01    4.52308D-01
    6.20333D-01    4.52376D-01
    6.20667D-01    4.52444D-01
    6.21000D-01    4.52512D-01
    6.21333D-01    4.52580D-01
    6.21667D-01    4.52649D-01
    6.22000D-01    4.52717D-01
    6.22333D-01    4.52786D-01
    6.22667D-01    4.52854D-01
    6.23000D-01    4.52923D-01
    6.23333D-01    4.52991D-01
    6.23667D-01    4.53060D-01
    6.24000D-01    4.53129D-01
    6.24333D-01    4.53198D-01
    6.24667D-01    4.53267D-01
    6.25000D-01    4.53336D-01
    6.25333D-01    4.53405D-01
    6.25667D-01    4.53474D-01
    6.26000D-01    4.53543D-01
    6.26333D-01    4.53613D-01
    6.26667D-01    4.53682D-01
    6.27000D-01    4.53751D-01
    6.27333D-01    4.53821D-01
    6.27667D-01    4.53890D-01
    6.28000D-01    4.53960D-01
    6.28333D-01    4.54030D-01
    6.28667D-01    4.54100D-01
    6.29000D-01    4.54169D-01
    6.29333D-01    4.54239D-01
    6.29667D-01    4.54309D-01
    6.30000D-01    4.54379D-01
    6.30333D-01    4.54450D-01
    6.30667D-01    4.54520D-01
    6.31000D-01    4.54590D-01
    6.31333D-01    4.54660D-01
    6.31667D-01    4.54731D-01
    6.32000D-01    4.54801D-01
    6.32333D-01    4.54872D-01
    6.32667D-01    4.54942D-01
    6.33000D-01    4.55013D-01
    6.33333D-01    4.55084D-01
    6.33667D-01    4.55155D-01
    6.34000D-01    4.55226D-01
    6.34333D-01    4.55297D-01
    6.34667D-01    4.55368D-01
    6.35000D-01    4.55439D-01
    6.35333D-01    4.55510D-01
    6.35667D-01    4.55581D-01
    6.36000D-01    4.55653D-01
    6.36333D-01    4.55724D-01
    6.36667D-01    4.55795D-01
    6.37000D-01    4.55867D-01
    6.37333D-01    4.55939D-01
    6.37667D-01    4.56010D-01
    6.38000D-01    4.56082D-01
    6.38333D-01    4.56154D-01
    6.38667D-01    4.56226D-01
    6.39000D-01    4.56298D-01
    6.39333D-01    4.56370D-01
    6.39667D-01    4.56442D-01
    6.40000D-01    4.56514D-01
    6.40333D-01    4.56586D-01
    6.40667D-01    4.56659D-01
    6.41000D-01    4.56731D-01
    6.41333D-01    4.56804D-01
    6.41667D-01    4.56876D-01
    6.42000D-01    4.56949D-01
    6.42333D-01    4.57022D-01
    6.42667D-01    4.57094D-01
    6.43000D-01    4.57167D-01
    6.43333D-01    4.57240D-01
    6.43667D-01    4.57313D-01
    6.44000D-01    4.57386D-01
    6.44333D-01    4.57459D-01
    6.44667D-01    4.57532D-01
    6.45000D-01    4.57606D-01
    6.45333D-01    4.57679D-01
    6.45667D-01    4.57753D-01
    6.46000D-01    4.57826D-01
    6.46333D-01    4.57900D-01
    6.46667D-01    4.57973D-01
    6.47000D-01    4.58047D-01
    6.47333D-01    4.58121D-01
    6.47667D-01    4.58195D-01
    6.48000D-01    4.58269D-01
    6.48333D-01    4.58343D-01
    6.48667D-01    4.58417D-01
    6.49000D-01    4.58491D-01
    6.49333D-01    4.58565D-01
    6.49667D-01    4.58639D-01
    6.50000D-01    4.58714D-01
    6.50333D-01    4.58788D-01
    6.50667D-01    4.58863D-01
    6.51000D-01    4.58937D-01
    6.51333D-01    4.59012D-01
    6.51667D-01    4.59087D-01
    6.52000D-01    4.59162D-01
    6.52333D-01    4.59237D-01
    6.52667D-01    4.59312D-01
    6.53000D-01    4.59387D-01
    6.53333D-01    4.59462D-01
    6.53667D-01    4.59537D-01
    6.54000D-01    4.59612D-01
    6.54333D-01    4.59688D-01
    6.54667D-01    4.59763D-01
    6.55000D-01    4.59839D-01
    6.55333D-01    4.59914D-01
    6.55667D-01    4.59990D-01
    6.56000D-01    4.60066D-01
    6.56333D-01    4.60142D-01
    6.56667D-01    4.60218D-01
    6.57000D-01    4.60294D-01
    6.57333D-01    4.60370D-01
    6.57667D-01    4.60446D-01
    6.58000D-01    4.60522D-01
    6.58333D-01    4.60598D-01
    6.58667D-01    4.60675D-01
    6.59000D-01    4.60751D-01
    6.59333D-01    4.60828D-01
    6.59667D-01    4.60904D-01
    6.60000D-01    4.60981D-01
    6.60333D-01    4.61058D-01
    6.60667D-01    4.61134D-01
    6.61000D-01    4.61211D-01
    6.61333D-01    4.61288D-01
    6.61667D-01    4.61365D-01
    6.62000D-01    4.61443D-01
    6.62333D-01    4.61520D-01
    6.62667D-01    4.61597D-01
    6.63000D-01    4.61674D-01
    6.63333D-01    4.61752D-01
    6.63667D-01    4.61829D-01
    6.64000D-01    4.61907D-01
    6.64333D-01    4.61985D-01
    6.64667D-01    4.62062D-01
    6.65000D-01    4.62140D-01
    6.65333D-01    4.62218D-01
    6.65667D-01    4.62296D-01
    6.66000D-01    4.62374D-01
    6.66333D-01    4.62452D-01
    6.66667D-01    4.62531D-01
    6.67000D-01    4.62609D-01
    6.67333D-01    4.62687D-01
    6.67667D-01    4.62766D-01
    6.68000D-01    4.62844D-01
    6.68333D-01    4.62923D-01
    6.68667D-01    4.63002D-01
    6.69000D-01    4.63081D-01
    6.69333D-01    4.63159D-01
    6.69667D-01    4.63238D-01
    6.70000D-01    4.63317D-01
    6.70333D-01    4.63397D-01
    6.70667D-01    4.63476D-01
    6.71000D-01    4.63555D-01
    6.71333D-01    4.63634D-01
    6.71667D-01    4.63714D-01
    6.72000D-01    4.63793D-01
    6.72333D-01    4.63873D-01
    6.72667D-01    4.63953D-01
    6.73000D-01    4.64032D-01
    6.73333D-01    4.64112D-01
    6.73667D-01    4.64192D-01
    6.74000D-01    4.64272D-01
    6.74333D-01    4.64352D-01
    6.74667D-01    4.64432D-01
    6.75000D-01    4.64513D-01
    6.75333D-01    4.64593D-01
    6.75667D-01    4.64673D-01
    6.76000D-01    4.64754D-01
    6.76333D-01    4.64834D-01
    6.76667D-01    4.64915D-01
    6.77000D-01    4.64996D-01
    6.77333D-01    4.65077D-01
    6.77667D-01    4.65158D-01
    6.78000D-01    4.65239D-01
    6.78333D-01    4.65320D-01
    6.78667D-01    4.65401D-01
    6.79000D-01    4.65482D-01
    6.79333D-01    4.65563D-01
    6.79667D-01    4.65645D-01
    6.80000D-01    4.65726D-01
    6.80333D-01    4.65808D-01
    6.80667D-01    4.65889D-01
    6.81000D-01    4.65971D-01
    6.81333D-01    4.66053D-01
    6.81667D-01    4.66135D-01
    6.82000D-01    4.66217D-01
    6.82333D-01    4.66299D-01
    6.82667D-01    4.66381D-01
    6.83000D-01    4.66463D-01
    6.83333D-01    4.66546D-01
    6.83667D-01    4.66628D-01
    6.84000D-01    4.66710D-01
    6.84333D-01    4.66793D-01
    6.84667D-01    4.66876D-01
    6.85000D-01    4.66958D-01
    6.85333D-01    4.67041D-01
    6.85667D-01    4.67124D-01
    6.86000D-01    4.67207D-01
    6.86333D-01    4.67290D-01
    6.86667D-01    4.67373D-01
    6.87000D-01    4.67457D-01
    6.87333D-01    4.67540D-01
    6.87667D-01    4.67623D-01
    6.88000D-01    4.67707D-01
    6.88333D-01    4.67790D-01
    6.88667D-01    4.67874D-01
    6.89000D-01    4.67958D-01
    6.89333D-01    4.68042D-01
    6.89667D-01    4.68126D-01
    6.90000D-01    4.68210D-01
    6.90333D-01    4.68294D-01
    6.90667D-01    4.68378D-01
    6.91000D-01    4.68462D-01
    6.91333D-01    4.68547D-01
    6.91667D-01    4.68631D-01
    6.92000D-01    4.68716D-01
    6.92333D-01    4.68800D-01
    6.92667D-01    4.68885D-01
    6.93000D-01    4.68970D-01
    6.93333D-01    4.69055D-01
    6.93667D-01    4.69140D-01
    6.94000D-01    4.69225D-01
    6.94333D-01    4.69310D-01
    6.94667D-01    4.69395D-01
    6.95000D-01    4.69480D-01
    6.95333D-01    4.69566D-01
    6.95667D-01    4.69651D-01
    6.96000D-01    4.69737D-01
    6.96333D-01    4.69822D-01
    6.96667D-01    4.69908D-01
    6.97000D-01    4.69994D-01
    6.97333D-01    4.70080D-01
    6.97667D-01    4.70166D-01
    6.98000D-01    4.70252D-01
    6.98333D-01    4.70338D-01
    6.98667D-01    4.70425D-01
    6.99000D-01    4.70511D-01
    6.99333D-01    4.70597D-01
    6.99667D-01    4.70684D-01
    7.00000D-01    4.70771D-01
    7.00333D-01    4.70857D-01
    7.00667D-01    4.70944D-01
    7.01000D-01    4.71031D-01
    7.01333D-01    4.71118D-01
    7.01667D-01    4.71205D-01
    7.02000D-01    4.71292D-01
    7.02333D-01    4.71380D-01
    7.02667D-01    4.71467D-01
    7.03000D-01    4.71555D-01
    7.03333D-01    4.71642D-01
    7.03667D-01    4.71730D-01
    7.04000D-01    4.71817D-01
    7.04333D-01    4.71905D-01
    7.04667D-01    4.71993D-01
    7.05000D-01    4.72081D-01
    7.05333D-01    4.72169D-01
    7.05667D-01    4.72257D-01
    7.06000D-01    4.72346D-01
    7.06333D-01    4.72434D-01
    7.06667D-01    4.72522D-01
    7.07000D-01    4.72611D-01
    7.07333D-01    4.72700D-01
    7.07667D-01    4.72788D-01
    7.08000D-01    4.72877D-01
    7.08333D-01    4.72966D-01
    7.08667D-01    4.73055D-01
    7.09000D-01    4.73144D-01
    7.09333D-01    4.73233D-01
    7.09667D-01    4.73323D-01
    7.10000D-01    4.73412D-01
    7.10333D-01    4.73502D-01
    7.10667D-01    4.73591D-01
    7.11000D-01    4.73681D-01
    7.11333D-01    4.73770D-01
    7.11667D-01    4.73860D-01
    7.12000D-01    4.73950D-01
    7.12333D-01    4.74040D-01
    7.12667D-01    4.74130D-01
    7.13000D-01    4.74221D-01
    7.13333D-01    4.74311D-01
    7.13667D-01    4.74401D-01
    7.14000D-01    4.74492D-01
    7.14333D-01    4.74582D-01
    7.14667D-01    4.74673D-01
    7.15000D-01    4.74764D-01
    7.15333D-01    4.74855D-01
    7.15667D-01    4.74946D-01
    7.16000D-01    4.75037D-01
    7.16333D-01    4.75128D-01
    7.16667D-01    4.75219D-01
    7.17000D-01    4.75311D-01
    7.17333D-01    4.75402D-01
    7.17667D-01    4.75494D-01
    7.18000D-01    4.75585D-01
    7.18333D-01    4.75677D-01
    7.18667D-01    4.75769D-01
    7.19000D-01    4.75861D-01
    7.19333D-01    4.75953D-01
    7.19667D-01    4.76045D-01
    7.20000D-01    4.76137D-01
    7.20333D-01    4.76229D-01
    7.20667D-01    4.76322D-01
    7.21000D-01    4.76414D-01
    7.21333D-01    4.76507D-01
    7.21667D-01    4.76599D-01
    7.22000D-01    4.76692D-01
    7.22333D-01    4.76785D-01
    7.22667D-01    4.76878D-01
    7.23000D-01    4.76971D-01
    7.23333D-01    4.77064D-01
    7.23667D-01    4.77158D-01
    7.24000D-01    4.77251D-01
    7.24333D-01    4.77344D-01
    7.24667D-01    4.77438D-01
    7.25000D-01    4.77532D-01
    7.25333D-01    4.77625D-01
    7.25667D-01    4.77719D-01
    7.26000D-01    4.77813D-01
    7.26333D-01    4.77907D-01
    7.26667D-01    4.78002D-01
    7.27000D-01    4.78096D-01
    7.27333D-01    4.78190D-01
    7.27667D-01    4.78285D-01
    7.28000D-01    4.78379D-01
    7.28333D-01    4.78474D-01
    7.28667D-01    4.78569D-01
    7.29000D-01    4.78663D-01
    7.29333D-01    4.78758D-01
    7.29667D-01    4.78853D-01
    7.30000D-01    4.78949D-01
    7.30333D-01    4.79044D-01
    7.30667D-01    4.79139D-01
    7.31000D-01    4.79235D-01
    7.31333D-01    4.79330D-01
    7.31667D-01    4.79426D-01
    7.32000D-01    4.79522D-01
    7.32333D-01    4.79618D-01
    7.32667D-01    4.79713D-01
    7.33000D-01    4.79810D-01
    7.33333D-01    4.79906D-01
    7.33667D-01    4.80002D-01
    7.34000D-01    4.80098D-01
    7.34333D-01    4.80195D-01
    7.34667D-01    4.80291D-01
    7.35000D-01    4.80388D-01
    7.35333D-01    4.80485D-01
    7.35667D-01    4.80582D-01
    7.36000D-01    4.80679D-01
    7.36333D-01    4.80776D-01
    7.36667D-01    4.80873D-01
    7.37000D-01    4.80970D-01
    7.37333D-01    4.81068D-01
    7.37667D-01    4.81165D-01
    7.38000D-01    4.81263D-01
    7.38333D-01    4.81360D-01
    7.38667D-01    4.81458D-01
    7.39000D-01    4.81556D-01
    7.39333D-01    4.81654D-01
    7.39667D-01    4.81752D-01
    7.40000D-01    4.81851D-01
    7.40333D-01    4.81949D-01
    7.40667D-01    4.82047D-01
    7.41000D-01    4.82146D-01
    7.41333D-01    4.82244D-01
    7.41667D-01    4.82343D-01
    7.42000D-01    4.82442D-01
    7.42333D-01    4.82541D-01
    7.42667D-01    4.82640D-01
    7.43000D-01    4.82739D-01
    7.43333D-01    4.82838D-01
    7.43667D-01    4.82938D-01
    7.44000D-01    4.83037D-01
    7.44333D-01    4.83137D-01
    7.44667D-01    4.83237D-01
    7.45000D-01    4.83336D-01
    7.45333D-01    4.83436D-01
    7.45667D-01    4.83536D-01
    7.46000D-01    4.83636D-01
    7.46333D-01    4.83737D-01
    7.46667D-01    4.83837D-01
    7.47000D-01    4.83937D-01
    7.47333D-01    4.84038D-01
    7.47667D-01    4.84139D-01
    7.48000D-01    4.84239D-01
    7.48333D-01    4.84340D-01
    7.48667D-01    4.84441D-01
    7.49000D-01    4.84542D-01
    7.49333D-01    4.84644D-01
    7.49667D-01    4.84745D-01
    7.50000D-01    4.84846D-01
    7.50333D-01    4.84948D-01
    7.50667D-01    4.85049D-01
    7.51000D-01    4.85151D-01
    7.51333D-01    4.85253D-01
    7.51667D-01    4.85355D-01
    7.52000D-01    4.85457D-01
    7.52333D-01    4.85559D-01
    7.52667D-01    4.85661D-01
    7.53000D-01    4.85764D-01
    7.53333D-01    4.85866D-01
    7.53667D-01    4.85969D-01
    7.54000D-01    4.86072D-01
    7.54333D-01    4.86175D-01
    7.54667D-01    4.86278D-01
    7.55000D-01    4.86381D-01
    7.55333D-01    4.86484D-01
    7.55667D-01    4.86587D-01
    7.56000D-01    4.86690D-01
    7.56333D-01    4.86794D-01
    7.56667D-01    4.86898D-01
    7.57000D-01    4.87001D-01
    7.57333D-01    4.87105D-01
    7.57667D-01    4.87209D-01
    7.58000D-01    4.87313D-01
    7.58333D-01    4.87417D-01
    7.58667D-01    4.87522D-01
    7.59000D-01    4.87626D-01
    7.59333D-01    4.87730D-01
    7.59667D-01    4.87835D-01
    7.60000D-01    4.87940D-01
    7.60333D-01    4.88045D-01
    7.60667D-01    4.88150D-01
    7.61000D-01    4.88255D-01
    7.61333D-01    4.88360D-01
    7.61667D-01    4.88465D-01
    7.62000D-01    4.88571D-01
    7.62333D-01    4.88676D-01
    7.62667D-01    4.88782D-01
    7.63000D-01    4.88888D-01
    7.63333D-01    4.88993D-01
    7.63667D-01    4.89099D-01
    7.64000D-01    4.89205D-01
    7.64333D-01    4.89312D-01
    7.64667D-01    4.89418D-01
    7.65000D-01    4.89524D-01
    7.65333D-01    4.89631D-01
    7.65667D-01    4.89738D-01
    7.66000D-01    4.89845D-01
    7.66333D-01    4.89951D-01
    7.66667D-01    4.90058D-01
    7.67000D-01    4.90166D-01
    7.67333D-01    4.90273D-01
    7.67667D-01    4.90380D-01
    7.68000D-01    4.90488D-01
    7.68333D-01    4.90595D-01
    7.68667D-01    4.90703D-01
    7.69000D-01    4.90811D-01
    7.69333D-01    4.90919D-01
    7.69667D-01    4.91027D-01
    7.70000D-01    4.91135D-01
    7.70333D-01    4.91244D-01
    7.70667D-01    4.91352D-01
    7.71000D-01    4.91460D-01
    7.71333D-01    4.91569D-01
    7.71667D-01    4.91678D-01
    7.72000D-01    4.91787D-01
    7.72333D-01    4.91896D-01
    7.72667D-01    4.92005D-01
    7.73000D-01    4.92114D-01
    7.73333D-01    4.92224D-01
    7.73667D-01    4.92333D-01
    7.74000D-01    4.92443D-01
    7.74333D-01    4.92553D-01
    7.74667D-01    4.92662D-01
    7.75000D-01    4.92772D-01
    7.75333D-01    4.92883D-01
    7.75667D-01    4.92993D-01
    7.76000D-01    4.93103D-01
    7.76333D-01    4.93214D-01
    7.76667D-01    4.93324D-01
    7.77000D-01    4.93435D-01
    7.77333D-01    4.93546D-01
    7.77667D-01    4.93657D-01
    7.78000D-01    4.93768D-01
    7.78333D-01    4.93879D-01
    7.78667D-01    4.93990D-01
    7.79000D-01    4.94102D-01
    7.79333D-01    4.94213D-01
    7.79667D-01    4.94325D-01
    7.80000D-01    4.94437D-01
    7.80333D-01    4.94549D-01
    7.80667D-01    4.94661D-01
    7.81000D-01    4.94773D-01
    7.81333D-01    4.94885D-01
    7.81667D-01    4.94998D-01
    7.82000D-01    4.95110D-01
    7.82333D-01    4.95223D-01
    7.82667D-01    4.95336D-01
    7.83000D-01    4.95449D-01
    7.83333D-01    4.95562D-01
    7.83667D-01    4.95675D-01
    7.84000D-01    4.95788D-01
    7.84333D-01    4.95902D-01
    7.84667D-01    4.96015D-01
    7.85000D-01    4.96129D-01
    7.85333D-01    4.96243D-01
    7.85667D-01    4.96357D-01
    7.86000D-01    4.96471D-01
    7.86333D-01    4.96585D-01
    7.86667D-01    4.96699D-01
    7.87000D-01    4.96814D-01
    7.87333D-01    4.96928D-01
    7.87667D-01    4.97043D-01
    7.88000D-01    4.97158D-01
    7.88333D-01    4.97273D-01
    7.88667D-01    4.97388D-01
    7.89000D-01    4.97503D-01
    7.89333D-01    4.97618D-01
    7.89667D-01    4.97734D-01
    7.90000D-01    4.97849D-01
    7.90333D-01    4.97965D-01
    7.90667D-01    4.98081D-01
    7.91000D-01    4.98197D-01
    7.91333D-01    4.98313D-01
    7.91667D-01    4.98429D-01
    7.92000D-01    4.98546D-01
    7.92333D-01    4.98662D-01
    7.92667D-01    4.98779D-01
    7.93000D-01    4.98895D-01
    7.93333D-01    4.99012D-01
    7.93667D-01    4.99129D-01
    7.94000D-01    4.99246D-01
    7.94333D-01    4.99364D-01
    7.94667D-01    4.99481D-01
    7.95000D-01    4.99599D-01
    7.95333D-01    4.99716D-01
    7.95667D-01    4.99834D-01
    7.96000D-01    4.99952D-01
    7.96333D-01    5.00070D-01
    7.96667D-01    5.00188D-01
    7.97000D-01    5.00307D-01
    7.97333D-01    5.00425D-01
    7.97667D-01    5.00544D-01
    7.98000D-01    5.00662D-01
    7.98333D-01    5.00781D-01
    7.98667D-01    5.00900D-01
    7.99000D-01    5.01019D-01
    7.99333D-01    5.01139D-01
    7.99667D-01    5.01258D-01
    8.00000D-01    5.01378D-01
    8.00333D-01    5.01497D-01
    8.00667D-01    5.01617D-01
    8.01000D-01    5.01737D-01
    8.01333D-01    5.01857D-01
    8.01667D-01    5.01977D-01
    8.02000D-01    5.02098D-01
    8.02333D-01    5.02218D-01
    8.02667D-01    5.02339D-01
    8.03000D-01    5.02460D-01
    8.03333D-01    5.02580D-01
    8.03667D-01    5.02701D-01
    8.04000D-01    5.02823D-01
    8.04333D-01    5.02944D-01
    8.04667D-01    5.03065D-01
    8.05000D-01    5.03187D-01
    8.05333D-01    5.03309D-01
    8.05667D-01    5.03430D-01
    8.06000D-01    5.03552D-01
    8.06333D-01    5.03675D-01
    8.06667D-01    5.03797D-01
    8.07000D-01    5.03919D-01
    8.07333D-01    5.04042D-01
    8.07667D-01    5.04164D-01
    8.08000D-01    5.04287D-01
    8.08333D-01    5.04410D-01
    8.08667D-01    5.04533D-01
    8.09000D-01    5.04657D-01
    8.09333D-01    5.04780D-01
    8.09667D-01    5.04903D-01
    8.10000D-01    5.05027D-01
    8.10333D-01    5.05151D-01
    8.10667D-01    5.05275D-01
    8.11000D-01    5.05399D-01
    8.11333D-01    5.05523D-01
    8.11667D-01    5.05647D-01
    8.12000D-01    5.05772D-01
    8.12333D-01    5.05897D-01
    8.12667D-01    5.06021D-01
    8.13000D-01    5.06146D-01
    8.13333D-01    5.06271D-01
    8.13667D-01    5.06397D-01
    8.14000D-01    5.06522D-01
    8.14333D-01    5.06647D-01
    8.14667D-01    5.06773D-01
    8.15000D-01    5.06899D-01
    8.15333D-01    5.07025D-01
    8.15667D-01    5.07151D-01
    8.16000D-01    5.07277D-01
    8.16333D-01    5.07404D-01
    8.16667D-01    5.07530D-01
    8.17000D-01    5.07657D-01
    8.17333D-01    5.07783D-01
    8.17667D-01    5.07910D-01
    8.18000D-01    5.08038D-01
    8.18333D-01    5.08165D-01
    8.18667D-01    5.08292D-01
    8.19000D-01    5.08420D-01
    8.19333D-01    5.08547D-01
    8.19667D-01    5.08675D-01
    8.20000D-01    5.08803D-01
    8.20333D-01    5.08931D-01
    8.20667D-01    5.09060D-01
    8.21000D-01    5.09188D-01
    8.21333D-01    5.09317D-01
    8.21667D-01    5.09445D-01
    8.22000D-01    5.09574D-01
    8.22333D-01    5.09703D-01
    8.22667D-01    5.09832D-01
    8.23000D-01    5.09962D-01
    8.23333D-01    5.10091D-01
    8.23667D-01    5.10221D-01
    8.24000D-01    5.10350D-01
    8.24333D-01    5.10480D-01
    8.24667D-01    5.10610D-01
    8.25000D-01    5.10741D-01
    8.25333D-01    5.10871D-01
    8.25667D-01    5.11001D-01
    8.26000D-01    5.11132D-01
    8.26333D-01    5.11263D-01
    8.26667D-01    5.11394D-01
    8.27000D-01    5.11525D-01
    8.27333D-01    5.11656D-01
    8.27667D-01    5.11788D-01
    8.28000D-01    5.11919D-01
    8.28333D-01    5.12051D-01
    8.28667D-01    5.12183D-01
    8.29000D-01    5.12315D-01
    8.29333D-01    5.12447D-01
    8.29667D-01    5.12579D-01
    8.30000D-01    5.12712D-01
    8.30333D-01    5.12845D-01
    8.30667D-01    5.12977D-01
    8.31000D-01    5.13110D-01
    8.31333D-01    5.13243D-01
    8.31667D-01    5.13377D-01
    8.32000D-01    5.13510D-01
    8.32333D-01    5.13644D-01
    8.32667D-01    5.13777D-01
    8.33000D-01    5.13911D-01
    8.33333D-01    5.14045D-01
    8.33667D-01    5.14180D-01
    8.34000D-01    5.14314D-01
    8.34333D-01    5.14448D-01
    8.34667D-01    5.14583D-01
    8.35000D-01    5.14718D-01
    8.35333D-01    5.14853D-01
    8.35667D-01    5.14988D-01
    8.36000D-01    5.15123D-01
    8.36333D-01    5.15259D-01
    8.36667D-01    5.15394D-01
    8.37000D-01    5.15530D-01
    8.37333D-01    5.15666D-01
    8.37667D-01    5.15802D-01
    8.38000D-01    5.15939D-01
    8.38333D-01    5.16075D-01
    8.38667D-01    5.16212D-01
    8.39000D-01    5.16348D-01
    8.39333D-01    5.16485D-01
    8.39667D-01    5.16622D-01
    8.40000D-01    5.16760D-01
    8.40333D-01    5.16897D-01
    8.40667D-01    5.17035D-01
    8.41000D-01    5.17172D-01
    8.41333D-01    5.17310D-01
    8.41667D-01    5.17448D-01
    8.42000D-01    5.17586D-01
    8.42333D-01    5.17725D-01
    8.42667D-01    5.17863D-01
    8.43000D-01    5.18002D-01
    8.43333D-01    5.18141D-01
    8.43667D-01    5.18280D-01
    8.44000D-01    5.18419D-01
    8.44333D-01    5.18558D-01
    8.44667D-01    5.18698D-01
    8.45000D-01    5.18838D-01
    8.45333D-01    5.18978D-01
    8.45667D-01    5.19118D-01
    8.46000D-01    5.19258D-01
    8.46333D-01    5.19398D-01
    8.46667D-01    5.19539D-01
    8.47000D-01    5.19679D-01
    8.47333D-01    5.19820D-01
    8.47667D-01    5.19961D-01
    8.48000D-01    5.20102D-01
    8.48333D-01    5.20244D-01
    8.48667D-01    5.20385D-01
    8.49000D-01    5.20527D-01
    8.49333D-01    5.20669D-01
    8.49667D-01    5.20811D-01
    8.50000D-01    5.20953D-01
    8.50333D-01    5.21096D-01
    8.50667D-01    5.21238D-01
    8.51000D-01    5.21381D-01
    8.51333D-01    5.21524D-01
    8.51667D-01    5.21667D-01
    8.52000D-01    5.21810D-01
    8.52333D-01    5.21953D-01
    8.52667D-01    5.22097D-01
    8.53000D-01    5.22241D-01
    8.53333D-01    5.22385D-01
    8.53667D-01    5.22529D-01
    8.54000D-01    5.22673D-01
    8.54333D-01    5.22817D-01
    8.54667D-01    5.22962D-01
    8.55000D-01    5.23107D-01
    8.55333D-01    5.23252D-01
    8.55667D-01    5.23397D-01
    8.56000D-01    5.23542D-01
    8.56333D-01    5.23688D-01
    8.56667D-01    5.23833D-01
    8.57000D-01    5.23979D-01
    8.57333D-01    5.24125D-01
    8.57667D-01    5.24272D-01
    8.58000D-01    5.24418D-01
    8.58333D-01    5.24564D-01
    8.58667D-01    5.24711D-01
    8.59000D-01    5.24858D-01
    8.59333D-01    5.25005D-01
    8.59667D-01    5.25152D-01
    8.60000D-01    5.25300D-01
    8.60333D-01    5.25447D-01
    8.60667D-01    5.25595D-01
    8.61000D-01    5.25743D-01
    8.61333D-01    5.25891D-01
    8.61667D-01    5.26040D-01
    8.62000D-01    5.26188D-01
    8.62333D-01    5.26337D-01
    8.62667D-01    5.26486D-01
    8.63000D-01    5.26635D-01
    8.63333D-01    5.26784D-01
    8.63667D-01    5.26934D-01
    8.64000D-01    5.27083D-01
    8.64333D-01    5.27233D-01
    8.64667D-01    5.27383D-01
    8.65000D-01    5.27533D-01
    8.65333D-01    5.27683D-01
    8.65667D-01    5.27834D-01
    8.66000D-01    5.27985D-01
    8.66333D-01    5.28135D-01
    8.66667D-01    5.28287D-01
    8.67000D-01    5.28438D-01
    8.67333D-01    5.28589D-01
    8.67667D-01    5.28741D-01
    8.68000D-01    5.28893D-01
    8.68333D-01    5.29045D-01
    8.68667D-01    5.29197D-01
    8.69000D-01    5.29349D-01
    8.69333D-01    5.29502D-01
    8.69667D-01    5.29655D-01
    8.70000D-01    5.29808D-01
    8.70333D-01    5.29961D-01
    8.70667D-01    5.30114D-01
    8.71000D-01    5.30267D-01
    8.71333D-01    5.30421D-01
    8.71667D-01    5.30575D-01
    8.72000D-01    5.30729D-01
    8.72333D-01    5.30883D-01
    8.72667D-01    5.31038D-01
    8.73000D-01    5.31192D-01
    8.73333D-01    5.31347D-01
    8.73667D-01    5.31502D-01
    8.74000D-01    5.31657D-01
    8.74333D-01    5.31813D-01
    8.74667D-01    5.31968D-01
    8.75000D-01    5.32124D-01
    8.75333D-01    5.32280D-01
    8.75667D-01    5.32436D-01
    8.76000D-01    5.32593D-01
    8.76333D-01    5.32749D-01
    8.76667D-01    5.32906D-01
    8.77000D-01    5.33063D-01
    8.77333D-01    5.33220D-01
    8.77667D-01    5.33378D-01
    8.78000D-01    5.33535D-01
    8.78333D-01    5.33693D-01
    8.78667D-01    5.33851D-01
    8.79000D-01    5.34009D-01
    8.79333D-01    5.34167D-01
    8.79667D-01    5.34326D-01
    8.80000D-01    5.34484D-01
    8.80333D-01    5.34643D-01
    8.80667D-01    5.34803D-01
    8.81000D-01    5.34962D-01
    8.81333D-01    5.35121D-01
    8.81667D-01    5.35281D-01
    8.82000D-01    5.35441D-01
    8.82333D-01    5.35601D-01
    8.82667D-01    5.35761D-01
    8.83000D-01    5.35922D-01
    8.83333D-01    5.36083D-01
    8.83667D-01    5.36244D-01
    8.84000D-01    5.36405D-01
    8.84333D-01    5.36566D-01
    8.84667D-01    5.36728D-01
    8.85000D-01    5.36889D-01
    8.85333D-01    5.37051D-01
    8.85667D-01    5.37213D-01
    8.86000D-01    5.37376D-01
    8.86333D-01    5.37538D-01
    8.86667D-01    5.37701D-01
    8.87000D-01    5.37864D-01
    8.87333D-01    5.38027D-01
    8.87667D-01    5.38190D-01
    8.88000D-01    5.38354D-01
    8.88333D-01    5.38518D-01
    8.88667D-01    5.38682D-01
    8.89000D-01    5.38846D-01
    8.89333D-01    5.39010D-01
    8.89667D-01    5.39175D-01
    8.90000D-01    5.39340D-01
    8.90333D-01    5.39505D-01
    8.90667D-01    5.39670D-01
    8.91000D-01    5.39835D-01
    8.91333D-01    5.40001D-01
    8.91667D-01    5.40167D-01
    8.92000D-01    5.40333D-01
    8.92333D-01    5.40499D-01
    8.92667D-01    5.40666D-01
    8.93000D-01    5.40833D-01
    8.93333D-01    5.40999D-01
    8.93667D-01    5.41167D-01
    8.94000D-01    5.41334D-01
    8.94333D-01    5.41502D-01
    8.94667D-01    5.41669D-01
    8.95000D-01    5.41837D-01
    8.95333D-01    5.42005D-01
    8.95667D-01    5.42174D-01
    8.96000D-01    5.42343D-01
    8.96333D-01    5.42511D-01
    8.96667D-01    5.42680D-01
    8.97000D-01    5.42850D-01
    8.97333D-01    5.43019D-01
    8.97667D-01    5.43189D-01
    8.98000D-01    5.43359D-01
    8.98333D-01    5.43529D-01
    8.98667D-01    5.43699D-01
    8.99000D-01    5.43870D-01
    8.99333D-01    5.44041D-01
    8.99667D-01    5.44212D-01
    9.00000D-01    5.44383D-01
    9.00333D-01    5.44555D-01
    9.00667D-01    5.44726D-01
    9.01000D-01    5.44898D-01
    9.01333D-01    5.45070D-01
    9.01667D-01    5.45243D-01
    9.02000D-01    5.45415D-01
    9.02333D-01    5.45588D-01
    9.02667D-01    5.45761D-01
    9.03000D-01    5.45934D-01
    9.03333D-01    5.46108D-01
    9.03667D-01    5.46281D-01
    9.04000D-01    5.46455D-01
    9.04333D-01    5.46629D-01
    9.04667D-01    5.46804D-01
    9.05000D-01    5.46978D-01
    9.05333D-01    5.47153D-01
    9.05667D-01    5.47328D-01
    9.06000D-01    5.47504D-01
    9.06333D-01    5.47679D-01
    9.06667D-01    5.47855D-01
    9.07000D-01    5.48031D-01
    9.07333D-01    5.48207D-01
    9.07667D-01    5.48383D-01
    9.08000D-01    5.48560D-01
    9.08333D-01    5.48737D-01
    9.08667D-01    5.48914D-01
    9.09000D-01    5.49091D-01
    9.09333D-01    5.49269D-01
    9.09667D-01    5.49447D-01
    9.10000D-01    5.49625D-01
    9.10333D-01    5.49803D-01
    9.10667D-01    5.49982D-01
    9.11000D-01    5.50160D-01
    9.11333D-01    5.50339D-01
    9.11667D-01    5.50518D-01
    9.12000D-01    5.50698D-01
    9.12333D-01    5.50878D-01
    9.12667D-01    5.51057D-01
    9.13000D-01    5.51238D-01
    9.13333D-01    5.51418D-01
    9.13667D-01    5.51599D-01
    9.14000D-01    5.51780D-01
    9.14333D-01    5.51961D-01
    9.14667D-01    5.52142D-01
    9.15000D-01    5.52324D-01
    9.15333D-01    5.52505D-01
    9.15667D-01    5.52687D-01
    9.16000D-01    5.52870D-01
    9.16333D-01    5.53052D-01
    9.16667D-01    5.53235D-01
    9.17000D-01    5.53418D-01
    9.17333D-01    5.53601D-01
    9.17667D-01    5.53785D-01
    9.18000D-01    5.53969D-01
    9.18333D-01    5.54153D-01
    9.18667D-01    5.54337D-01
    9.19000D-01    5.54521D-01
    9.19333D-01    5.54706D-01
    9.19667D-01    5.54891D-01
    9.20000D-01    5.55076D-01
    9.20333D-01    5.55262D-01
    9.20667D-01    5.55447D-01
    9.21000D-01    5.55633D-01
    9.21333D-01    5.55819D-01
    9.21667D-01    5.56006D-01
    9.22000D-01    5.56193D-01
    9.22333D-01    5.56380D-01
    9.22667D-01    5.56567D-01
    9.23000D-01    5.56754D-01
    9.23333D-01    5.56942D-01
    9.23667D-01    5.57130D-01
    9.24000D-01    5.57318D-01
    9.24333D-01    5.57507D-01
    9.24667D-01    5.57695D-01
    9.25000D-01    5.57884D-01
    9.25333D-01    5.58073D-01
    9.25667D-01    5.58263D-01
    9.26000D-01    5.58453D-01
    9.26333D-01    5.58643D-01
    9.26667D-01    5.58833D-01
    9.27000D-01    5.59023D-01
    9.27333D-01    5.59214D-01
    9.27667D-01    5.59405D-01
    9.28000D-01    5.59596D-01
    9.28333D-01    5.59788D-01
    9.28667D-01    5.59980D-01
    9.29000D-01    5.60172D-01
    9.29333D-01    5.60364D-01
    9.29667D-01    5.60557D-01
    9.30000D-01    5.60749D-01
    9.30333D-01    5.60942D-01
    9.30667D-01    5.61136D-01
    9.31000D-01    5.61329D-01
    9.31333D-01    5.61523D-01
    9.31667D-01    5.61717D-01
    9.32000D-01    5.61912D-01
    9.32333D-01    5.62106D-01
    9.32667D-01    5.62301D-01
    9.33000D-01    5.62496D-01
    9.33333D-01    5.62692D-01
    9.33667D-01    5.62888D-01
    9.34000D-01    5.63084D-01
    9.34333D-01    5.63280D-01
    9.34667D-01    5.63476D-01
    9.35000D-01    5.63673D-01
    9.35333D-01    5.63870D-01
    9.35667D-01    5.64068D-01
    9.36000D-01    5.64265D-01
    9.36333D-01    5.64463D-01
    9.36667D-01    5.64661D-01
    9.37000D-01    5.64860D-01
    9.37333D-01    5.65058D-01
    9.37667D-01    5.65257D-01
    9.38000D-01    5.65456D-01
    9.38333D-01    5.65656D-01
    9.38667D-01    5.65856D-01
    9.39000D-01    5.66056D-01
    9.39333D-01    5.66256D-01
    9.39667D-01    5.66457D-01
    9.40000D-01    5.66657D-01
    9.40333D-01    5.66859D-01
    9.40667D-01    5.67060D-01
    9.41000D-01    5.67262D-01
    9.41333D-01    5.67464D-01
    9.41667D-01    5.67666D-01
    9.42000D-01    5.67868D-01
    9.42333D-01    5.68071D-01
    9.42667D-01    5.68274D-01
    9.43000D-01    5.68478D-01
    9.43333D-01    5.68681D-01
    9.43667D-01    5.68885D-01
    9.44000D-01    5.69090D-01
    9.44333D-01    5.69294D-01
    9.44667D-01    5.69499D-01
    9.45000D-01    5.69704D-01
    9.45333D-01    5.69909D-01
    9.45667D-01    5.70115D-01
    9.46000D-01    5.70321D-01
    9.46333D-01    5.70527D-01
    9.46667D-01    5.70734D-01
    9.47000D-01    5.70940D-01
    9.47333D-01    5.71148D-01
    9.47667D-01    5.71355D-01
    9.48000D-01    5.71563D-01
    9.48333D-01    5.71770D-01
    9.48667D-01    5.71979D-01
    9.49000D-01    5.72187D-01
    9.49333D-01    5.72396D-01
    9.49667D-01    5.72605D-01
    9.50000D-01    5.72815D-01
    9.50333D-01    5.73024D-01
    9.50667D-01    5.73234D-01
    9.51000D-01    5.73445D-01
    9.51333D-01    5.73655D-01
    9.51667D-01    5.73866D-01
    9.52000D-01    5.74077D-01
    9.52333D-01    5.74289D-01
    9.52667D-01    5.74501D-01
    9.53000D-01    5.74713D-01
    9.53333D-01    5.74925D-01
    9.53667D-01    5.75138D-01
    9.54000D-01    5.75351D-01
    9.54333D-01    5.75564D-01
    9.54667D-01    5.75778D-01
    9.55000D-01    5.75991D-01
    9.55333D-01    5.76206D-01
    9.55667D-01    5.76420D-01
    9.56000D-01    5.76635D-01
    9.56333D-01    5.76850D-01
    9.56667D-01    5.77065D-01
    9.57000D-01    5.77281D-01
    9.57333D-01    5.77497D-01
    9.57667D-01    5.77713D-01
    9.58000D-01    5.77930D-01
    9.58333D-01    5.78147D-01
    9.58667D-01    5.78364D-01
    9.59000D-01    5.78582D-01
    9.59333D-01    5.78800D-01
    9.59667D-01    5.79018D-01
    9.60000D-01    5.79236D-01
    9.60333D-01    5.79455D-01
    9.60667D-01    5.79674D-01
    9.61000D-01    5.79894D-01
    9.61333D-01    5.80113D-01
    9.61667D-01    5.80334D-01
    9.62000D-01    5.80554D-01
    9.62333D-01    5.80775D-01
    9.62667D-01    5.80996D-01
    9.63000D-01    5.81217D-01
    9.63333D-01    5.81439D-01
    9.63667D-01    5.81661D-01
    9.64000D-01    5.81883D-01
    9.64333D-01    5.82105D-01
    9.64667D-01    5.82328D-01
    9.65000D-01    5.82552D-01
    9.65333D-01    5.82775D-01
    9.65667D-01    5.82999D-01
    9.66000D-01    5.83223D-01
    9.66333D-01    5.83448D-01
    9.66667D-01    5.83673D-01
    9.67000D-01    5.83898D-01
    9.67333D-01    5.84123D-01
    9.67667D-01    5.84349D-01
    9.68000D-01    5.84575D-01
    9.68333D-01    5.84802D-01
    9.68667D-01    5.85029D-01
    9.69000D-01    5.85256D-01
    9.69333D-01    5.85483D-01
    9.69667D-01    5.85711D-01
    9.70000D-01    5.85939D-01
    9.70333D-01    5.86168D-01
    9.70667D-01    5.86397D-01
    9.71000D-01    5.86626D-01
    9.71333D-01    5.86855D-01
    9.71667D-01    5.87085D-01
    9.72000D-01    5.87315D-01
    9.72333D-01    5.87546D-01
    9.72667D-01    5.87777D-01
    9.73000D-01    5.88008D-01
    9.73333D-01    5.88239D-01
    9.73667D-01    5.88471D-01
    9.74000D-01    5.88703D-01
    9.74333D-01    5.88936D-01
    9.74667D-01    5.89169D-01
    9.75000D-01    5.89402D-01
    9.75333D-01    5.89636D-01
    9.75667D-01    5.89870D-01
    9.76000D-01    5.90104D-01
    9.76333D-01    5.90338D-01
    9.76667D-01    5.90573D-01
    9.77000D-01    5.90809D-01
    9.77333D-01    5.91044D-01
    9.77667D-01    5.91280D-01
    9.78000D-01    5.91517D-01
    9.78333D-01    5.91753D-01
    9.78667D-01    5.91990D-01
    9.79000D-01    5.92228D-01
    9.79333D-01    5.92465D-01
    9.79667D-01    5.92704D-01
    9.80000D-01    5.92942D-01
    9.80333D-01    5.93181D-01
    9.80667D-01    5.93420D-01
    9.81000D-01    5.93659D-01
    9.81333D-01    5.93899D-01
    9.81667D-01    5.94140D-01
    9.82000D-01    5.94380D-01
    9.82333D-01    5.94621D-01
    9.82667D-01    5.94862D-01
    9.83000D-01    5.95104D-01
    9.83333D-01    5.95346D-01
    9.83667D-01    5.95589D-01
    9.84000D-01    5.95831D-01
    9.84333D-01    5.96074D-01
    9.84667D-01    5.96318D-01
    9.85000D-01    5.96562D-01
    9.85333D-01    5.96806D-01
    9.85667D-01    5.97051D-01
    9.86000D-01    5.97295D-01
    9.86333D-01    5.97541D-01
    9.86667D-01    5.97787D-01
    9.87000D-01    5.98033D-01
    9.87333D-01    5.98279D-01
    9.87667D-01    5.98526D-01
    9.88000D-01    5.98773D-01
    9.88333D-01    5.99021D-01
    9.88667D-01    5.99268D-01
    9.89000D-01    5.99517D-01
    9.89333D-01    5.99765D-01
    9.89667D-01    6.00015D-01
    9.90000D-01    6.00264D-01
    9.90333D-01    6.00514D-01
    9.90667D-01    6.00764D-01
    9.91000D-01    6.01015D-01
    9.91333D-01    6.01266D-01
    9.91667D-01    6.01517D-01
    9.92000D-01    6.01769D-01
    9.92333D-01    6.02021D-01
    9.92667D-01    6.02273D-01
    9.93000D-01    6.02526D-01
    9.93333D-01    6.02779D-01
    9.93667D-01    6.03033D-01
    9.94000D-01    6.03287D-01
    9.94333D-01    6.03541D-01
    9.94667D-01    6.03796D-01
    9.95000D-01    6.04051D-01
    9.95333D-01    6.04307D-01
    9.95667D-01    6.04563D-01
    9.96000D-01    6.04819D-01
    9.96333D-01    6.05076D-01
    9.96667D-01    6.05333D-01
    9.97000D-01    6.05591D-01
    9.97333D-01    6.05849D-01
    9.97667D-01    6.06107D-01
    9.98000D-01    6.06366D-01
    9.98333D-01    6.06625D-01
    9.98667D-01    6.06885D-01
    9.99000D-01    6.07145D-01
    9.99333D-01    6.07405D-01
    9.99667D-01    6.07666D-01
    1.00000D+00    6.07927D-01
