    2.7359773636E-07    1.0000000000E+00
    5.0027359774E-04    9.9999916416E-01
    1.0002735977E-03    9.9999665843E-01
    1.5002735977E-03    9.9999248284E-01
    2.0002735977E-03    9.9998663741E-01
    2.5002735977E-03    9.9997912216E-01
    3.0002735977E-03    9.9996993713E-01
    3.5002735977E-03    9.9995908236E-01
    4.0002735977E-03    9.9994655791E-01
    4.5002735977E-03    9.9993236382E-01
    5.0002735977E-03    9.9991650018E-01
    5.5002735977E-03    9.9989896704E-01
    6.0002735977E-03    9.9987976450E-01
    6.5002735977E-03    9.9985889265E-01
    7.0002735977E-03    9.9983635157E-01
    7.5002735977E-03    9.9981214138E-01
    8.0002735977E-03    9.9978626220E-01
    8.5002735977E-03    9.9975871413E-01
    9.0002735977E-03    9.9972949731E-01
    9.5002735977E-03    9.9969861188E-01
    1.0000273598E-02    9.9966605798E-01
    1.0500273598E-02    9.9963183576E-01
    1.1000273598E-02    9.9959594539E-01
    1.1500273598E-02    9.9955838702E-01
    1.2000273598E-02    9.9951916085E-01
    1.2500273598E-02    9.9947826704E-01
    1.3000273598E-02    9.9943570579E-01
    1.3500273598E-02    9.9939147730E-01
    1.4000273598E-02    9.9934558178E-01
    1.4500273598E-02    9.9929801944E-01
    1.5000273598E-02    9.9924879050E-01
    1.5500273598E-02    9.9919789520E-01
    1.6000273598E-02    9.9914533376E-01
    1.6500273598E-02    9.9909110644E-01
    1.7000273598E-02    9.9903521350E-01
    1.7500273598E-02    9.9897765518E-01
    1.8000273598E-02    9.9891843177E-01
    1.8500273598E-02    9.9885754353E-01
    1.9000273598E-02    9.9879499075E-01
    1.9500273598E-02    9.9873077372E-01
    2.0000273598E-02    9.9866489275E-01
    2.0500273598E-02    9.9859734814E-01
    2.1000273598E-02    9.9852814021E-01
    2.1500273598E-02    9.9845726928E-01
    2.2000273598E-02    9.9838473568E-01
    2.2500273598E-02    9.9831053975E-01
    2.3000273598E-02    9.9823468184E-01
    2.3500273598E-02    9.9815716229E-01
    2.4000273598E-02    9.9807798148E-01
    2.4500273598E-02    9.9799713977E-01
    2.5000273598E-02    9.9791463755E-01
    2.5500273598E-02    9.9783047518E-01
    2.6000273598E-02    9.9774465308E-01
    2.6500273598E-02    9.9765717164E-01
    2.7000273598E-02    9.9756803126E-01
    2.7500273598E-02    9.9747723237E-01
    2.8000273598E-02    9.9738477538E-01
    2.8500273598E-02    9.9729066073E-01
    2.9000273598E-02    9.9719488886E-01
    2.9500273598E-02    9.9709746022E-01
    3.0000273598E-02    9.9699837526E-01
    3.0500273598E-02    9.9689763444E-01
    3.1000273598E-02    9.9679523823E-01
    3.1500273598E-02    9.9669118711E-01
    3.2000273598E-02    9.9658548157E-01
    3.2500273598E-02    9.9647812209E-01
    3.3000273598E-02    9.9636910919E-01
    3.3500273598E-02    9.9625844336E-01
    3.4000273598E-02    9.9614612513E-01
    3.4500273598E-02    9.9603215502E-01
    3.5000273598E-02    9.9591653356E-01
    3.5500273598E-02    9.9579926128E-01
    3.6000273598E-02    9.9568033874E-01
    3.6500273598E-02    9.9555976650E-01
    3.7000273598E-02    9.9543754510E-01
    3.7500273598E-02    9.9531367513E-01
    3.8000273598E-02    9.9518815715E-01
    3.8500273598E-02    9.9506099176E-01
    3.9000273598E-02    9.9493217955E-01
    3.9500273598E-02    9.9480172112E-01
    4.0000273598E-02    9.9466961707E-01
    4.0500273598E-02    9.9453586802E-01
    4.1000273598E-02    9.9440047460E-01
    4.1500273598E-02    9.9426343743E-01
    4.2000273598E-02    9.9412475716E-01
    4.2500273598E-02    9.9398443442E-01
    4.3000273598E-02    9.9384246988E-01
    4.3500273598E-02    9.9369886419E-01
    4.4000273598E-02    9.9355361803E-01
    4.4500273598E-02    9.9340673206E-01
    4.5000273598E-02    9.9325820698E-01
    4.5500273598E-02    9.9310804347E-01
    4.6000273598E-02    9.9295624223E-01
    4.6500273598E-02    9.9280280398E-01
    4.7000273598E-02    9.9264772942E-01
    4.7500273598E-02    9.9249101927E-01
    4.8000273598E-02    9.9233267427E-01
    4.8500273598E-02    9.9217269515E-01
    4.9000273598E-02    9.9201108266E-01
    4.9500273598E-02    9.9184783754E-01
    5.0000273598E-02    9.9168296056E-01
    5.0500273598E-02    9.9151645248E-01
    5.1000273598E-02    9.9134831408E-01
    5.1500273598E-02    9.9117854614E-01
    5.2000273598E-02    9.9100714945E-01
    5.2500273598E-02    9.9083412480E-01
    5.3000273598E-02    9.9065947300E-01
    5.3500273598E-02    9.9048319487E-01
    5.4000273598E-02    9.9030529121E-01
    5.4500273598E-02    9.9012576286E-01
    5.5000273598E-02    9.8994461065E-01
    5.5500273598E-02    9.8976183542E-01
    5.6000273598E-02    9.8957743803E-01
    5.6500273598E-02    9.8939141932E-01
    5.7000273598E-02    9.8920378016E-01
    5.7500273598E-02    9.8901452143E-01
    5.8000273598E-02    9.8882364399E-01
    5.8500273598E-02    9.8863114875E-01
    5.9000273598E-02    9.8843703658E-01
    5.9500273598E-02    9.8824130840E-01
    6.0000273598E-02    9.8804396510E-01
    6.0500273598E-02    9.8784500761E-01
    6.1000273598E-02    9.8764443685E-01
    6.1500273598E-02    9.8744225374E-01
    6.2000273598E-02    9.8723845923E-01
    6.2500273598E-02    9.8703305426E-01
    6.3000273598E-02    9.8682603978E-01
    6.3500273598E-02    9.8661741676E-01
    6.4000273598E-02    9.8640718615E-01
    6.4500273598E-02    9.8619534894E-01
    6.5000273598E-02    9.8598190611E-01
    6.5500273598E-02    9.8576685863E-01
    6.6000273598E-02    9.8555020752E-01
    6.6500273598E-02    9.8533195377E-01
    6.7000273598E-02    9.8511209840E-01
    6.7500273598E-02    9.8489064241E-01
    6.8000273598E-02    9.8466758685E-01
    6.8500273598E-02    9.8444293274E-01
    6.9000273598E-02    9.8421668111E-01
    6.9500273598E-02    9.8398883302E-01
    7.0000273598E-02    9.8375938952E-01
    7.0500273598E-02    9.8352835168E-01
    7.1000273598E-02    9.8329572056E-01
    7.1500273598E-02    9.8306149723E-01
    7.2000273598E-02    9.8282568278E-01
    7.2500273598E-02    9.8258827830E-01
    7.3000273598E-02    9.8234928489E-01
    7.3500273598E-02    9.8210870365E-01
    7.4000273598E-02    9.8186653570E-01
    7.4500273598E-02    9.8162278215E-01
    7.5000273598E-02    9.8137744413E-01
    7.5500273598E-02    9.8113052276E-01
    7.6000273598E-02    9.8088201920E-01
    7.6500273598E-02    9.8063193459E-01
    7.7000273598E-02    9.8038027009E-01
    7.7500273598E-02    9.8012702685E-01
    7.8000273598E-02    9.7987220604E-01
    7.8500273598E-02    9.7961580884E-01
    7.9000273598E-02    9.7935783644E-01
    7.9500273598E-02    9.7909829002E-01
    8.0000273598E-02    9.7883717078E-01
    8.0500273598E-02    9.7857447992E-01
    8.1000273598E-02    9.7831021866E-01
    8.1500273598E-02    9.7804438820E-01
    8.2000273598E-02    9.7777698979E-01
    8.2500273598E-02    9.7750802465E-01
    8.3000273598E-02    9.7723749401E-01
    8.3500273598E-02    9.7696539913E-01
    8.4000273598E-02    9.7669174126E-01
    8.4500273598E-02    9.7641652166E-01
    8.5000273598E-02    9.7613974159E-01
    8.5500273598E-02    9.7586140233E-01
    8.6000273598E-02    9.7558150515E-01
    8.6500273598E-02    9.7530005136E-01
    8.7000273598E-02    9.7501704224E-01
    8.7500273598E-02    9.7473247909E-01
    8.8000273598E-02    9.7444636322E-01
    8.8500273598E-02    9.7415869595E-01
    8.9000273598E-02    9.7386947860E-01
    8.9500273598E-02    9.7357871250E-01
    9.0000273598E-02    9.7328639898E-01
    9.0500273598E-02    9.7299253939E-01
    9.1000273598E-02    9.7269713508E-01
    9.1500273598E-02    9.7240018739E-01
    9.2000273598E-02    9.7210169771E-01
    9.2500273598E-02    9.7180166739E-01
    9.3000273598E-02    9.7150009782E-01
    9.3500273598E-02    9.7119699037E-01
    9.4000273598E-02    9.7089234644E-01
    9.4500273598E-02    9.7058616743E-01
    9.5000273598E-02    9.7027845473E-01
    9.5500273598E-02    9.6996920976E-01
    9.6000273598E-02    9.6965843394E-01
    9.6500273598E-02    9.6934612869E-01
    9.7000273598E-02    9.6903229545E-01
    9.7500273598E-02    9.6871693564E-01
    9.8000273598E-02    9.6840005071E-01
    9.8500273598E-02    9.6808164212E-01
    9.9000273598E-02    9.6776171131E-01
    9.9500273598E-02    9.6744025977E-01
    1.0000027360E-01    9.6711728895E-01
    1.0050027360E-01    9.6679280033E-01
    1.0100027360E-01    9.6646679540E-01
    1.0150027360E-01    9.6613927565E-01
    1.0200027360E-01    9.6581024258E-01
    1.0250027360E-01    9.6547969768E-01
    1.0300027360E-01    9.6514764248E-01
    1.0350027360E-01    9.6481407848E-01
    1.0400027360E-01    9.6447900721E-01
    1.0450027360E-01    9.6414243020E-01
    1.0500027360E-01    9.6380434898E-01
    1.0550027360E-01    9.6346476511E-01
    1.0600027360E-01    9.6312368013E-01
    1.0650027360E-01    9.6278109559E-01
    1.0700027360E-01    9.6243701305E-01
    1.0750027360E-01    9.6209143410E-01
    1.0800027360E-01    9.6174436030E-01
    1.0850027360E-01    9.6139579323E-01
    1.0900027360E-01    9.6104573448E-01
    1.0950027360E-01    9.6069418565E-01
    1.1000027360E-01    9.6034114833E-01
    1.1050027360E-01    9.5998662414E-01
    1.1100027360E-01    9.5963061469E-01
    1.1150027360E-01    9.5927312160E-01
    1.1200027360E-01    9.5891414650E-01
    1.1250027360E-01    9.5855369101E-01
    1.1300027360E-01    9.5819175678E-01
    1.1350027360E-01    9.5782834545E-01
    1.1400027360E-01    9.5746345868E-01
    1.1450027360E-01    9.5709709812E-01
    1.1500027360E-01    9.5672926544E-01
    1.1550027360E-01    9.5635996231E-01
    1.1600027360E-01    9.5598919040E-01
    1.1650027360E-01    9.5561695140E-01
    1.1700027360E-01    9.5524324700E-01
    1.1750027360E-01    9.5486807889E-01
    1.1800027360E-01    9.5449144878E-01
    1.1850027360E-01    9.5411335837E-01
    1.1900027360E-01    9.5373380937E-01
    1.1950027360E-01    9.5335280351E-01
    1.2000027360E-01    9.5297034252E-01
    1.2050027360E-01    9.5258642812E-01
    1.2100027360E-01    9.5220106206E-01
    1.2150027360E-01    9.5181424607E-01
    1.2200027360E-01    9.5142598192E-01
    1.2250027360E-01    9.5103627135E-01
    1.2300027360E-01    9.5064511613E-01
    1.2350027360E-01    9.5025251803E-01
    1.2400027360E-01    9.4985847883E-01
    1.2450027360E-01    9.4946300030E-01
    1.2500027360E-01    9.4906608423E-01
    1.2550027360E-01    9.4866773242E-01
    1.2600027360E-01    9.4826794667E-01
    1.2650027360E-01    9.4786672877E-01
    1.2700027360E-01    9.4746408055E-01
    1.2750027360E-01    9.4706000381E-01
    1.2800027360E-01    9.4665450038E-01
    1.2850027360E-01    9.4624757209E-01
    1.2900027360E-01    9.4583922078E-01
    1.2950027360E-01    9.4542944828E-01
    1.3000027360E-01    9.4501825644E-01
    1.3050027360E-01    9.4460564712E-01
    1.3100027360E-01    9.4419162217E-01
    1.3150027360E-01    9.4377618345E-01
    1.3200027360E-01    9.4335933284E-01
    1.3250027360E-01    9.4294107221E-01
    1.3300027360E-01    9.4252140344E-01
    1.3350027360E-01    9.4210032843E-01
    1.3400027360E-01    9.4167784905E-01
    1.3450027360E-01    9.4125396722E-01
    1.3500027360E-01    9.4082868483E-01
    1.3550027360E-01    9.4040200380E-01
    1.3600027360E-01    9.3997392604E-01
    1.3650027360E-01    9.3954445347E-01
    1.3700027360E-01    9.3911358803E-01
    1.3750027360E-01    9.3868133163E-01
    1.3800027360E-01    9.3824768623E-01
    1.3850027360E-01    9.3781265377E-01
    1.3900027360E-01    9.3737623619E-01
    1.3950027360E-01    9.3693843545E-01
    1.4000027360E-01    9.3649925351E-01
    1.4050027360E-01    9.3605869234E-01
    1.4100027360E-01    9.3561675392E-01
    1.4150027360E-01    9.3517344021E-01
    1.4200027360E-01    9.3472875320E-01
    1.4250027360E-01    9.3428269488E-01
    1.4300027360E-01    9.3383526724E-01
    1.4350027360E-01    9.3338647229E-01
    1.4400027360E-01    9.3293631203E-01
    1.4450027360E-01    9.3248478846E-01
    1.4500027360E-01    9.3203190361E-01
    1.4550027360E-01    9.3157765950E-01
    1.4600027360E-01    9.3112205815E-01
    1.4650027360E-01    9.3066510159E-01
    1.4700027360E-01    9.3020679187E-01
    1.4750027360E-01    9.2974713102E-01
    1.4800027360E-01    9.2928612110E-01
    1.4850027360E-01    9.2882376416E-01
    1.4900027360E-01    9.2836006225E-01
    1.4950027360E-01    9.2789501744E-01
    1.5000027360E-01    9.2742863180E-01
    1.5050027360E-01    9.2696090740E-01
    1.5100027360E-01    9.2649184633E-01
    1.5150027360E-01    9.2602145067E-01
    1.5200027360E-01    9.2554972251E-01
    1.5250027360E-01    9.2507666394E-01
    1.5300027360E-01    9.2460227708E-01
    1.5350027360E-01    9.2412656401E-01
    1.5400027360E-01    9.2364952686E-01
    1.5450027360E-01    9.2317116773E-01
    1.5500027360E-01    9.2269148876E-01
    1.5550027360E-01    9.2221049207E-01
    1.5600027360E-01    9.2172817979E-01
    1.5650027360E-01    9.2124455405E-01
    1.5700027360E-01    9.2075961700E-01
    1.5750027360E-01    9.2027337078E-01
    1.5800027360E-01    9.1978581755E-01
    1.5850027360E-01    9.1929695947E-01
    1.5900027360E-01    9.1880679869E-01
    1.5950027360E-01    9.1831533738E-01
    1.6000027360E-01    9.1782257771E-01
    1.6050027360E-01    9.1732852187E-01
    1.6100027360E-01    9.1683317202E-01
    1.6150027360E-01    9.1633653037E-01
    1.6200027360E-01    9.1583859910E-01
    1.6250027360E-01    9.1533938040E-01
    1.6300027360E-01    9.1483887648E-01
    1.6350027360E-01    9.1433708954E-01
    1.6400027360E-01    9.1383402180E-01
    1.6450027360E-01    9.1332967547E-01
    1.6500027360E-01    9.1282405277E-01
    1.6550027360E-01    9.1231715592E-01
    1.6600027360E-01    9.1180898717E-01
    1.6650027360E-01    9.1129954873E-01
    1.6700027360E-01    9.1078884285E-01
    1.6750027360E-01    9.1027687178E-01
    1.6800027360E-01    9.0976363777E-01
    1.6850027360E-01    9.0924914306E-01
    1.6900027360E-01    9.0873338992E-01
    1.6950027360E-01    9.0821638060E-01
    1.7000027360E-01    9.0769811739E-01
    1.7050027360E-01    9.0717860254E-01
    1.7100027360E-01    9.0665783834E-01
    1.7150027360E-01    9.0613582706E-01
    1.7200027360E-01    9.0561257100E-01
    1.7250027360E-01    9.0508807245E-01
    1.7300027360E-01    9.0456233369E-01
    1.7350027360E-01    9.0403535703E-01
    1.7400027360E-01    9.0350714477E-01
    1.7450027360E-01    9.0297769923E-01
    1.7500027360E-01    9.0244702271E-01
    1.7550027360E-01    9.0191511753E-01
    1.7600027360E-01    9.0138198602E-01
    1.7650027360E-01    9.0084763050E-01
    1.7700027360E-01    9.0031205330E-01
    1.7750027360E-01    8.9977525676E-01
    1.7800027360E-01    8.9923724321E-01
    1.7850027360E-01    8.9869801500E-01
    1.7900027360E-01    8.9815757449E-01
    1.7950027360E-01    8.9761592401E-01
    1.8000027360E-01    8.9707306593E-01
    1.8050027360E-01    8.9652900261E-01
    1.8100027360E-01    8.9598373641E-01
    1.8150027360E-01    8.9543726971E-01
    1.8200027360E-01    8.9488960488E-01
    1.8250027360E-01    8.9434074429E-01
    1.8300027360E-01    8.9379069033E-01
    1.8350027360E-01    8.9323944539E-01
    1.8400027360E-01    8.9268701185E-01
    1.8450027360E-01    8.9213339211E-01
    1.8500027360E-01    8.9157858858E-01
    1.8550027360E-01    8.9102260364E-01
    1.8600027360E-01    8.9046543971E-01
    1.8650027360E-01    8.8990709921E-01
    1.8700027360E-01    8.8934758454E-01
    1.8750027360E-01    8.8878689812E-01
    1.8800027360E-01    8.8822504239E-01
    1.8850027360E-01    8.8766201976E-01
    1.8900027360E-01    8.8709783266E-01
    1.8950027360E-01    8.8653248354E-01
    1.9000027360E-01    8.8596597483E-01
    1.9050027360E-01    8.8539830898E-01
    1.9100027360E-01    8.8482948842E-01
    1.9150027360E-01    8.8425951562E-01
    1.9200027360E-01    8.8368839303E-01
    1.9250027360E-01    8.8311612310E-01
    1.9300027360E-01    8.8254270831E-01
    1.9350027360E-01    8.8196815110E-01
    1.9400027360E-01    8.8139245397E-01
    1.9450027360E-01    8.8081561937E-01
    1.9500027360E-01    8.8023764979E-01
    1.9550027360E-01    8.7965854771E-01
    1.9600027360E-01    8.7907831561E-01
    1.9650027360E-01    8.7849695599E-01
    1.9700027360E-01    8.7791447133E-01
    1.9750027360E-01    8.7733086413E-01
    1.9800027360E-01    8.7674613690E-01
    1.9850027360E-01    8.7616029213E-01
    1.9900027360E-01    8.7557333233E-01
    1.9950027360E-01    8.7498526002E-01
    2.0000027360E-01    8.7439607771E-01
    2.0050027360E-01    8.7380578791E-01
    2.0100027360E-01    8.7321439315E-01
    2.0150027360E-01    8.7262189596E-01
    2.0200027360E-01    8.7202829886E-01
    2.0250027360E-01    8.7143360438E-01
    2.0300027360E-01    8.7083781507E-01
    2.0350027360E-01    8.7024093345E-01
    2.0400027360E-01    8.6964296207E-01
    2.0450027360E-01    8.6904390349E-01
    2.0500027360E-01    8.6844376024E-01
    2.0550027360E-01    8.6784253488E-01
    2.0600027360E-01    8.6724022997E-01
    2.0650027360E-01    8.6663684807E-01
    2.0700027360E-01    8.6603239173E-01
    2.0750027360E-01    8.6542686354E-01
    2.0800027360E-01    8.6482026605E-01
    2.0850027360E-01    8.6421260183E-01
    2.0900027360E-01    8.6360387347E-01
    2.0950027360E-01    8.6299408355E-01
    2.1000027360E-01    8.6238323464E-01
    2.1050027360E-01    8.6177132934E-01
    2.1100027360E-01    8.6115837023E-01
    2.1150027360E-01    8.6054435990E-01
    2.1200027360E-01    8.5992930096E-01
    2.1250027360E-01    8.5931319599E-01
    2.1300027360E-01    8.5869604760E-01
    2.1350027360E-01    8.5807785840E-01
    2.1400027360E-01    8.5745863099E-01
    2.1450027360E-01    8.5683836798E-01
    2.1500027360E-01    8.5621707199E-01
    2.1550027360E-01    8.5559474564E-01
    2.1600027360E-01    8.5497139154E-01
    2.1650027360E-01    8.5434701233E-01
    2.1700027360E-01    8.5372161061E-01
    2.1750027360E-01    8.5309518903E-01
    2.1800027360E-01    8.5246775022E-01
    2.1850027360E-01    8.5183929680E-01
    2.1900027360E-01    8.5120983142E-01
    2.1950027360E-01    8.5057935673E-01
    2.2000027360E-01    8.4994787535E-01
    2.2050027360E-01    8.4931538995E-01
    2.2100027360E-01    8.4868190316E-01
    2.2150027360E-01    8.4804741764E-01
    2.2200027360E-01    8.4741193605E-01
    2.2250027360E-01    8.4677546104E-01
    2.2300027360E-01    8.4613799528E-01
    2.2350027360E-01    8.4549954142E-01
    2.2400027360E-01    8.4486010214E-01
    2.2450027360E-01    8.4421968009E-01
    2.2500027360E-01    8.4357827796E-01
    2.2550027360E-01    8.4293589841E-01
    2.2600027360E-01    8.4229254413E-01
    2.2650027360E-01    8.4164821779E-01
    2.2700027360E-01    8.4100292207E-01
    2.2750027360E-01    8.4035665967E-01
    2.2800027360E-01    8.3970943325E-01
    2.2850027360E-01    8.3906124553E-01
    2.2900027360E-01    8.3841209918E-01
    2.2950027360E-01    8.3776199690E-01
    2.3000027360E-01    8.3711094139E-01
    2.3050027360E-01    8.3645893535E-01
    2.3100027360E-01    8.3580598148E-01
    2.3150027360E-01    8.3515208249E-01
    2.3200027360E-01    8.3449724108E-01
    2.3250027360E-01    8.3384145996E-01
    2.3300027360E-01    8.3318474184E-01
    2.3350027360E-01    8.3252708944E-01
    2.3400027360E-01    8.3186850547E-01
    2.3450027360E-01    8.3120899266E-01
    2.3500027360E-01    8.3054855372E-01
    2.3550027360E-01    8.2988719138E-01
    2.3600027360E-01    8.2922490837E-01
    2.3650027360E-01    8.2856170740E-01
    2.3700027360E-01    8.2789759122E-01
    2.3750027360E-01    8.2723256254E-01
    2.3800027360E-01    8.2656662412E-01
    2.3850027360E-01    8.2589977869E-01
    2.3900027360E-01    8.2523202897E-01
    2.3950027360E-01    8.2456337773E-01
    2.4000027360E-01    8.2389382769E-01
    2.4050027360E-01    8.2322338161E-01
    2.4100027360E-01    8.2255204222E-01
    2.4150027360E-01    8.2187981229E-01
    2.4200027360E-01    8.2120669457E-01
    2.4250027360E-01    8.2053269180E-01
    2.4300027360E-01    8.1985780674E-01
    2.4350027360E-01    8.1918204215E-01
    2.4400027360E-01    8.1850540079E-01
    2.4450027360E-01    8.1782788543E-01
    2.4500027360E-01    8.1714949882E-01
    2.4550027360E-01    8.1647024373E-01
    2.4600027360E-01    8.1579012293E-01
    2.4650027360E-01    8.1510913918E-01
    2.4700027360E-01    8.1442729527E-01
    2.4750027360E-01    8.1374459395E-01
    2.4800027360E-01    8.1306103802E-01
    2.4850027360E-01    8.1237663023E-01
    2.4900027360E-01    8.1169137338E-01
    2.4950027360E-01    8.1100527024E-01
    2.5000027360E-01    8.1031832360E-01
    2.5050027360E-01    8.0963053623E-01
    2.5100027360E-01    8.0894191093E-01
    2.5150027360E-01    8.0825245048E-01
    2.5200027360E-01    8.0756215767E-01
    2.5250027360E-01    8.0687103528E-01
    2.5300027360E-01    8.0617908613E-01
    2.5350027360E-01    8.0548631298E-01
    2.5400027360E-01    8.0479271865E-01
    2.5450027360E-01    8.0409830593E-01
    2.5500027360E-01    8.0340307762E-01
    2.5550027360E-01    8.0270703651E-01
    2.5600027360E-01    8.0201018542E-01
    2.5650027360E-01    8.0131252714E-01
    2.5700027360E-01    8.0061406447E-01
    2.5750027360E-01    7.9991480023E-01
    2.5800027360E-01    7.9921473723E-01
    2.5850027360E-01    7.9851387826E-01
    2.5900027360E-01    7.9781222615E-01
    2.5950027360E-01    7.9710978370E-01
    2.6000027360E-01    7.9640655372E-01
    2.6050027360E-01    7.9570253904E-01
    2.6100027360E-01    7.9499774247E-01
    2.6150027360E-01    7.9429216682E-01
    2.6200027360E-01    7.9358581492E-01
    2.6250027360E-01    7.9287868958E-01
    2.6300027360E-01    7.9217079363E-01
    2.6350027360E-01    7.9146212989E-01
    2.6400027360E-01    7.9075270118E-01
    2.6450027360E-01    7.9004251032E-01
    2.6500027360E-01    7.8933156016E-01
    2.6550027360E-01    7.8861985350E-01
    2.6600027360E-01    7.8790739318E-01
    2.6650027360E-01    7.8719418204E-01
    2.6700027360E-01    7.8648022289E-01
    2.6750027360E-01    7.8576551858E-01
    2.6800027360E-01    7.8505007194E-01
    2.6850027360E-01    7.8433388580E-01
    2.6900027360E-01    7.8361696299E-01
    2.6950027360E-01    7.8289930636E-01
    2.7000027360E-01    7.8218091874E-01
    2.7050027360E-01    7.8146180296E-01
    2.7100027360E-01    7.8074196188E-01
    2.7150027360E-01    7.8002139832E-01
    2.7200027360E-01    7.7930011513E-01
    2.7250027360E-01    7.7857811516E-01
    2.7300027360E-01    7.7785540124E-01
    2.7350027360E-01    7.7713197622E-01
    2.7400027360E-01    7.7640784295E-01
    2.7450027360E-01    7.7568300426E-01
    2.7500027360E-01    7.7495746302E-01
    2.7550027360E-01    7.7423122206E-01
    2.7600027360E-01    7.7350428423E-01
    2.7650027360E-01    7.7277665238E-01
    2.7700027360E-01    7.7204832937E-01
    2.7750027360E-01    7.7131931804E-01
    2.7800027360E-01    7.7058962124E-01
    2.7850027360E-01    7.6985924183E-01
    2.7900027360E-01    7.6912818266E-01
    2.7950027360E-01    7.6839644659E-01
    2.8000027360E-01    7.6766403646E-01
    2.8050027360E-01    7.6693095513E-01
    2.8100027360E-01    7.6619720546E-01
    2.8150027360E-01    7.6546279030E-01
    2.8200027360E-01    7.6472771251E-01
    2.8250027360E-01    7.6399197496E-01
    2.8300027360E-01    7.6325558048E-01
    2.8350027360E-01    7.6251853195E-01
    2.8400027360E-01    7.6178083222E-01
    2.8450027360E-01    7.6104248416E-01
    2.8500027360E-01    7.6030349061E-01
    2.8550027360E-01    7.5956385445E-01
    2.8600027360E-01    7.5882357853E-01
    2.8650027360E-01    7.5808266571E-01
    2.8700027360E-01    7.5734111886E-01
    2.8750027360E-01    7.5659894084E-01
    2.8800027360E-01    7.5585613450E-01
    2.8850027360E-01    7.5511270272E-01
    2.8900027360E-01    7.5436864836E-01
    2.8950027360E-01    7.5362397427E-01
    2.9000027360E-01    7.5287868333E-01
    2.9050027360E-01    7.5213277839E-01
    2.9100027360E-01    7.5138626233E-01
    2.9150027360E-01    7.5063913800E-01
    2.9200027360E-01    7.4989140827E-01
    2.9250027360E-01    7.4914307601E-01
    2.9300027360E-01    7.4839414408E-01
    2.9350027360E-01    7.4764461534E-01
    2.9400027360E-01    7.4689449267E-01
    2.9450027360E-01    7.4614377892E-01
    2.9500027360E-01    7.4539247697E-01
    2.9550027360E-01    7.4464058967E-01
    2.9600027360E-01    7.4388811990E-01
    2.9650027360E-01    7.4313507053E-01
    2.9700027360E-01    7.4238144441E-01
    2.9750027360E-01    7.4162724441E-01
    2.9800027360E-01    7.4087247341E-01
    2.9850027360E-01    7.4011713426E-01
    2.9900027360E-01    7.3936122983E-01
    2.9950027360E-01    7.3860476299E-01
    3.0000027360E-01    7.3784773661E-01
    3.0050027360E-01    7.3709015355E-01
    3.0100027360E-01    7.3633201668E-01
    3.0150027360E-01    7.3557332886E-01
    3.0200027360E-01    7.3481409296E-01
    3.0250027360E-01    7.3405431184E-01
    3.0300027360E-01    7.3329398838E-01
    3.0350027360E-01    7.3253312543E-01
    3.0400027360E-01    7.3177172586E-01
    3.0450027360E-01    7.3100979254E-01
    3.0500027360E-01    7.3024732833E-01
    3.0550027360E-01    7.2948433609E-01
    3.0600027360E-01    7.2872081870E-01
    3.0650027360E-01    7.2795677901E-01
    3.0700027360E-01    7.2719221988E-01
    3.0750027360E-01    7.2642714419E-01
    3.0800027360E-01    7.2566155480E-01
    3.0850027360E-01    7.2489545456E-01
    3.0900027360E-01    7.2412884634E-01
    3.0950027360E-01    7.2336173300E-01
    3.1000027360E-01    7.2259411741E-01
    3.1050027360E-01    7.2182600242E-01
    3.1100027360E-01    7.2105739090E-01
    3.1150027360E-01    7.2028828571E-01
    3.1200027360E-01    7.1951868970E-01
    3.1250027360E-01    7.1874860574E-01
    3.1300027360E-01    7.1797803668E-01
    3.1350027360E-01    7.1720698539E-01
    3.1400027360E-01    7.1643545472E-01
    3.1450027360E-01    7.1566344753E-01
    3.1500027360E-01    7.1489096668E-01
    3.1550027360E-01    7.1411801502E-01
    3.1600027360E-01    7.1334459541E-01
    3.1650027360E-01    7.1257071070E-01
    3.1700027360E-01    7.1179636376E-01
    3.1750027360E-01    7.1102155742E-01
    3.1800027360E-01    7.1024629455E-01
    3.1850027360E-01    7.0947057800E-01
    3.1900027360E-01    7.0869441062E-01
    3.1950027360E-01    7.0791779527E-01
    3.2000027360E-01    7.0714073478E-01
    3.2050027360E-01    7.0636323202E-01
    3.2100027360E-01    7.0558528983E-01
    3.2150027360E-01    7.0480691106E-01
    3.2200027360E-01    7.0402809855E-01
    3.2250027360E-01    7.0324885516E-01
    3.2300027360E-01    7.0246918373E-01
    3.2350027360E-01    7.0168908710E-01
    3.2400027360E-01    7.0090856813E-01
    3.2450027360E-01    7.0012762964E-01
    3.2500027360E-01    6.9934627449E-01
    3.2550027360E-01    6.9856450552E-01
    3.2600027360E-01    6.9778232557E-01
    3.2650027360E-01    6.9699973747E-01
    3.2700027360E-01    6.9621674406E-01
    3.2750027360E-01    6.9543334819E-01
    3.2800027360E-01    6.9464955270E-01
    3.2850027360E-01    6.9386536040E-01
    3.2900027360E-01    6.9308077415E-01
    3.2950027360E-01    6.9229579677E-01
    3.3000027360E-01    6.9151043110E-01
    3.3050027360E-01    6.9072467997E-01
    3.3100027360E-01    6.8993854621E-01
    3.3150027360E-01    6.8915203265E-01
    3.3200027360E-01    6.8836514212E-01
    3.3250027360E-01    6.8757787744E-01
    3.3300027360E-01    6.8679024144E-01
    3.3350027360E-01    6.8600223695E-01
    3.3400027360E-01    6.8521386680E-01
    3.3450027360E-01    6.8442513379E-01
    3.3500027360E-01    6.8363604076E-01
    3.3550027360E-01    6.8284659052E-01
    3.3600027360E-01    6.8205678590E-01
    3.3650027360E-01    6.8126662971E-01
    3.3700027360E-01    6.8047612476E-01
    3.3750027360E-01    6.7968527388E-01
    3.3800027360E-01    6.7889407988E-01
    3.3850027360E-01    6.7810254557E-01
    3.3900027360E-01    6.7731067375E-01
    3.3950027360E-01    6.7651846725E-01
    3.4000027360E-01    6.7572592887E-01
    3.4050027360E-01    6.7493306142E-01
    3.4100027360E-01    6.7413986770E-01
    3.4150027360E-01    6.7334635052E-01
    3.4200027360E-01    6.7255251268E-01
    3.4250027360E-01    6.7175835698E-01
    3.4300027360E-01    6.7096388622E-01
    3.4350027360E-01    6.7016910320E-01
    3.4400027360E-01    6.6937401073E-01
    3.4450027360E-01    6.6857861158E-01
    3.4500027360E-01    6.6778290857E-01
    3.4550027360E-01    6.6698690447E-01
    3.4600027360E-01    6.6619060209E-01
    3.4650027360E-01    6.6539400421E-01
    3.4700027360E-01    6.6459711362E-01
    3.4750027360E-01    6.6379993311E-01
    3.4800027360E-01    6.6300246546E-01
    3.4850027360E-01    6.6220471345E-01
    3.4900027360E-01    6.6140667987E-01
    3.4950027360E-01    6.6060836750E-01
    3.5000027360E-01    6.5980977911E-01
    3.5050027360E-01    6.5901091748E-01
    3.5100027360E-01    6.5821178539E-01
    3.5150027360E-01    6.5741238561E-01
    3.5200027360E-01    6.5661272090E-01
    3.5250027360E-01    6.5581279405E-01
    3.5300027360E-01    6.5501260782E-01
    3.5350027360E-01    6.5421216498E-01
    3.5400027360E-01    6.5341146829E-01
    3.5450027360E-01    6.5261052050E-01
    3.5500027360E-01    6.5180932440E-01
    3.5550027360E-01    6.5100788272E-01
    3.5600027360E-01    6.5020619824E-01
    3.5650027360E-01    6.4940427370E-01
    3.5700027360E-01    6.4860211186E-01
    3.5750027360E-01    6.4779971548E-01
    3.5800027360E-01    6.4699708729E-01
    3.5850027360E-01    6.4619423005E-01
    3.5900027360E-01    6.4539114651E-01
    3.5950027360E-01    6.4458783941E-01
    3.6000027360E-01    6.4378431149E-01
    3.6050027360E-01    6.4298056550E-01
    3.6100027360E-01    6.4217660416E-01
    3.6150027360E-01    6.4137243022E-01
    3.6200027360E-01    6.4056804641E-01
    3.6250027360E-01    6.3976345546E-01
    3.6300027360E-01    6.3895866011E-01
    3.6350027360E-01    6.3815366308E-01
    3.6400027360E-01    6.3734846709E-01
    3.6450027360E-01    6.3654307488E-01
    3.6500027360E-01    6.3573748916E-01
    3.6550027360E-01    6.3493171266E-01
    3.6600027360E-01    6.3412574809E-01
    3.6650027360E-01    6.3331959816E-01
    3.6700027360E-01    6.3251326559E-01
    3.6750027360E-01    6.3170675310E-01
    3.6800027360E-01    6.3090006339E-01
    3.6850027360E-01    6.3009319916E-01
    3.6900027360E-01    6.2928616313E-01
    3.6950027360E-01    6.2847895800E-01
    3.7000027360E-01    6.2767158646E-01
    3.7050027360E-01    6.2686405121E-01
    3.7100027360E-01    6.2605635495E-01
    3.7150027360E-01    6.2524850038E-01
    3.7200027360E-01    6.2444049019E-01
    3.7250027360E-01    6.2363232705E-01
    3.7300027360E-01    6.2282401367E-01
    3.7350027360E-01    6.2201555273E-01
    3.7400027360E-01    6.2120694690E-01
    3.7450027360E-01    6.2039819887E-01
    3.7500027360E-01    6.1958931132E-01
    3.7550027360E-01    6.1878028691E-01
    3.7600027360E-01    6.1797112833E-01
    3.7650027360E-01    6.1716183824E-01
    3.7700027360E-01    6.1635241931E-01
    3.7750027360E-01    6.1554287421E-01
    3.7800027360E-01    6.1473320560E-01
    3.7850027360E-01    6.1392341614E-01
    3.7900027360E-01    6.1311350849E-01
    3.7950027360E-01    6.1230348531E-01
    3.8000027360E-01    6.1149334924E-01
    3.8050027360E-01    6.1068310294E-01
    3.8100027360E-01    6.0987274906E-01
    3.8150027360E-01    6.0906229024E-01
    3.8200027360E-01    6.0825172912E-01
    3.8250027360E-01    6.0744106836E-01
    3.8300027360E-01    6.0663031057E-01
    3.8350027360E-01    6.0581945841E-01
    3.8400027360E-01    6.0500851450E-01
    3.8450027360E-01    6.0419748147E-01
    3.8500027360E-01    6.0338636196E-01
    3.8550027360E-01    6.0257515858E-01
    3.8600027360E-01    6.0176387396E-01
    3.8650027360E-01    6.0095251072E-01
    3.8700027360E-01    6.0014107148E-01
    3.8750027360E-01    5.9932955884E-01
    3.8800027360E-01    5.9851797543E-01
    3.8850027360E-01    5.9770632385E-01
    3.8900027360E-01    5.9689460671E-01
    3.8950027360E-01    5.9608282661E-01
    3.9000027360E-01    5.9527098616E-01
    3.9050027360E-01    5.9445908794E-01
    3.9100027360E-01    5.9364713456E-01
    3.9150027360E-01    5.9283512862E-01
    3.9200027360E-01    5.9202307269E-01
    3.9250027360E-01    5.9121096937E-01
    3.9300027360E-01    5.9039882124E-01
    3.9350027360E-01    5.8958663088E-01
    3.9400027360E-01    5.8877440088E-01
    3.9450027360E-01    5.8796213380E-01
    3.9500027360E-01    5.8714983223E-01
    3.9550027360E-01    5.8633749872E-01
    3.9600027360E-01    5.8552513586E-01
    3.9650027360E-01    5.8471274620E-01
    3.9700027360E-01    5.8390033230E-01
    3.9750027360E-01    5.8308789673E-01
    3.9800027360E-01    5.8227544203E-01
    3.9850027360E-01    5.8146297077E-01
    3.9900027360E-01    5.8065048550E-01
    3.9950027360E-01    5.7983798875E-01
    4.0000027360E-01    5.7902548307E-01
    4.0050027360E-01    5.7821297101E-01
    4.0100027360E-01    5.7740045510E-01
    4.0150027360E-01    5.7658793789E-01
    4.0200027360E-01    5.7577542189E-01
    4.0250027360E-01    5.7496290964E-01
    4.0300027360E-01    5.7415040366E-01
    4.0350027360E-01    5.7333790649E-01
    4.0400027360E-01    5.7252542063E-01
    4.0450027360E-01    5.7171294861E-01
    4.0500027360E-01    5.7090049293E-01
    4.0550027360E-01    5.7008805612E-01
    4.0600027360E-01    5.6927564067E-01
    4.0650027360E-01    5.6846324910E-01
    4.0700027360E-01    5.6765088390E-01
    4.0750027360E-01    5.6683854758E-01
    4.0800027360E-01    5.6602624262E-01
    4.0850027360E-01    5.6521397152E-01
    4.0900027360E-01    5.6440173677E-01
    4.0950027360E-01    5.6358954086E-01
    4.1000027360E-01    5.6277738626E-01
    4.1050027360E-01    5.6196527546E-01
    4.1100027360E-01    5.6115321093E-01
    4.1150027360E-01    5.6034119515E-01
    4.1200027360E-01    5.5952923058E-01
    4.1250027360E-01    5.5871731970E-01
    4.1300027360E-01    5.5790546496E-01
    4.1350027360E-01    5.5709366883E-01
    4.1400027360E-01    5.5628193376E-01
    4.1450027360E-01    5.5547026221E-01
    4.1500027360E-01    5.5465865662E-01
    4.1550027360E-01    5.5384711945E-01
    4.1600027360E-01    5.5303565313E-01
    4.1650027360E-01    5.5222426012E-01
    4.1700027360E-01    5.5141294284E-01
    4.1750027360E-01    5.5060170373E-01
    4.1800027360E-01    5.4979054521E-01
    4.1850027360E-01    5.4897946973E-01
    4.1900027360E-01    5.4816847970E-01
    4.1950027360E-01    5.4735757753E-01
    4.2000027360E-01    5.4654676566E-01
    4.2050027360E-01    5.4573604648E-01
    4.2100027360E-01    5.4492542242E-01
    4.2150027360E-01    5.4411489588E-01
    4.2200027360E-01    5.4330446926E-01
    4.2250027360E-01    5.4249414496E-01
    4.2300027360E-01    5.4168392538E-01
    4.2350027360E-01    5.4087381292E-01
    4.2400027360E-01    5.4006380995E-01
    4.2450027360E-01    5.3925391888E-01
    4.2500027360E-01    5.3844414207E-01
    4.2550027360E-01    5.3763448192E-01
    4.2600027360E-01    5.3682494079E-01
    4.2650027360E-01    5.3601552106E-01
    4.2700027360E-01    5.3520622510E-01
    4.2750027360E-01    5.3439705527E-01
    4.2800027360E-01    5.3358801393E-01
    4.2850027360E-01    5.3277910345E-01
    4.2900027360E-01    5.3197032617E-01
    4.2950027360E-01    5.3116168446E-01
    4.3000027360E-01    5.3035318065E-01
    4.3050027360E-01    5.2954481709E-01
    4.3100027360E-01    5.2873659613E-01
    4.3150027360E-01    5.2792852009E-01
    4.3200027360E-01    5.2712059131E-01
    4.3250027360E-01    5.2631281212E-01
    4.3300027360E-01    5.2550518485E-01
    4.3350027360E-01    5.2469771182E-01
    4.3400027360E-01    5.2389039535E-01
    4.3450027360E-01    5.2308323776E-01
    4.3500027360E-01    5.2227624134E-01
    4.3550027360E-01    5.2146940843E-01
    4.3600027360E-01    5.2066274131E-01
    4.3650027360E-01    5.1985624228E-01
    4.3700027360E-01    5.1904991366E-01
    4.3750027360E-01    5.1824375772E-01
    4.3800027360E-01    5.1743777676E-01
    4.3850027360E-01    5.1663197307E-01
    4.3900027360E-01    5.1582634892E-01
    4.3950027360E-01    5.1502090659E-01
    4.4000027360E-01    5.1421564837E-01
    4.4050027360E-01    5.1341057652E-01
    4.4100027360E-01    5.1260569330E-01
    4.4150027360E-01    5.1180100099E-01
    4.4200027360E-01    5.1099650183E-01
    4.4250027360E-01    5.1019219810E-01
    4.4300027360E-01    5.0938809203E-01
    4.4350027360E-01    5.0858418588E-01
    4.4400027360E-01    5.0778048190E-01
    4.4450027360E-01    5.0697698231E-01
    4.4500027360E-01    5.0617368937E-01
    4.4550027360E-01    5.0537060530E-01
    4.4600027360E-01    5.0456773234E-01
    4.4650027360E-01    5.0376507270E-01
    4.4700027360E-01    5.0296262861E-01
    4.4750027360E-01    5.0216040230E-01
    4.4800027360E-01    5.0135839596E-01
    4.4850027360E-01    5.0055661182E-01
    4.4900027360E-01    4.9975505208E-01
    4.4950027360E-01    4.9895371894E-01
    4.5000027360E-01    4.9815261460E-01
    4.5050027360E-01    4.9735174126E-01
    4.5100027360E-01    4.9655110110E-01
    4.5150027360E-01    4.9575069631E-01
    4.5200027360E-01    4.9495052909E-01
    4.5250027360E-01    4.9415060159E-01
    4.5300027360E-01    4.9335091601E-01
    4.5350027360E-01    4.9255147451E-01
    4.5400027360E-01    4.9175227926E-01
    4.5450027360E-01    4.9095333243E-01
    4.5500027360E-01    4.9015463616E-01
    4.5550027360E-01    4.8935619263E-01
    4.5600027360E-01    4.8855800397E-01
    4.5650027360E-01    4.8776007234E-01
    4.5700027360E-01    4.8696239989E-01
    4.5750027360E-01    4.8616498874E-01
    4.5800027360E-01    4.8536784104E-01
    4.5850027360E-01    4.8457095892E-01
    4.5900027360E-01    4.8377434451E-01
    4.5950027360E-01    4.8297799992E-01
    4.6000027360E-01    4.8218192729E-01
    4.6050027360E-01    4.8138612872E-01
    4.6100027360E-01    4.8059060633E-01
    4.6150027360E-01    4.7979536222E-01
    4.6200027360E-01    4.7900039850E-01
    4.6250027360E-01    4.7820571727E-01
    4.6300027360E-01    4.7741132063E-01
    4.6350027360E-01    4.7661721065E-01
    4.6400027360E-01    4.7582338945E-01
    4.6450027360E-01    4.7502985908E-01
    4.6500027360E-01    4.7423662165E-01
    4.6550027360E-01    4.7344367921E-01
    4.6600027360E-01    4.7265103385E-01
    4.6650027360E-01    4.7185868762E-01
    4.6700027360E-01    4.7106664260E-01
    4.6750027360E-01    4.7027490083E-01
    4.6800027360E-01    4.6948346439E-01
    4.6850027360E-01    4.6869233530E-01
    4.6900027360E-01    4.6790151564E-01
    4.6950027360E-01    4.6711100742E-01
    4.7000027360E-01    4.6632081270E-01
    4.7050027360E-01    4.6553093351E-01
    4.7100027360E-01    4.6474137188E-01
    4.7150027360E-01    4.6395212983E-01
    4.7200027360E-01    4.6316320938E-01
    4.7250027360E-01    4.6237461256E-01
    4.7300027360E-01    4.6158634138E-01
    4.7350027360E-01    4.6079839784E-01
    4.7400027360E-01    4.6001078395E-01
    4.7450027360E-01    4.5922350172E-01
    4.7500027360E-01    4.5843655313E-01
    4.7550027360E-01    4.5764994018E-01
    4.7600027360E-01    4.5686366487E-01
    4.7650027360E-01    4.5607772916E-01
    4.7700027360E-01    4.5529213505E-01
    4.7750027360E-01    4.5450688451E-01
    4.7800027360E-01    4.5372197952E-01
    4.7850027360E-01    4.5293742203E-01
    4.7900027360E-01    4.5215321401E-01
    4.7950027360E-01    4.5136935742E-01
    4.8000027360E-01    4.5058585422E-01
    4.8050027360E-01    4.4980270635E-01
    4.8100027360E-01    4.4901991577E-01
    4.8150027360E-01    4.4823748441E-01
    4.8200027360E-01    4.4745541421E-01
    4.8250027360E-01    4.4667370711E-01
    4.8300027360E-01    4.4589236503E-01
    4.8350027360E-01    4.4511138990E-01
    4.8400027360E-01    4.4433078364E-01
    4.8450027360E-01    4.4355054817E-01
    4.8500027360E-01    4.4277068540E-01
    4.8550027360E-01    4.4199119723E-01
    4.8600027360E-01    4.4121208558E-01
    4.8650027360E-01    4.4043335233E-01
    4.8700027360E-01    4.3965499939E-01
    4.8750027360E-01    4.3887702864E-01
    4.8800027360E-01    4.3809944198E-01
    4.8850027360E-01    4.3732224128E-01
    4.8900027360E-01    4.3654542842E-01
    4.8950027360E-01    4.3576900528E-01
    4.9000027360E-01    4.3499297372E-01
    4.9050027360E-01    4.3421733562E-01
    4.9100027360E-01    4.3344209282E-01
    4.9150027360E-01    4.3266724719E-01
    4.9200027360E-01    4.3189280058E-01
    4.9250027360E-01    4.3111875483E-01
    4.9300027360E-01    4.3034511179E-01
    4.9350027360E-01    4.2957187331E-01
    4.9400027360E-01    4.2879904120E-01
    4.9450027360E-01    4.2802661731E-01
    4.9500027360E-01    4.2725460346E-01
    4.9550027360E-01    4.2648300146E-01
    4.9600027360E-01    4.2571181315E-01
    4.9650027360E-01    4.2494104033E-01
    4.9700027360E-01    4.2417068480E-01
    4.9750027360E-01    4.2340074838E-01
    4.9800027360E-01    4.2263123286E-01
    4.9850027360E-01    4.2186214004E-01
    4.9900027360E-01    4.2109347171E-01
    4.9950027360E-01    4.2032522966E-01
    5.0000027360E-01    4.1955741566E-01
    5.0050027360E-01    4.1879003150E-01
    5.0100027360E-01    4.1802307895E-01
    5.0150027360E-01    4.1725655977E-01
    5.0200027360E-01    4.1649047575E-01
    5.0250027360E-01    4.1572482862E-01
    5.0300027360E-01    4.1495962015E-01
    5.0350027360E-01    4.1419485210E-01
    5.0400027360E-01    4.1343052620E-01
    5.0450027360E-01    4.1266664420E-01
    5.0500027360E-01    4.1190320784E-01
    5.0550027360E-01    4.1114021885E-01
    5.0600027360E-01    4.1037767897E-01
    5.0650027360E-01    4.0961558991E-01
    5.0700027360E-01    4.0885395340E-01
    5.0750027360E-01    4.0809277116E-01
    5.0800027360E-01    4.0733204489E-01
    5.0850027360E-01    4.0657177630E-01
    5.0900027360E-01    4.0581196709E-01
    5.0950027360E-01    4.0505261898E-01
    5.1000027360E-01    4.0429373364E-01
    5.1050027360E-01    4.0353531276E-01
    5.1100027360E-01    4.0277735804E-01
    5.1150027360E-01    4.0201987116E-01
    5.1200027360E-01    4.0126285378E-01
    5.1250027360E-01    4.0050630758E-01
    5.1300027360E-01    3.9975023423E-01
    5.1350027360E-01    3.9899463540E-01
    5.1400027360E-01    3.9823951273E-01
    5.1450027360E-01    3.9748486789E-01
    5.1500027360E-01    3.9673070252E-01
    5.1550027360E-01    3.9597701827E-01
    5.1600027360E-01    3.9522381678E-01
    5.1650027360E-01    3.9447109969E-01
    5.1700027360E-01    3.9371886862E-01
    5.1750027360E-01    3.9296712521E-01
    5.1800027360E-01    3.9221587107E-01
    5.1850027360E-01    3.9146510783E-01
    5.1900027360E-01    3.9071483710E-01
    5.1950027360E-01    3.8996506048E-01
    5.2000027360E-01    3.8921577959E-01
    5.2050027360E-01    3.8846699603E-01
    5.2100027360E-01    3.8771871138E-01
    5.2150027360E-01    3.8697092724E-01
    5.2200027360E-01    3.8622364520E-01
    5.2250027360E-01    3.8547686685E-01
    5.2300027360E-01    3.8473059375E-01
    5.2350027360E-01    3.8398482748E-01
    5.2400027360E-01    3.8323956961E-01
    5.2450027360E-01    3.8249482171E-01
    5.2500027360E-01    3.8175058533E-01
    5.2550027360E-01    3.8100686204E-01
    5.2600027360E-01    3.8026365338E-01
    5.2650027360E-01    3.7952096089E-01
    5.2700027360E-01    3.7877878613E-01
    5.2750027360E-01    3.7803713062E-01
    5.2800027360E-01    3.7729599591E-01
    5.2850027360E-01    3.7655538352E-01
    5.2900027360E-01    3.7581529497E-01
    5.2950027360E-01    3.7507573178E-01
    5.3000027360E-01    3.7433669547E-01
    5.3050027360E-01    3.7359818756E-01
    5.3100027360E-01    3.7286020954E-01
    5.3150027360E-01    3.7212276291E-01
    5.3200027360E-01    3.7138584918E-01
    5.3250027360E-01    3.7064946984E-01
    5.3300027360E-01    3.6991362637E-01
    5.3350027360E-01    3.6917832026E-01
    5.3400027360E-01    3.6844355299E-01
    5.3450027360E-01    3.6770932603E-01
    5.3500027360E-01    3.6697564086E-01
    5.3550027360E-01    3.6624249893E-01
    5.3600027360E-01    3.6550990171E-01
    5.3650027360E-01    3.6477785066E-01
    5.3700027360E-01    3.6404634722E-01
    5.3750027360E-01    3.6331539285E-01
    5.3800027360E-01    3.6258498899E-01
    5.3850027360E-01    3.6185513708E-01
    5.3900027360E-01    3.6112583855E-01
    5.3950027360E-01    3.6039709483E-01
    5.4000027360E-01    3.5966890734E-01
    5.4050027360E-01    3.5894127751E-01
    5.4100027360E-01    3.5821420676E-01
    5.4150027360E-01    3.5748769648E-01
    5.4200027360E-01    3.5676174810E-01
    5.4250027360E-01    3.5603636302E-01
    5.4300027360E-01    3.5531154262E-01
    5.4350027360E-01    3.5458728831E-01
    5.4400027360E-01    3.5386360147E-01
    5.4450027360E-01    3.5314048350E-01
    5.4500027360E-01    3.5241793576E-01
    5.4550027360E-01    3.5169595963E-01
    5.4600027360E-01    3.5097455649E-01
    5.4650027360E-01    3.5025372771E-01
    5.4700027360E-01    3.4953347463E-01
    5.4750027360E-01    3.4881379863E-01
    5.4800027360E-01    3.4809470105E-01
    5.4850027360E-01    3.4737618325E-01
    5.4900027360E-01    3.4665824656E-01
    5.4950027360E-01    3.4594089232E-01
    5.5000027360E-01    3.4522412188E-01
    5.5050027360E-01    3.4450793656E-01
    5.5100027360E-01    3.4379233769E-01
    5.5150027360E-01    3.4307732659E-01
    5.5200027360E-01    3.4236290457E-01
    5.5250027360E-01    3.4164907295E-01
    5.5300027360E-01    3.4093583304E-01
    5.5350027360E-01    3.4022318614E-01
    5.5400027360E-01    3.3951113354E-01
    5.5450027360E-01    3.3879967655E-01
    5.5500027360E-01    3.3808881646E-01
    5.5550027360E-01    3.3737855454E-01
    5.5600027360E-01    3.3666889209E-01
    5.5650027360E-01    3.3595983037E-01
    5.5700027360E-01    3.3525137065E-01
    5.5750027360E-01    3.3454351422E-01
    5.5800027360E-01    3.3383626232E-01
    5.5850027360E-01    3.3312961623E-01
    5.5900027360E-01    3.3242357718E-01
    5.5950027360E-01    3.3171814644E-01
    5.6000027360E-01    3.3101332524E-01
    5.6050027360E-01    3.3030911484E-01
    5.6100027360E-01    3.2960551645E-01
    5.6150027360E-01    3.2890253132E-01
    5.6200027360E-01    3.2820016068E-01
    5.6250027360E-01    3.2749840573E-01
    5.6300027360E-01    3.2679726772E-01
    5.6350027360E-01    3.2609674784E-01
    5.6400027360E-01    3.2539684731E-01
    5.6450027360E-01    3.2469756733E-01
    5.6500027360E-01    3.2399890910E-01
    5.6550027360E-01    3.2330087382E-01
    5.6600027360E-01    3.2260346268E-01
    5.6650027360E-01    3.2190667687E-01
    5.6700027360E-01    3.2121051756E-01
    5.6750027360E-01    3.2051498595E-01
    5.6800027360E-01    3.1982008319E-01
    5.6850027360E-01    3.1912581047E-01
    5.6900027360E-01    3.1843216894E-01
    5.6950027360E-01    3.1773915977E-01
    5.7000027360E-01    3.1704678410E-01
    5.7050027360E-01    3.1635504310E-01
    5.7100027360E-01    3.1566393791E-01
    5.7150027360E-01    3.1497346968E-01
    5.7200027360E-01    3.1428363953E-01
    5.7250027360E-01    3.1359444860E-01
    5.7300027360E-01    3.1290589803E-01
    5.7350027360E-01    3.1221798894E-01
    5.7400027360E-01    3.1153072244E-01
    5.7450027360E-01    3.1084409966E-01
    5.7500027360E-01    3.1015812171E-01
    5.7550027360E-01    3.0947278969E-01
    5.7600027360E-01    3.0878810470E-01
    5.7650027360E-01    3.0810406784E-01
    5.7700027360E-01    3.0742068022E-01
    5.7750027360E-01    3.0673794291E-01
    5.7800027360E-01    3.0605585700E-01
    5.7850027360E-01    3.0537442357E-01
    5.7900027360E-01    3.0469364370E-01
    5.7950027360E-01    3.0401351846E-01
    5.8000027360E-01    3.0333404892E-01
    5.8050027360E-01    3.0265523614E-01
    5.8100027360E-01    3.0197708117E-01
    5.8150027360E-01    3.0129958508E-01
    5.8200027360E-01    3.0062274892E-01
    5.8250027360E-01    2.9994657371E-01
    5.8300027360E-01    2.9927106052E-01
    5.8350027360E-01    2.9859621038E-01
    5.8400027360E-01    2.9792202431E-01
    5.8450027360E-01    2.9724850334E-01
    5.8500027360E-01    2.9657564851E-01
    5.8550027360E-01    2.9590346082E-01
    5.8600027360E-01    2.9523194130E-01
    5.8650027360E-01    2.9456109094E-01
    5.8700027360E-01    2.9389091077E-01
    5.8750027360E-01    2.9322140178E-01
    5.8800027360E-01    2.9255256496E-01
    5.8850027360E-01    2.9188440132E-01
    5.8900027360E-01    2.9121691183E-01
    5.8950027360E-01    2.9055009749E-01
    5.9000027360E-01    2.8988395926E-01
    5.9050027360E-01    2.8921849814E-01
    5.9100027360E-01    2.8855371509E-01
    5.9150027360E-01    2.8788961107E-01
    5.9200027360E-01    2.8722618705E-01
    5.9250027360E-01    2.8656344399E-01
    5.9300027360E-01    2.8590138284E-01
    5.9350027360E-01    2.8524000454E-01
    5.9400027360E-01    2.8457931006E-01
    5.9450027360E-01    2.8391930032E-01
    5.9500027360E-01    2.8325997626E-01
    5.9550027360E-01    2.8260133881E-01
    5.9600027360E-01    2.8194338891E-01
    5.9650027360E-01    2.8128612748E-01
    5.9700027360E-01    2.8062955543E-01
    5.9750027360E-01    2.7997367368E-01
    5.9800027360E-01    2.7931848314E-01
    5.9850027360E-01    2.7866398472E-01
    5.9900027360E-01    2.7801017931E-01
    5.9950027360E-01    2.7735706783E-01
    6.0000027360E-01    2.7670465116E-01
    6.0050027360E-01    2.7605293018E-01
    6.0100027360E-01    2.7540190580E-01
    6.0150027360E-01    2.7475157887E-01
    6.0200027360E-01    2.7410195029E-01
    6.0250027360E-01    2.7345302093E-01
    6.0300027360E-01    2.7280479165E-01
    6.0350027360E-01    2.7215726331E-01
    6.0400027360E-01    2.7151043678E-01
    6.0450027360E-01    2.7086431291E-01
    6.0500027360E-01    2.7021889255E-01
    6.0550027360E-01    2.6957417655E-01
    6.0600027360E-01    2.6893016575E-01
    6.0650027360E-01    2.6828686100E-01
    6.0700027360E-01    2.6764426311E-01
    6.0750027360E-01    2.6700237293E-01
    6.0800027360E-01    2.6636119128E-01
    6.0850027360E-01    2.6572071897E-01
    6.0900027360E-01    2.6508095684E-01
    6.0950027360E-01    2.6444190568E-01
    6.1000027360E-01    2.6380356632E-01
    6.1050027360E-01    2.6316593955E-01
    6.1100027360E-01    2.6252902617E-01
    6.1150027360E-01    2.6189282698E-01
    6.1200027360E-01    2.6125734278E-01
    6.1250027360E-01    2.6062257434E-01
    6.1300027360E-01    2.5998852246E-01
    6.1350027360E-01    2.5935518791E-01
    6.1400027360E-01    2.5872257147E-01
    6.1450027360E-01    2.5809067391E-01
    6.1500027360E-01    2.5745949600E-01
    6.1550027360E-01    2.5682903850E-01
    6.1600027360E-01    2.5619930216E-01
    6.1650027360E-01    2.5557028775E-01
    6.1700027360E-01    2.5494199602E-01
    6.1750027360E-01    2.5431442770E-01
    6.1800027360E-01    2.5368758354E-01
    6.1850027360E-01    2.5306146429E-01
    6.1900027360E-01    2.5243607066E-01
    6.1950027360E-01    2.5181140340E-01
    6.2000027360E-01    2.5118746324E-01
    6.2050027360E-01    2.5056425088E-01
    6.2100027360E-01    2.4994176705E-01
    6.2150027360E-01    2.4932001246E-01
    6.2200027360E-01    2.4869898782E-01
    6.2250027360E-01    2.4807869384E-01
    6.2300027360E-01    2.4745913122E-01
    6.2350027360E-01    2.4684030065E-01
    6.2400027360E-01    2.4622220283E-01
    6.2450027360E-01    2.4560483844E-01
    6.2500027360E-01    2.4498820818E-01
    6.2550027360E-01    2.4437231272E-01
    6.2600027360E-01    2.4375715274E-01
    6.2650027360E-01    2.4314272890E-01
    6.2700027360E-01    2.4252904189E-01
    6.2750027360E-01    2.4191609237E-01
    6.2800027360E-01    2.4130388098E-01
    6.2850027360E-01    2.4069240840E-01
    6.2900027360E-01    2.4008167528E-01
    6.2950027360E-01    2.3947168226E-01
    6.3000027360E-01    2.3886242998E-01
    6.3050027360E-01    2.3825391909E-01
    6.3100027360E-01    2.3764615023E-01
    6.3150027360E-01    2.3703912403E-01
    6.3200027360E-01    2.3643284110E-01
    6.3250027360E-01    2.3582730209E-01
    6.3300027360E-01    2.3522250761E-01
    6.3350027360E-01    2.3461845828E-01
    6.3400027360E-01    2.3401515471E-01
    6.3450027360E-01    2.3341259750E-01
    6.3500027360E-01    2.3281078727E-01
    6.3550027360E-01    2.3220972461E-01
    6.3600027360E-01    2.3160941012E-01
    6.3650027360E-01    2.3100984440E-01
    6.3700027360E-01    2.3041102802E-01
    6.3750027360E-01    2.2981296159E-01
    6.3800027360E-01    2.2921564567E-01
    6.3850027360E-01    2.2861908084E-01
    6.3900027360E-01    2.2802326769E-01
    6.3950027360E-01    2.2742820677E-01
    6.4000027360E-01    2.2683389866E-01
    6.4050027360E-01    2.2624034391E-01
    6.4100027360E-01    2.2564754308E-01
    6.4150027360E-01    2.2505549673E-01
    6.4200027360E-01    2.2446420541E-01
    6.4250027360E-01    2.2387366965E-01
    6.4300027360E-01    2.2328389001E-01
    6.4350027360E-01    2.2269486702E-01
    6.4400027360E-01    2.2210660122E-01
    6.4450027360E-01    2.2151909314E-01
    6.4500027360E-01    2.2093234330E-01
    6.4550027360E-01    2.2034635222E-01
    6.4600027360E-01    2.1976112043E-01
    6.4650027360E-01    2.1917664845E-01
    6.4700027360E-01    2.1859293677E-01
    6.4750027360E-01    2.1800998591E-01
    6.4800027360E-01    2.1742779638E-01
    6.4850027360E-01    2.1684636867E-01
    6.4900027360E-01    2.1626570328E-01
    6.4950027360E-01    2.1568580069E-01
    6.5000027360E-01    2.1510666142E-01
    6.5050027360E-01    2.1452828592E-01
    6.5100027360E-01    2.1395067469E-01
    6.5150027360E-01    2.1337382820E-01
    6.5200027360E-01    2.1279774693E-01
    6.5250027360E-01    2.1222243135E-01
    6.5300027360E-01    2.1164788192E-01
    6.5350027360E-01    2.1107409910E-01
    6.5400027360E-01    2.1050108336E-01
    6.5450027360E-01    2.0992883514E-01
    6.5500027360E-01    2.0935735491E-01
    6.5550027360E-01    2.0878664309E-01
    6.5600027360E-01    2.0821670015E-01
    6.5650027360E-01    2.0764752652E-01
    6.5700027360E-01    2.0707912263E-01
    6.5750027360E-01    2.0651148892E-01
    6.5800027360E-01    2.0594462582E-01
    6.5850027360E-01    2.0537853375E-01
    6.5900027360E-01    2.0481321313E-01
    6.5950027360E-01    2.0424866439E-01
    6.6000027360E-01    2.0368488793E-01
    6.6050027360E-01    2.0312188416E-01
    6.6100027360E-01    2.0255965350E-01
    6.6150027360E-01    2.0199819635E-01
    6.6200027360E-01    2.0143751310E-01
    6.6250027360E-01    2.0087760415E-01
    6.6300027360E-01    2.0031846989E-01
    6.6350027360E-01    1.9976011072E-01
    6.6400027360E-01    1.9920252701E-01
    6.6450027360E-01    1.9864571916E-01
    6.6500027360E-01    1.9808968753E-01
    6.6550027360E-01    1.9753443250E-01
    6.6600027360E-01    1.9697995444E-01
    6.6650027360E-01    1.9642625372E-01
    6.6700027360E-01    1.9587333071E-01
    6.6750027360E-01    1.9532118575E-01
    6.6800027360E-01    1.9476981922E-01
    6.6850027360E-01    1.9421923146E-01
    6.6900027360E-01    1.9366942282E-01
    6.6950027360E-01    1.9312039364E-01
    6.7000027360E-01    1.9257214428E-01
    6.7050027360E-01    1.9202467506E-01
    6.7100027360E-01    1.9147798633E-01
    6.7150027360E-01    1.9093207841E-01
    6.7200027360E-01    1.9038695163E-01
    6.7250027360E-01    1.8984260633E-01
    6.7300027360E-01    1.8929904281E-01
    6.7350027360E-01    1.8875626140E-01
    6.7400027360E-01    1.8821426241E-01
    6.7450027360E-01    1.8767304616E-01
    6.7500027360E-01    1.8713261294E-01
    6.7550027360E-01    1.8659296307E-01
    6.7600027360E-01    1.8605409684E-01
    6.7650027360E-01    1.8551601456E-01
    6.7700027360E-01    1.8497871650E-01
    6.7750027360E-01    1.8444220298E-01
    6.7800027360E-01    1.8390647426E-01
    6.7850027360E-01    1.8337153065E-01
    6.7900027360E-01    1.8283737240E-01
    6.7950027360E-01    1.8230399981E-01
    6.8000027360E-01    1.8177141315E-01
    6.8050027360E-01    1.8123961268E-01
    6.8100027360E-01    1.8070859867E-01
    6.8150027360E-01    1.8017837139E-01
    6.8200027360E-01    1.7964893109E-01
    6.8250027360E-01    1.7912027803E-01
    6.8300027360E-01    1.7859241246E-01
    6.8350027360E-01    1.7806533464E-01
    6.8400027360E-01    1.7753904481E-01
    6.8450027360E-01    1.7701354322E-01
    6.8500027360E-01    1.7648883009E-01
    6.8550027360E-01    1.7596490568E-01
    6.8600027360E-01    1.7544177021E-01
    6.8650027360E-01    1.7491942391E-01
    6.8700027360E-01    1.7439786701E-01
    6.8750027360E-01    1.7387709973E-01
    6.8800027360E-01    1.7335712229E-01
    6.8850027360E-01    1.7283793491E-01
    6.8900027360E-01    1.7231953781E-01
    6.8950027360E-01    1.7180193119E-01
    6.9000027360E-01    1.7128511526E-01
    6.9050027360E-01    1.7076909022E-01
    6.9100027360E-01    1.7025385628E-01
    6.9150027360E-01    1.6973941362E-01
    6.9200027360E-01    1.6922576246E-01
    6.9250027360E-01    1.6871290297E-01
    6.9300027360E-01    1.6820083535E-01
    6.9350027360E-01    1.6768955977E-01
    6.9400027360E-01    1.6717907643E-01
    6.9450027360E-01    1.6666938549E-01
    6.9500027360E-01    1.6616048714E-01
    6.9550027360E-01    1.6565238154E-01
    6.9600027360E-01    1.6514506887E-01
    6.9650027360E-01    1.6463854929E-01
    6.9700027360E-01    1.6413282296E-01
    6.9750027360E-01    1.6362789004E-01
    6.9800027360E-01    1.6312375069E-01
    6.9850027360E-01    1.6262040507E-01
    6.9900027360E-01    1.6211785331E-01
    6.9950027360E-01    1.6161609557E-01
    7.0000027360E-01    1.6111513200E-01
    7.0050027360E-01    1.6061496273E-01
    7.0100027360E-01    1.6011558790E-01
    7.0150027360E-01    1.5961700764E-01
    7.0200027360E-01    1.5911922209E-01
    7.0250027360E-01    1.5862223138E-01
    7.0300027360E-01    1.5812603563E-01
    7.0350027360E-01    1.5763063496E-01
    7.0400027360E-01    1.5713602950E-01
    7.0450027360E-01    1.5664221936E-01
    7.0500027360E-01    1.5614920465E-01
    7.0550027360E-01    1.5565698548E-01
    7.0600027360E-01    1.5516556196E-01
    7.0650027360E-01    1.5467493420E-01
    7.0700027360E-01    1.5418510230E-01
    7.0750027360E-01    1.5369606635E-01
    7.0800027360E-01    1.5320782646E-01
    7.0850027360E-01    1.5272038271E-01
    7.0900027360E-01    1.5223373519E-01
    7.0950027360E-01    1.5174788400E-01
    7.1000027360E-01    1.5126282920E-01
    7.1050027360E-01    1.5077857090E-01
    7.1100027360E-01    1.5029510916E-01
    7.1150027360E-01    1.4981244405E-01
    7.1200027360E-01    1.4933057566E-01
    7.1250027360E-01    1.4884950405E-01
    7.1300027360E-01    1.4836922928E-01
    7.1350027360E-01    1.4788975143E-01
    7.1400027360E-01    1.4741107055E-01
    7.1450027360E-01    1.4693318670E-01
    7.1500027360E-01    1.4645609993E-01
    7.1550027360E-01    1.4597981030E-01
    7.1600027360E-01    1.4550431785E-01
    7.1650027360E-01    1.4502962264E-01
    7.1700027360E-01    1.4455572471E-01
    7.1750027360E-01    1.4408262409E-01
    7.1800027360E-01    1.4361032083E-01
    7.1850027360E-01    1.4313881496E-01
    7.1900027360E-01    1.4266810652E-01
    7.1950027360E-01    1.4219819553E-01
    7.2000027360E-01    1.4172908202E-01
    7.2050027360E-01    1.4126076601E-01
    7.2100027360E-01    1.4079324754E-01
    7.2150027360E-01    1.4032652661E-01
    7.2200027360E-01    1.3986060325E-01
    7.2250027360E-01    1.3939547746E-01
    7.2300027360E-01    1.3893114926E-01
    7.2350027360E-01    1.3846761865E-01
    7.2400027360E-01    1.3800488565E-01
    7.2450027360E-01    1.3754295025E-01
    7.2500027360E-01    1.3708181245E-01
    7.2550027360E-01    1.3662147226E-01
    7.2600027360E-01    1.3616192966E-01
    7.2650027360E-01    1.3570318465E-01
    7.2700027360E-01    1.3524523722E-01
    7.2750027360E-01    1.3478808735E-01
    7.2800027360E-01    1.3433173503E-01
    7.2850027360E-01    1.3387618024E-01
    7.2900027360E-01    1.3342142297E-01
    7.2950027360E-01    1.3296746318E-01
    7.3000027360E-01    1.3251430085E-01
    7.3050027360E-01    1.3206193595E-01
    7.3100027360E-01    1.3161036846E-01
    7.3150027360E-01    1.3115959833E-01
    7.3200027360E-01    1.3070962553E-01
    7.3250027360E-01    1.3026045002E-01
    7.3300027360E-01    1.2981207177E-01
    7.3350027360E-01    1.2936449072E-01
    7.3400027360E-01    1.2891770683E-01
    7.3450027360E-01    1.2847172005E-01
    7.3500027360E-01    1.2802653033E-01
    7.3550027360E-01    1.2758213762E-01
    7.3600027360E-01    1.2713854186E-01
    7.3650027360E-01    1.2669574300E-01
    7.3700027360E-01    1.2625374096E-01
    7.3750027360E-01    1.2581253568E-01
    7.3800027360E-01    1.2537212711E-01
    7.3850027360E-01    1.2493251517E-01
    7.3900027360E-01    1.2449369979E-01
    7.3950027360E-01    1.2405568090E-01
    7.4000027360E-01    1.2361845842E-01
    7.4050027360E-01    1.2318203228E-01
    7.4100027360E-01    1.2274640239E-01
    7.4150027360E-01    1.2231156867E-01
    7.4200027360E-01    1.2187753103E-01
    7.4250027360E-01    1.2144428939E-01
    7.4300027360E-01    1.2101184366E-01
    7.4350027360E-01    1.2058019375E-01
    7.4400027360E-01    1.2014933955E-01
    7.4450027360E-01    1.1971928098E-01
    7.4500027360E-01    1.1929001794E-01
    7.4550027360E-01    1.1886155032E-01
    7.4600027360E-01    1.1843387801E-01
    7.4650027360E-01    1.1800700093E-01
    7.4700027360E-01    1.1758091894E-01
    7.4750027360E-01    1.1715563196E-01
    7.4800027360E-01    1.1673113985E-01
    7.4850027360E-01    1.1630744251E-01
    7.4900027360E-01    1.1588453982E-01
    7.4950027360E-01    1.1546243167E-01
    7.5000027360E-01    1.1504111792E-01
    7.5050027360E-01    1.1462059845E-01
    7.5100027360E-01    1.1420087315E-01
    7.5150027360E-01    1.1378194187E-01
    7.5200027360E-01    1.1336380450E-01
    7.5250027360E-01    1.1294646089E-01
    7.5300027360E-01    1.1252991091E-01
    7.5350027360E-01    1.1211415444E-01
    7.5400027360E-01    1.1169919132E-01
    7.5450027360E-01    1.1128502141E-01
    7.5500027360E-01    1.1087164458E-01
    7.5550027360E-01    1.1045906067E-01
    7.5600027360E-01    1.1004726955E-01
    7.5650027360E-01    1.0963627105E-01
    7.5700027360E-01    1.0922606504E-01
    7.5750027360E-01    1.0881665135E-01
    7.5800027360E-01    1.0840802983E-01
    7.5850027360E-01    1.0800020032E-01
    7.5900027360E-01    1.0759316267E-01
    7.5950027360E-01    1.0718691670E-01
    7.6000027360E-01    1.0678146227E-01
    7.6050027360E-01    1.0637679919E-01
    7.6100027360E-01    1.0597292731E-01
    7.6150027360E-01    1.0556984645E-01
    7.6200027360E-01    1.0516755645E-01
    7.6250027360E-01    1.0476605712E-01
    7.6300027360E-01    1.0436534830E-01
    7.6350027360E-01    1.0396542980E-01
    7.6400027360E-01    1.0356630145E-01
    7.6450027360E-01    1.0316796306E-01
    7.6500027360E-01    1.0277041446E-01
    7.6550027360E-01    1.0237365545E-01
    7.6600027360E-01    1.0197768585E-01
    7.6650027360E-01    1.0158250547E-01
    7.6700027360E-01    1.0118811412E-01
    7.6750027360E-01    1.0079451161E-01
    7.6800027360E-01    1.0040169774E-01
    7.6850027360E-01    1.0000967232E-01
    7.6900027360E-01    9.9618435145E-02
    7.6950027360E-01    9.9227986020E-02
    7.7000027360E-01    9.8838324741E-02
    7.7050027360E-01    9.8449451106E-02
    7.7100027360E-01    9.8061364909E-02
    7.7150027360E-01    9.7674065943E-02
    7.7200027360E-01    9.7287553999E-02
    7.7250027360E-01    9.6901828866E-02
    7.7300027360E-01    9.6516890333E-02
    7.7350027360E-01    9.6132738185E-02
    7.7400027360E-01    9.5749372207E-02
    7.7450027360E-01    9.5366792181E-02
    7.7500027360E-01    9.4984997888E-02
    7.7550027360E-01    9.4603989107E-02
    7.7600027360E-01    9.4223765616E-02
    7.7650027360E-01    9.3844327191E-02
    7.7700027360E-01    9.3465673606E-02
    7.7750027360E-01    9.3087804633E-02
    7.7800027360E-01    9.2710720044E-02
    7.7850027360E-01    9.2334419607E-02
    7.7900027360E-01    9.1958903091E-02
    7.7950027360E-01    9.1584170262E-02
    7.8000027360E-01    9.1210220884E-02
    7.8050027360E-01    9.0837054721E-02
    7.8100027360E-01    9.0464671533E-02
    7.8150027360E-01    9.0093071082E-02
    7.8200027360E-01    8.9722253124E-02
    7.8250027360E-01    8.9352217417E-02
    7.8300027360E-01    8.8982963717E-02
    7.8350027360E-01    8.8614491776E-02
    7.8400027360E-01    8.8246801349E-02
    7.8450027360E-01    8.7879892184E-02
    7.8500027360E-01    8.7513764033E-02
    7.8550027360E-01    8.7148416642E-02
    7.8600027360E-01    8.6783849759E-02
    7.8650027360E-01    8.6420063128E-02
    7.8700027360E-01    8.6057056493E-02
    7.8750027360E-01    8.5694829597E-02
    7.8800027360E-01    8.5333382180E-02
    7.8850027360E-01    8.4972713981E-02
    7.8900027360E-01    8.4612824739E-02
    7.8950027360E-01    8.4253714191E-02
    7.9000027360E-01    8.3895382072E-02
    7.9050027360E-01    8.3537828117E-02
    7.9100027360E-01    8.3181052057E-02
    7.9150027360E-01    8.2825053624E-02
    7.9200027360E-01    8.2469832549E-02
    7.9250027360E-01    8.2115388560E-02
    7.9300027360E-01    8.1761721385E-02
    7.9350027360E-01    8.1408830751E-02
    7.9400027360E-01    8.1056716381E-02
    7.9450027360E-01    8.0705378002E-02
    7.9500027360E-01    8.0354815334E-02
    7.9550027360E-01    8.0005028099E-02
    7.9600027360E-01    7.9656016017E-02
    7.9650027360E-01    7.9307778809E-02
    7.9700027360E-01    7.8960316190E-02
    7.9750027360E-01    7.8613627879E-02
    7.9800027360E-01    7.8267713590E-02
    7.9850027360E-01    7.7922573039E-02
    7.9900027360E-01    7.7578205938E-02
    7.9950027360E-01    7.7234611999E-02
    8.0000027360E-01    7.6891790934E-02
    8.0050027360E-01    7.6549742453E-02
    8.0100027360E-01    7.6208466264E-02
    8.0150027360E-01    7.5867962075E-02
    8.0200027360E-01    7.5528229594E-02
    8.0250027360E-01    7.5189268526E-02
    8.0300027360E-01    7.4851078576E-02
    8.0350027360E-01    7.4513659448E-02
    8.0400027360E-01    7.4177010844E-02
    8.0450027360E-01    7.3841132466E-02
    8.0500027360E-01    7.3506024016E-02
    8.0550027360E-01    7.3171685192E-02
    8.0600027360E-01    7.2838115695E-02
    8.0650027360E-01    7.2505315222E-02
    8.0700027360E-01    7.2173283470E-02
    8.0750027360E-01    7.1842020135E-02
    8.0800027360E-01    7.1511524913E-02
    8.0850027360E-01    7.1181797499E-02
    8.0900027360E-01    7.0852837585E-02
    8.0950027360E-01    7.0524644866E-02
    8.1000027360E-01    7.0197219032E-02
    8.1050027360E-01    6.9870559775E-02
    8.1100027360E-01    6.9544666785E-02
    8.1150027360E-01    6.9219539752E-02
    8.1200027360E-01    6.8895178365E-02
    8.1250027360E-01    6.8571582312E-02
    8.1300027360E-01    6.8248751279E-02
    8.1350027360E-01    6.7926684955E-02
    8.1400027360E-01    6.7605383024E-02
    8.1450027360E-01    6.7284845172E-02
    8.1500027360E-01    6.6965071083E-02
    8.1550027360E-01    6.6646060442E-02
    8.1600027360E-01    6.6327812931E-02
    8.1650027360E-01    6.6010328233E-02
    8.1700027360E-01    6.5693606030E-02
    8.1750027360E-01    6.5377646003E-02
    8.1800027360E-01    6.5062447834E-02
    8.1850027360E-01    6.4748011202E-02
    8.1900027360E-01    6.4434335786E-02
    8.1950027360E-01    6.4121421267E-02
    8.2000027360E-01    6.3809267323E-02
    8.2050027360E-01    6.3497873631E-02
    8.2100027360E-01    6.3187239869E-02
    8.2150027360E-01    6.2877365714E-02
    8.2200027360E-01    6.2568250844E-02
    8.2250027360E-01    6.2259894933E-02
    8.2300027360E-01    6.1952297659E-02
    8.2350027360E-01    6.1645458695E-02
    8.2400027360E-01    6.1339377718E-02
    8.2450027360E-01    6.1034054401E-02
    8.2500027360E-01    6.0729488420E-02
    8.2550027360E-01    6.0425679446E-02
    8.2600027360E-01    6.0122627155E-02
    8.2650027360E-01    5.9820331220E-02
    8.2700027360E-01    5.9518791312E-02
    8.2750027360E-01    5.9218007106E-02
    8.2800027360E-01    5.8917978272E-02
    8.2850027360E-01    5.8618704484E-02
    8.2900027360E-01    5.8320185414E-02
    8.2950027360E-01    5.8022420731E-02
    8.3000027360E-01    5.7725410110E-02
    8.3050027360E-01    5.7429153220E-02
    8.3100027360E-01    5.7133649732E-02
    8.3150027360E-01    5.6838899318E-02
    8.3200027360E-01    5.6544901649E-02
    8.3250027360E-01    5.6251656395E-02
    8.3300027360E-01    5.5959163228E-02
    8.3350027360E-01    5.5667421817E-02
    8.3400027360E-01    5.5376431833E-02
    8.3450027360E-01    5.5086192947E-02
    8.3500027360E-01    5.4796704829E-02
    8.3550027360E-01    5.4507967150E-02
    8.3600027360E-01    5.4219979580E-02
    8.3650027360E-01    5.3932741790E-02
    8.3700027360E-01    5.3646253451E-02
    8.3750027360E-01    5.3360514234E-02
    8.3800027360E-01    5.3075523808E-02
    8.3850027360E-01    5.2791281846E-02
    8.3900027360E-01    5.2507788018E-02
    8.3950027360E-01    5.2225041996E-02
    8.4000027360E-01    5.1943043451E-02
    8.4050027360E-01    5.1661792055E-02
    8.4100027360E-01    5.1381287480E-02
    8.4150027360E-01    5.1101529398E-02
    8.4200027360E-01    5.0822517481E-02
    8.4250027360E-01    5.0544251402E-02
    8.4300027360E-01    5.0266730834E-02
    8.4350027360E-01    4.9989955450E-02
    8.4400027360E-01    4.9713924925E-02
    8.4450027360E-01    4.9438638932E-02
    8.4500027360E-01    4.9164097146E-02
    8.4550027360E-01    4.8890299241E-02
    8.4600027360E-01    4.8617244893E-02
    8.4650027360E-01    4.8344933778E-02
    8.4700027360E-01    4.8073365572E-02
    8.4750027360E-01    4.7802539952E-02
    8.4800027360E-01    4.7532456594E-02
    8.4850027360E-01    4.7263115178E-02
    8.4900027360E-01    4.6994515381E-02
    8.4950027360E-01    4.6726656883E-02
    8.5000027360E-01    4.6459539363E-02
    8.5050027360E-01    4.6193162502E-02
    8.5100027360E-01    4.5927525980E-02
    8.5150027360E-01    4.5662629479E-02
    8.5200027360E-01    4.5398472682E-02
    8.5250027360E-01    4.5135055271E-02
    8.5300027360E-01    4.4872376931E-02
    8.5350027360E-01    4.4610437347E-02
    8.5400027360E-01    4.4349236204E-02
    8.5450027360E-01    4.4088773188E-02
    8.5500027360E-01    4.3829047987E-02
    8.5550027360E-01    4.3570060289E-02
    8.5600027360E-01    4.3311809782E-02
    8.5650027360E-01    4.3054296158E-02
    8.5700027360E-01    4.2797519107E-02
    8.5750027360E-01    4.2541478320E-02
    8.5800027360E-01    4.2286173492E-02
    8.5850027360E-01    4.2031604317E-02
    8.5900027360E-01    4.1777770489E-02
    8.5950027360E-01    4.1524671704E-02
    8.6000027360E-01    4.1272307661E-02
    8.6050027360E-01    4.1020678059E-02
    8.6100027360E-01    4.0769782596E-02
    8.6150027360E-01    4.0519620974E-02
    8.6200027360E-01    4.0270192895E-02
    8.6250027360E-01    4.0021498064E-02
    8.6300027360E-01    3.9773536185E-02
    8.6350027360E-01    3.9526306964E-02
    8.6400027360E-01    3.9279810110E-02
    8.6450027360E-01    3.9034045330E-02
    8.6500027360E-01    3.8789012337E-02
    8.6550027360E-01    3.8544710842E-02
    8.6600027360E-01    3.8301140558E-02
    8.6650027360E-01    3.8058301202E-02
    8.6700027360E-01    3.7816192488E-02
    8.6750027360E-01    3.7574814137E-02
    8.6800027360E-01    3.7334165868E-02
    8.6850027360E-01    3.7094247402E-02
    8.6900027360E-01    3.6855058462E-02
    8.6950027360E-01    3.6616598775E-02
    8.7000027360E-01    3.6378868067E-02
    8.7050027360E-01    3.6141866067E-02
    8.7100027360E-01    3.5905592505E-02
    8.7150027360E-01    3.5670047113E-02
    8.7200027360E-01    3.5435229627E-02
    8.7250027360E-01    3.5201139782E-02
    8.7300027360E-01    3.4967777318E-02
    8.7350027360E-01    3.4735141974E-02
    8.7400027360E-01    3.4503233493E-02
    8.7450027360E-01    3.4272051619E-02
    8.7500027360E-01    3.4041596100E-02
    8.7550027360E-01    3.3811866684E-02
    8.7600027360E-01    3.3582863123E-02
    8.7650027360E-01    3.3354585170E-02
    8.7700027360E-01    3.3127032581E-02
    8.7750027360E-01    3.2900205115E-02
    8.7800027360E-01    3.2674102531E-02
    8.7850027360E-01    3.2448724594E-02
    8.7900027360E-01    3.2224071068E-02
    8.7950027360E-01    3.2000141722E-02
    8.8000027360E-01    3.1776936327E-02
    8.8050027360E-01    3.1554454655E-02
    8.8100027360E-01    3.1332696483E-02
    8.8150027360E-01    3.1111661590E-02
    8.8200027360E-01    3.0891349757E-02
    8.8250027360E-01    3.0671760769E-02
    8.8300027360E-01    3.0452894413E-02
    8.8350027360E-01    3.0234750478E-02
    8.8400027360E-01    3.0017328759E-02
    8.8450027360E-01    2.9800629050E-02
    8.8500027360E-01    2.9584651153E-02
    8.8550027360E-01    2.9369394867E-02
    8.8600027360E-01    2.9154860001E-02
    8.8650027360E-01    2.8941046361E-02
    8.8700027360E-01    2.8727953760E-02
    8.8750027360E-01    2.8515582013E-02
    8.8800027360E-01    2.8303930940E-02
    8.8850027360E-01    2.8093000362E-02
    8.8900027360E-01    2.7882790105E-02
    8.8950027360E-01    2.7673299998E-02
    8.9000027360E-01    2.7464529875E-02
    8.9050027360E-01    2.7256479571E-02
    8.9100027360E-01    2.7049148928E-02
    8.9150027360E-01    2.6842537789E-02
    8.9200027360E-01    2.6636646002E-02
    8.9250027360E-01    2.6431473420E-02
    8.9300027360E-01    2.6227019898E-02
    8.9350027360E-01    2.6023285297E-02
    8.9400027360E-01    2.5820269480E-02
    8.9450027360E-01    2.5617972316E-02
    8.9500027360E-01    2.5416393678E-02
    8.9550027360E-01    2.5215533442E-02
    8.9600027360E-01    2.5015391490E-02
    8.9650027360E-01    2.4815967709E-02
    8.9700027360E-01    2.4617261987E-02
    8.9750027360E-01    2.4419274221E-02
    8.9800027360E-01    2.4222004310E-02
    8.9850027360E-01    2.4025452159E-02
    8.9900027360E-01    2.3829617677E-02
    8.9950027360E-01    2.3634500779E-02
    9.0000027360E-01    2.3440101384E-02
    9.0050027360E-01    2.3246419416E-02
    9.0100027360E-01    2.3053454805E-02
    9.0150027360E-01    2.2861207487E-02
    9.0200027360E-01    2.2669677401E-02
    9.0250027360E-01    2.2478864494E-02
    9.0300027360E-01    2.2288768716E-02
    9.0350027360E-01    2.2099390025E-02
    9.0400027360E-01    2.1910728383E-02
    9.0450027360E-01    2.1722783759E-02
    9.0500027360E-01    2.1535556128E-02
    9.0550027360E-01    2.1349045469E-02
    9.0600027360E-01    2.1163251769E-02
    9.0650027360E-01    2.0978175022E-02
    9.0700027360E-01    2.0793815225E-02
    9.0750027360E-01    2.0610172385E-02
    9.0800027360E-01    2.0427246514E-02
    9.0850027360E-01    2.0245037630E-02
    9.0900027360E-01    2.0063545758E-02
    9.0950027360E-01    1.9882770932E-02
    9.1000027360E-01    1.9702713190E-02
    9.1050027360E-01    1.9523372578E-02
    9.1100027360E-01    1.9344749151E-02
    9.1150027360E-01    1.9166842969E-02
    9.1200027360E-01    1.8989654100E-02
    9.1250027360E-01    1.8813182621E-02
    9.1300027360E-01    1.8637428615E-02
    9.1350027360E-01    1.8462392173E-02
    9.1400027360E-01    1.8288073396E-02
    9.1450027360E-01    1.8114472390E-02
    9.1500027360E-01    1.7941589273E-02
    9.1550027360E-01    1.7769424167E-02
    9.1600027360E-01    1.7597977206E-02
    9.1650027360E-01    1.7427248531E-02
    9.1700027360E-01    1.7257238294E-02
    9.1750027360E-01    1.7087946652E-02
    9.1800027360E-01    1.6919373776E-02
    9.1850027360E-01    1.6751519842E-02
    9.1900027360E-01    1.6584385039E-02
    9.1950027360E-01    1.6417969563E-02
    9.2000027360E-01    1.6252273621E-02
    9.2050027360E-01    1.6087297431E-02
    9.2100027360E-01    1.5923041219E-02
    9.2150027360E-01    1.5759505222E-02
    9.2200027360E-01    1.5596689690E-02
    9.2250027360E-01    1.5434594880E-02
    9.2300027360E-01    1.5273221063E-02
    9.2350027360E-01    1.5112568520E-02
    9.2400027360E-01    1.4952637542E-02
    9.2450027360E-01    1.4793428434E-02
    9.2500027360E-01    1.4634941512E-02
    9.2550027360E-01    1.4477177102E-02
    9.2600027360E-01    1.4320135546E-02
    9.2650027360E-01    1.4163817196E-02
    9.2700027360E-01    1.4008222415E-02
    9.2750027360E-01    1.3853351584E-02
    9.2800027360E-01    1.3699205092E-02
    9.2850027360E-01    1.3545783346E-02
    9.2900027360E-01    1.3393086762E-02
    9.2950027360E-01    1.3241115774E-02
    9.3000027360E-01    1.3089870828E-02
    9.3050027360E-01    1.2939352385E-02
    9.3100027360E-01    1.2789560922E-02
    9.3150027360E-01    1.2640496929E-02
    9.3200027360E-01    1.2492160914E-02
    9.3250027360E-01    1.2344553398E-02
    9.3300027360E-01    1.2197674920E-02
    9.3350027360E-01    1.2051526035E-02
    9.3400027360E-01    1.1906107314E-02
    9.3450027360E-01    1.1761419346E-02
    9.3500027360E-01    1.1617462736E-02
    9.3550027360E-01    1.1474238109E-02
    9.3600027360E-01    1.1331746106E-02
    9.3650027360E-01    1.1189987388E-02
    9.3700027360E-01    1.1048962634E-02
    9.3750027360E-01    1.0908672543E-02
    9.3800027360E-01    1.0769117834E-02
    9.3850027360E-01    1.0630299244E-02
    9.3900027360E-01    1.0492217535E-02
    9.3950027360E-01    1.0354873485E-02
    9.4000027360E-01    1.0218267897E-02
    9.4050027360E-01    1.0082401596E-02
    9.4100027360E-01    9.9472754270E-03
    9.4150027360E-01    9.8128902605E-03
    9.4200027360E-01    9.6792469897E-03
    9.4250027360E-01    9.5463465319E-03
    9.4300027360E-01    9.4141898292E-03
    9.4350027360E-01    9.2827778489E-03
    9.4400027360E-01    9.1521115843E-03
    9.4450027360E-01    9.0221920550E-03
    9.4500027360E-01    8.8930203079E-03
    9.4550027360E-01    8.7645974175E-03
    9.4600027360E-01    8.6369244870E-03
    9.4650027360E-01    8.5100026484E-03
    9.4700027360E-01    8.3838330640E-03
    9.4750027360E-01    8.2584169262E-03
    9.4800027360E-01    8.1337554593E-03
    9.4850027360E-01    8.0098499196E-03
    9.4900027360E-01    7.8867015962E-03
    9.4950027360E-01    7.7643118125E-03
    9.5000027360E-01    7.6426819263E-03
    9.5050027360E-01    7.5218133313E-03
    9.5100027360E-01    7.4017074577E-03
    9.5150027360E-01    7.2823657735E-03
    9.5200027360E-01    7.1637897850E-03
    9.5250027360E-01    7.0459810386E-03
    9.5300027360E-01    6.9289411212E-03
    9.5350027360E-01    6.8126716617E-03
    9.5400027360E-01    6.6971743323E-03
    9.5450027360E-01    6.5824508493E-03
    9.5500027360E-01    6.4685029749E-03
    9.5550027360E-01    6.3553325179E-03
    9.5600027360E-01    6.2429413358E-03
    9.5650027360E-01    6.1313313356E-03
    9.5700027360E-01    6.0205044759E-03
    9.5750027360E-01    5.9104627678E-03
    9.5800027360E-01    5.8012082770E-03
    9.5850027360E-01    5.6927431254E-03
    9.5900027360E-01    5.5850694929E-03
    9.5950027360E-01    5.4781896189E-03
    9.6000027360E-01    5.3721058047E-03
    9.6050027360E-01    5.2668204153E-03
    9.6100027360E-01    5.1623358814E-03
    9.6150027360E-01    5.0586547018E-03
    9.6200027360E-01    4.9557794455E-03
    9.6250027360E-01    4.8537127544E-03
    9.6300027360E-01    4.7524573454E-03
    9.6350027360E-01    4.6520160134E-03
    9.6400027360E-01    4.5523916339E-03
    9.6450027360E-01    4.4535871660E-03
    9.6500027360E-01    4.3556056554E-03
    9.6550027360E-01    4.2584502376E-03
    9.6600027360E-01    4.1621241413E-03
    9.6650027360E-01    4.0666306920E-03
    9.6700027360E-01    3.9719733157E-03
    9.6750027360E-01    3.8781555427E-03
    9.6800027360E-01    3.7851810121E-03
    9.6850027360E-01    3.6930534760E-03
    9.6900027360E-01    3.6017768040E-03
    9.6950027360E-01    3.5113549883E-03
    9.7000027360E-01    3.4217921489E-03
    9.7050027360E-01    3.3330925392E-03
    9.7100027360E-01    3.2452605513E-03
    9.7150027360E-01    3.1583007231E-03
    9.7200027360E-01    3.0722177441E-03
    9.7250027360E-01    2.9870164626E-03
    9.7300027360E-01    2.9027018936E-03
    9.7350027360E-01    2.8192792260E-03
    9.7400027360E-01    2.7367538319E-03
    9.7450027360E-01    2.6551312750E-03
    9.7500027360E-01    2.5744173206E-03
    9.7550027360E-01    2.4946179461E-03
    9.7600027360E-01    2.4157393520E-03
    9.7650027360E-01    2.3377879737E-03
    9.7700027360E-01    2.2607704949E-03
    9.7750027360E-01    2.1846938610E-03
    9.7800027360E-01    2.1095652943E-03
    9.7850027360E-01    2.0353923105E-03
    9.7900027360E-01    1.9621827355E-03
    9.7950027360E-01    1.8899447253E-03
    9.8000027360E-01    1.8186867860E-03
    9.8050027360E-01    1.7484177970E-03
    9.8100027360E-01    1.6791470351E-03
    9.8150027360E-01    1.6108842016E-03
    9.8200027360E-01    1.5436394519E-03
    9.8250027360E-01    1.4774234281E-03
    9.8300027360E-01    1.4122472944E-03
    9.8350027360E-01    1.3481227769E-03
    9.8400027360E-01    1.2850622075E-03
    9.8450027360E-01    1.2230785723E-03
    9.8500027360E-01    1.1621855663E-03
    9.8550027360E-01    1.1023976540E-03
    9.8600027360E-01    1.0437301378E-03
    9.8650027360E-01    9.8619923524E-04
    9.8700027360E-01    9.2982216589E-04
    9.8750027360E-01    8.7461725110E-04
    9.8800027360E-01    8.2060402742E-04
    9.8850027360E-01    7.6780337720E-04
    9.8900027360E-01    7.1623767961E-04
    9.8950027360E-01    6.6593098624E-04
    9.9000027360E-01    6.1690922690E-04
    9.9050027360E-01    5.6920045244E-04
    9.9100027360E-01    5.2283512366E-04
    9.9150027360E-01    4.7784645818E-04
    9.9200027360E-01    4.3427085118E-04
    9.9250027360E-01    3.9214839141E-04
    9.9300027360E-01    3.5152350213E-04
    9.9350027360E-01    3.1244574876E-04
    9.9400027360E-01    2.7497087344E-04
    9.9450027360E-01    2.3916214552E-04
    9.9500027360E-01    2.0509216404E-04
    9.9550027360E-01    1.7284532726E-04
    9.9600027360E-01    1.4252132484E-04
    9.9650027360E-01    1.1424027139E-04
    9.9700027360E-01    8.8150631486E-05
    9.9750027360E-01    6.4442259763E-05
    9.9800027360E-01    4.3369809516E-05
    9.9850027360E-01    2.5300457164E-05
    9.9900027360E-01    1.0833840200E-05
    9.9950027360E-01    1.2781963677E-06
