    3.1796492275E-07    1.0000000000E+00
    5.0031796492E-04    9.9999958736E-01
    1.0003179649E-03    9.9999835045E-01
    1.5003179649E-03    9.9999628930E-01
    2.0003179649E-03    9.9999340390E-01
    2.5003179649E-03    9.9998969426E-01
    3.0003179649E-03    9.9998516038E-01
    3.5003179649E-03    9.9997980227E-01
    4.0003179649E-03    9.9997361994E-01
    4.5003179649E-03    9.9996661339E-01
    5.0003179649E-03    9.9995878264E-01
    5.5003179649E-03    9.9995012770E-01
    6.0003179649E-03    9.9994064859E-01
    6.5003179649E-03    9.9993034530E-01
    7.0003179649E-03    9.9991921787E-01
    7.5003179649E-03    9.9990726631E-01
    8.0003179649E-03    9.9989449063E-01
    8.5003179649E-03    9.9988089085E-01
    9.0003179649E-03    9.9986646700E-01
    9.5003179649E-03    9.9985121909E-01
    1.0000317965E-02    9.9983514716E-01
    1.0500317965E-02    9.9981825121E-01
    1.1000317965E-02    9.9980053128E-01
    1.1500317965E-02    9.9978198740E-01
    1.2000317965E-02    9.9976261958E-01
    1.2500317965E-02    9.9974242787E-01
    1.3000317965E-02    9.9972141228E-01
    1.3500317965E-02    9.9969957286E-01
    1.4000317965E-02    9.9967690963E-01
    1.4500317965E-02    9.9965342262E-01
    1.5000317965E-02    9.9962911188E-01
    1.5500317965E-02    9.9960397744E-01
    1.6000317965E-02    9.9957801933E-01
    1.6500317965E-02    9.9955123759E-01
    1.7000317965E-02    9.9952363227E-01
    1.7500317965E-02    9.9949520340E-01
    1.8000317965E-02    9.9946595103E-01
    1.8500317965E-02    9.9943587520E-01
    1.9000317965E-02    9.9940497595E-01
    1.9500317965E-02    9.9937325333E-01
    2.0000317965E-02    9.9934070739E-01
    2.0500317965E-02    9.9930733818E-01
    2.1000317965E-02    9.9927314574E-01
    2.1500317965E-02    9.9923813013E-01
    2.2000317965E-02    9.9920229139E-01
    2.2500317965E-02    9.9916562959E-01
    2.3000317965E-02    9.9912814477E-01
    2.3500317965E-02    9.9908983699E-01
    2.4000317965E-02    9.9905070631E-01
    2.4500317965E-02    9.9901075278E-01
    2.5000317965E-02    9.9896997647E-01
    2.5500317965E-02    9.9892837744E-01
    2.6000317965E-02    9.9888595574E-01
    2.6500317965E-02    9.9884271145E-01
    2.7000317965E-02    9.9879864461E-01
    2.7500317965E-02    9.9875375531E-01
    2.8000317965E-02    9.9870804361E-01
    2.8500317965E-02    9.9866150956E-01
    2.9000317965E-02    9.9861415326E-01
    2.9500317965E-02    9.9856597475E-01
    3.0000317965E-02    9.9851697412E-01
    3.0500317965E-02    9.9846715144E-01
    3.1000317965E-02    9.9841650678E-01
    3.1500317965E-02    9.9836504021E-01
    3.2000317965E-02    9.9831275182E-01
    3.2500317965E-02    9.9825964168E-01
    3.3000317965E-02    9.9820570987E-01
    3.3500317965E-02    9.9815095647E-01
    3.4000317965E-02    9.9809538155E-01
    3.4500317965E-02    9.9803898522E-01
    3.5000317965E-02    9.9798176753E-01
    3.5500317965E-02    9.9792372859E-01
    3.6000317965E-02    9.9786486848E-01
    3.6500317965E-02    9.9780518728E-01
    3.7000317965E-02    9.9774468509E-01
    3.7500317965E-02    9.9768336199E-01
    3.8000317965E-02    9.9762121807E-01
    3.8500317965E-02    9.9755825343E-01
    3.9000317965E-02    9.9749446816E-01
    3.9500317965E-02    9.9742986235E-01
    4.0000317965E-02    9.9736443610E-01
    4.0500317965E-02    9.9729818951E-01
    4.1000317965E-02    9.9723112268E-01
    4.1500317965E-02    9.9716323570E-01
    4.2000317965E-02    9.9709452868E-01
    4.2500317965E-02    9.9702500171E-01
    4.3000317965E-02    9.9695465490E-01
    4.3500317965E-02    9.9688348836E-01
    4.4000317965E-02    9.9681150219E-01
    4.4500317965E-02    9.9673869650E-01
    4.5000317965E-02    9.9666507139E-01
    4.5500317965E-02    9.9659062698E-01
    4.6000317965E-02    9.9651536337E-01
    4.6500317965E-02    9.9643928068E-01
    4.7000317965E-02    9.9636237902E-01
    4.7500317965E-02    9.9628465850E-01
    4.8000317965E-02    9.9620611924E-01
    4.8500317965E-02    9.9612676135E-01
    4.9000317965E-02    9.9604658496E-01
    4.9500317965E-02    9.9596559018E-01
    5.0000317965E-02    9.9588377713E-01
    5.0500317965E-02    9.9580114593E-01
    5.1000317965E-02    9.9571769671E-01
    5.1500317965E-02    9.9563342959E-01
    5.2000317965E-02    9.9554834469E-01
    5.2500317965E-02    9.9546244214E-01
    5.3000317965E-02    9.9537572208E-01
    5.3500317965E-02    9.9528818461E-01
    5.4000317965E-02    9.9519982989E-01
    5.4500317965E-02    9.9511065803E-01
    5.5000317965E-02    9.9502066917E-01
    5.5500317965E-02    9.9492986344E-01
    5.6000317965E-02    9.9483824099E-01
    5.6500317965E-02    9.9474580193E-01
    5.7000317965E-02    9.9465254642E-01
    5.7500317965E-02    9.9455847458E-01
    5.8000317965E-02    9.9446358657E-01
    5.8500317965E-02    9.9436788251E-01
    5.9000317965E-02    9.9427136255E-01
    5.9500317965E-02    9.9417402684E-01
    6.0000317965E-02    9.9407587551E-01
    6.0500317965E-02    9.9397690872E-01
    6.1000317965E-02    9.9387712661E-01
    6.1500317965E-02    9.9377652933E-01
    6.2000317965E-02    9.9367511703E-01
    6.2500317965E-02    9.9357288985E-01
    6.3000317965E-02    9.9346984795E-01
    6.3500317965E-02    9.9336599149E-01
    6.4000317965E-02    9.9326132061E-01
    6.4500317965E-02    9.9315583548E-01
    6.5000317965E-02    9.9304953624E-01
    6.5500317965E-02    9.9294242306E-01
    6.6000317965E-02    9.9283449609E-01
    6.6500317965E-02    9.9272575549E-01
    6.7000317965E-02    9.9261620143E-01
    6.7500317965E-02    9.9250583407E-01
    6.8000317965E-02    9.9239465357E-01
    6.8500317965E-02    9.9228266010E-01
    6.9000317965E-02    9.9216985382E-01
    6.9500317965E-02    9.9205623490E-01
    7.0000317965E-02    9.9194180350E-01
    7.0500317965E-02    9.9182655981E-01
    7.1000317965E-02    9.9171050398E-01
    7.1500317965E-02    9.9159363619E-01
    7.2000317965E-02    9.9147595662E-01
    7.2500317965E-02    9.9135746544E-01
    7.3000317965E-02    9.9123816281E-01
    7.3500317965E-02    9.9111804893E-01
    7.4000317965E-02    9.9099712397E-01
    7.4500317965E-02    9.9087538810E-01
    7.5000317965E-02    9.9075284152E-01
    7.5500317965E-02    9.9062948439E-01
    7.6000317965E-02    9.9050531691E-01
    7.6500317965E-02    9.9038033925E-01
    7.7000317965E-02    9.9025455160E-01
    7.7500317965E-02    9.9012795416E-01
    7.8000317965E-02    9.9000054709E-01
    7.8500317965E-02    9.8987233061E-01
    7.9000317965E-02    9.8974330488E-01
    7.9500317965E-02    9.8961347012E-01
    8.0000317965E-02    9.8948282650E-01
    8.0500317965E-02    9.8935137422E-01
    8.1000317965E-02    9.8921911349E-01
    8.1500317965E-02    9.8908604448E-01
    8.2000317965E-02    9.8895216740E-01
    8.2500317965E-02    9.8881748245E-01
    8.3000317965E-02    9.8868198983E-01
    8.3500317965E-02    9.8854568974E-01
    8.4000317965E-02    9.8840858238E-01
    8.4500317965E-02    9.8827066795E-01
    8.5000317965E-02    9.8813194666E-01
    8.5500317965E-02    9.8799241872E-01
    8.6000317965E-02    9.8785208432E-01
    8.6500317965E-02    9.8771094368E-01
    8.7000317965E-02    9.8756899701E-01
    8.7500317965E-02    9.8742624452E-01
    8.8000317965E-02    9.8728268642E-01
    8.8500317965E-02    9.8713832292E-01
    8.9000317965E-02    9.8699315423E-01
    8.9500317965E-02    9.8684718057E-01
    9.0000317965E-02    9.8670040217E-01
    9.0500317965E-02    9.8655281922E-01
    9.1000317965E-02    9.8640443196E-01
    9.1500317965E-02    9.8625524060E-01
    9.2000317965E-02    9.8610524537E-01
    9.2500317965E-02    9.8595444648E-01
    9.3000317965E-02    9.8580284416E-01
    9.3500317965E-02    9.8565043864E-01
    9.4000317965E-02    9.8549723014E-01
    9.4500317965E-02    9.8534321888E-01
    9.5000317965E-02    9.8518840509E-01
    9.5500317965E-02    9.8503278901E-01
    9.6000317965E-02    9.8487637087E-01
    9.6500317965E-02    9.8471915089E-01
    9.7000317965E-02    9.8456112931E-01
    9.7500317965E-02    9.8440230637E-01
    9.8000317965E-02    9.8424268229E-01
    9.8500317965E-02    9.8408225732E-01
    9.9000317965E-02    9.8392103168E-01
    9.9500317965E-02    9.8375900564E-01
    1.0000031796E-01    9.8359617941E-01
    1.0050031796E-01    9.8343255324E-01
    1.0100031796E-01    9.8326812738E-01
    1.0150031796E-01    9.8310290206E-01
    1.0200031796E-01    9.8293687754E-01
    1.0250031796E-01    9.8277005406E-01
    1.0300031796E-01    9.8260243186E-01
    1.0350031796E-01    9.8243401120E-01
    1.0400031796E-01    9.8226479232E-01
    1.0450031796E-01    9.8209477547E-01
    1.0500031796E-01    9.8192396091E-01
    1.0550031796E-01    9.8175234888E-01
    1.0600031796E-01    9.8157993965E-01
    1.0650031796E-01    9.8140673347E-01
    1.0700031796E-01    9.8123273059E-01
    1.0750031796E-01    9.8105793127E-01
    1.0800031796E-01    9.8088233577E-01
    1.0850031796E-01    9.8070594435E-01
    1.0900031796E-01    9.8052875727E-01
    1.0950031796E-01    9.8035077480E-01
    1.1000031796E-01    9.8017199720E-01
    1.1050031796E-01    9.7999242472E-01
    1.1100031796E-01    9.7981205765E-01
    1.1150031796E-01    9.7963089623E-01
    1.1200031796E-01    9.7944894075E-01
    1.1250031796E-01    9.7926619148E-01
    1.1300031796E-01    9.7908264867E-01
    1.1350031796E-01    9.7889831261E-01
    1.1400031796E-01    9.7871318357E-01
    1.1450031796E-01    9.7852726182E-01
    1.1500031796E-01    9.7834054763E-01
    1.1550031796E-01    9.7815304129E-01
    1.1600031796E-01    9.7796474307E-01
    1.1650031796E-01    9.7777565324E-01
    1.1700031796E-01    9.7758577210E-01
    1.1750031796E-01    9.7739509991E-01
    1.1800031796E-01    9.7720363696E-01
    1.1850031796E-01    9.7701138355E-01
    1.1900031796E-01    9.7681833993E-01
    1.1950031796E-01    9.7662450642E-01
    1.2000031796E-01    9.7642988329E-01
    1.2050031796E-01    9.7623447082E-01
    1.2100031796E-01    9.7603826932E-01
    1.2150031796E-01    9.7584127906E-01
    1.2200031796E-01    9.7564350035E-01
    1.2250031796E-01    9.7544493347E-01
    1.2300031796E-01    9.7524557871E-01
    1.2350031796E-01    9.7504543638E-01
    1.2400031796E-01    9.7484450677E-01
    1.2450031796E-01    9.7464279017E-01
    1.2500031796E-01    9.7444028689E-01
    1.2550031796E-01    9.7423699721E-01
    1.2600031796E-01    9.7403292146E-01
    1.2650031796E-01    9.7382805992E-01
    1.2700031796E-01    9.7362241289E-01
    1.2750031796E-01    9.7341598069E-01
    1.2800031796E-01    9.7320876362E-01
    1.2850031796E-01    9.7300076199E-01
    1.2900031796E-01    9.7279197609E-01
    1.2950031796E-01    9.7258240625E-01
    1.3000031796E-01    9.7237205277E-01
    1.3050031796E-01    9.7216091596E-01
    1.3100031796E-01    9.7194899614E-01
    1.3150031796E-01    9.7173629362E-01
    1.3200031796E-01    9.7152280870E-01
    1.3250031796E-01    9.7130854172E-01
    1.3300031796E-01    9.7109349298E-01
    1.3350031796E-01    9.7087766280E-01
    1.3400031796E-01    9.7066105151E-01
    1.3450031796E-01    9.7044365942E-01
    1.3500031796E-01    9.7022548685E-01
    1.3550031796E-01    9.7000653413E-01
    1.3600031796E-01    9.6978680158E-01
    1.3650031796E-01    9.6956628953E-01
    1.3700031796E-01    9.6934499829E-01
    1.3750031796E-01    9.6912292821E-01
    1.3800031796E-01    9.6890007960E-01
    1.3850031796E-01    9.6867645279E-01
    1.3900031796E-01    9.6845204813E-01
    1.3950031796E-01    9.6822686593E-01
    1.4000031796E-01    9.6800090653E-01
    1.4050031796E-01    9.6777417027E-01
    1.4100031796E-01    9.6754665748E-01
    1.4150031796E-01    9.6731836850E-01
    1.4200031796E-01    9.6708930365E-01
    1.4250031796E-01    9.6685946330E-01
    1.4300031796E-01    9.6662884776E-01
    1.4350031796E-01    9.6639745739E-01
    1.4400031796E-01    9.6616529252E-01
    1.4450031796E-01    9.6593235350E-01
    1.4500031796E-01    9.6569864068E-01
    1.4550031796E-01    9.6546415439E-01
    1.4600031796E-01    9.6522889498E-01
    1.4650031796E-01    9.6499286281E-01
    1.4700031796E-01    9.6475605822E-01
    1.4750031796E-01    9.6451848155E-01
    1.4800031796E-01    9.6428013317E-01
    1.4850031796E-01    9.6404101343E-01
    1.4900031796E-01    9.6380112267E-01
    1.4950031796E-01    9.6356046125E-01
    1.5000031796E-01    9.6331902953E-01
    1.5050031796E-01    9.6307682786E-01
    1.5100031796E-01    9.6283385661E-01
    1.5150031796E-01    9.6259011612E-01
    1.5200031796E-01    9.6234560677E-01
    1.5250031796E-01    9.6210032891E-01
    1.5300031796E-01    9.6185428290E-01
    1.5350031796E-01    9.6160746911E-01
    1.5400031796E-01    9.6135988790E-01
    1.5450031796E-01    9.6111153964E-01
    1.5500031796E-01    9.6086242469E-01
    1.5550031796E-01    9.6061254342E-01
    1.5600031796E-01    9.6036189621E-01
    1.5650031796E-01    9.6011048342E-01
    1.5700031796E-01    9.5985830542E-01
    1.5750031796E-01    9.5960536258E-01
    1.5800031796E-01    9.5935165529E-01
    1.5850031796E-01    9.5909718390E-01
    1.5900031796E-01    9.5884194881E-01
    1.5950031796E-01    9.5858595038E-01
    1.6000031796E-01    9.5832918900E-01
    1.6050031796E-01    9.5807166504E-01
    1.6100031796E-01    9.5781337888E-01
    1.6150031796E-01    9.5755433091E-01
    1.6200031796E-01    9.5729452150E-01
    1.6250031796E-01    9.5703395105E-01
    1.6300031796E-01    9.5677261993E-01
    1.6350031796E-01    9.5651052853E-01
    1.6400031796E-01    9.5624767724E-01
    1.6450031796E-01    9.5598406644E-01
    1.6500031796E-01    9.5571969653E-01
    1.6550031796E-01    9.5545456790E-01
    1.6600031796E-01    9.5518868093E-01
    1.6650031796E-01    9.5492203602E-01
    1.6700031796E-01    9.5465463356E-01
    1.6750031796E-01    9.5438647395E-01
    1.6800031796E-01    9.5411755758E-01
    1.6850031796E-01    9.5384788485E-01
    1.6900031796E-01    9.5357745616E-01
    1.6950031796E-01    9.5330627190E-01
    1.7000031796E-01    9.5303433248E-01
    1.7050031796E-01    9.5276163830E-01
    1.7100031796E-01    9.5248818976E-01
    1.7150031796E-01    9.5221398727E-01
    1.7200031796E-01    9.5193903122E-01
    1.7250031796E-01    9.5166332203E-01
    1.7300031796E-01    9.5138686009E-01
    1.7350031796E-01    9.5110964583E-01
    1.7400031796E-01    9.5083167964E-01
    1.7450031796E-01    9.5055296194E-01
    1.7500031796E-01    9.5027349314E-01
    1.7550031796E-01    9.4999327365E-01
    1.7600031796E-01    9.4971230388E-01
    1.7650031796E-01    9.4943058425E-01
    1.7700031796E-01    9.4914811518E-01
    1.7750031796E-01    9.4886489707E-01
    1.7800031796E-01    9.4858093036E-01
    1.7850031796E-01    9.4829621545E-01
    1.7900031796E-01    9.4801075277E-01
    1.7950031796E-01    9.4772454273E-01
    1.8000031796E-01    9.4743758577E-01
    1.8050031796E-01    9.4714988230E-01
    1.8100031796E-01    9.4686143274E-01
    1.8150031796E-01    9.4657223753E-01
    1.8200031796E-01    9.4628229709E-01
    1.8250031796E-01    9.4599161184E-01
    1.8300031796E-01    9.4570018222E-01
    1.8350031796E-01    9.4540800865E-01
    1.8400031796E-01    9.4511509157E-01
    1.8450031796E-01    9.4482143141E-01
    1.8500031796E-01    9.4452702859E-01
    1.8550031796E-01    9.4423188356E-01
    1.8600031796E-01    9.4393599675E-01
    1.8650031796E-01    9.4363936859E-01
    1.8700031796E-01    9.4334199952E-01
    1.8750031796E-01    9.4304388999E-01
    1.8800031796E-01    9.4274504042E-01
    1.8850031796E-01    9.4244545126E-01
    1.8900031796E-01    9.4214512296E-01
    1.8950031796E-01    9.4184405595E-01
    1.9000031796E-01    9.4154225067E-01
    1.9050031796E-01    9.4123970758E-01
    1.9100031796E-01    9.4093642712E-01
    1.9150031796E-01    9.4063240973E-01
    1.9200031796E-01    9.4032765587E-01
    1.9250031796E-01    9.4002216597E-01
    1.9300031796E-01    9.3971594050E-01
    1.9350031796E-01    9.3940897990E-01
    1.9400031796E-01    9.3910128463E-01
    1.9450031796E-01    9.3879285513E-01
    1.9500031796E-01    9.3848369187E-01
    1.9550031796E-01    9.3817379529E-01
    1.9600031796E-01    9.3786316586E-01
    1.9650031796E-01    9.3755180403E-01
    1.9700031796E-01    9.3723971026E-01
    1.9750031796E-01    9.3692688501E-01
    1.9800031796E-01    9.3661332875E-01
    1.9850031796E-01    9.3629904192E-01
    1.9900031796E-01    9.3598402500E-01
    1.9950031796E-01    9.3566827845E-01
    2.0000031796E-01    9.3535180273E-01
    2.0050031796E-01    9.3503459831E-01
    2.0100031796E-01    9.3471666566E-01
    2.0150031796E-01    9.3439800524E-01
    2.0200031796E-01    9.3407861753E-01
    2.0250031796E-01    9.3375850299E-01
    2.0300031796E-01    9.3343766210E-01
    2.0350031796E-01    9.3311609533E-01
    2.0400031796E-01    9.3279380314E-01
    2.0450031796E-01    9.3247078602E-01
    2.0500031796E-01    9.3214704444E-01
    2.0550031796E-01    9.3182257888E-01
    2.0600031796E-01    9.3149738982E-01
    2.0650031796E-01    9.3117147772E-01
    2.0700031796E-01    9.3084484308E-01
    2.0750031796E-01    9.3051748637E-01
    2.0800031796E-01    9.3018940808E-01
    2.0850031796E-01    9.2986060869E-01
    2.0900031796E-01    9.2953108868E-01
    2.0950031796E-01    9.2920084853E-01
    2.1000031796E-01    9.2886988874E-01
    2.1050031796E-01    9.2853820978E-01
    2.1100031796E-01    9.2820581215E-01
    2.1150031796E-01    9.2787269634E-01
    2.1200031796E-01    9.2753886283E-01
    2.1250031796E-01    9.2720431213E-01
    2.1300031796E-01    9.2686904471E-01
    2.1350031796E-01    9.2653306107E-01
    2.1400031796E-01    9.2619636171E-01
    2.1450031796E-01    9.2585894712E-01
    2.1500031796E-01    9.2552081779E-01
    2.1550031796E-01    9.2518197424E-01
    2.1600031796E-01    9.2484241694E-01
    2.1650031796E-01    9.2450214641E-01
    2.1700031796E-01    9.2416116314E-01
    2.1750031796E-01    9.2381946763E-01
    2.1800031796E-01    9.2347706040E-01
    2.1850031796E-01    9.2313394193E-01
    2.1900031796E-01    9.2279011273E-01
    2.1950031796E-01    9.2244557332E-01
    2.2000031796E-01    9.2210032419E-01
    2.2050031796E-01    9.2175436585E-01
    2.2100031796E-01    9.2140769881E-01
    2.2150031796E-01    9.2106032359E-01
    2.2200031796E-01    9.2071224069E-01
    2.2250031796E-01    9.2036345062E-01
    2.2300031796E-01    9.2001395390E-01
    2.2350031796E-01    9.1966375104E-01
    2.2400031796E-01    9.1931284255E-01
    2.2450031796E-01    9.1896122896E-01
    2.2500031796E-01    9.1860891077E-01
    2.2550031796E-01    9.1825588850E-01
    2.2600031796E-01    9.1790216267E-01
    2.2650031796E-01    9.1754773381E-01
    2.2700031796E-01    9.1719260243E-01
    2.2750031796E-01    9.1683676906E-01
    2.2800031796E-01    9.1648023421E-01
    2.2850031796E-01    9.1612299842E-01
    2.2900031796E-01    9.1576506220E-01
    2.2950031796E-01    9.1540642608E-01
    2.3000031796E-01    9.1504709059E-01
    2.3050031796E-01    9.1468705626E-01
    2.3100031796E-01    9.1432632361E-01
    2.3150031796E-01    9.1396489317E-01
    2.3200031796E-01    9.1360276548E-01
    2.3250031796E-01    9.1323994107E-01
    2.3300031796E-01    9.1287642047E-01
    2.3350031796E-01    9.1251220421E-01
    2.3400031796E-01    9.1214729282E-01
    2.3450031796E-01    9.1178168685E-01
    2.3500031796E-01    9.1141538683E-01
    2.3550031796E-01    9.1104839330E-01
    2.3600031796E-01    9.1068070680E-01
    2.3650031796E-01    9.1031232786E-01
    2.3700031796E-01    9.0994325703E-01
    2.3750031796E-01    9.0957349484E-01
    2.3800031796E-01    9.0920304185E-01
    2.3850031796E-01    9.0883189860E-01
    2.3900031796E-01    9.0846006562E-01
    2.3950031796E-01    9.0808754346E-01
    2.4000031796E-01    9.0771433268E-01
    2.4050031796E-01    9.0734043382E-01
    2.4100031796E-01    9.0696584743E-01
    2.4150031796E-01    9.0659057405E-01
    2.4200031796E-01    9.0621461424E-01
    2.4250031796E-01    9.0583796855E-01
    2.4300031796E-01    9.0546063753E-01
    2.4350031796E-01    9.0508262174E-01
    2.4400031796E-01    9.0470392172E-01
    2.4450031796E-01    9.0432453804E-01
    2.4500031796E-01    9.0394447125E-01
    2.4550031796E-01    9.0356372191E-01
    2.4600031796E-01    9.0318229058E-01
    2.4650031796E-01    9.0280017782E-01
    2.4700031796E-01    9.0241738418E-01
    2.4750031796E-01    9.0203391022E-01
    2.4800031796E-01    9.0164975652E-01
    2.4850031796E-01    9.0126492363E-01
    2.4900031796E-01    9.0087941212E-01
    2.4950031796E-01    9.0049322255E-01
    2.5000031796E-01    9.0010635549E-01
    2.5050031796E-01    8.9971881151E-01
    2.5100031796E-01    8.9933059117E-01
    2.5150031796E-01    8.9894169504E-01
    2.5200031796E-01    8.9855212369E-01
    2.5250031796E-01    8.9816187770E-01
    2.5300031796E-01    8.9777095763E-01
    2.5350031796E-01    8.9737936406E-01
    2.5400031796E-01    8.9698709756E-01
    2.5450031796E-01    8.9659415871E-01
    2.5500031796E-01    8.9620054808E-01
    2.5550031796E-01    8.9580626625E-01
    2.5600031796E-01    8.9541131380E-01
    2.5650031796E-01    8.9501569130E-01
    2.5700031796E-01    8.9461939933E-01
    2.5750031796E-01    8.9422243848E-01
    2.5800031796E-01    8.9382480933E-01
    2.5850031796E-01    8.9342651245E-01
    2.5900031796E-01    8.9302754844E-01
    2.5950031796E-01    8.9262791787E-01
    2.6000031796E-01    8.9222762134E-01
    2.6050031796E-01    8.9182665942E-01
    2.6100031796E-01    8.9142503270E-01
    2.6150031796E-01    8.9102274178E-01
    2.6200031796E-01    8.9061978724E-01
    2.6250031796E-01    8.9021616967E-01
    2.6300031796E-01    8.8981188966E-01
    2.6350031796E-01    8.8940694781E-01
    2.6400031796E-01    8.8900134471E-01
    2.6450031796E-01    8.8859508094E-01
    2.6500031796E-01    8.8818815711E-01
    2.6550031796E-01    8.8778057381E-01
    2.6600031796E-01    8.8737233163E-01
    2.6650031796E-01    8.8696343118E-01
    2.6700031796E-01    8.8655387305E-01
    2.6750031796E-01    8.8614365785E-01
    2.6800031796E-01    8.8573278616E-01
    2.6850031796E-01    8.8532125860E-01
    2.6900031796E-01    8.8490907576E-01
    2.6950031796E-01    8.8449623826E-01
    2.7000031796E-01    8.8408274668E-01
    2.7050031796E-01    8.8366860164E-01
    2.7100031796E-01    8.8325380374E-01
    2.7150031796E-01    8.8283835359E-01
    2.7200031796E-01    8.8242225180E-01
    2.7250031796E-01    8.8200549897E-01
    2.7300031796E-01    8.8158809572E-01
    2.7350031796E-01    8.8117004265E-01
    2.7400031796E-01    8.8075134037E-01
    2.7450031796E-01    8.8033198951E-01
    2.7500031796E-01    8.7991199066E-01
    2.7550031796E-01    8.7949134445E-01
    2.7600031796E-01    8.7907005149E-01
    2.7650031796E-01    8.7864811240E-01
    2.7700031796E-01    8.7822552779E-01
    2.7750031796E-01    8.7780229828E-01
    2.7800031796E-01    8.7737842448E-01
    2.7850031796E-01    8.7695390703E-01
    2.7900031796E-01    8.7652874653E-01
    2.7950031796E-01    8.7610294361E-01
    2.8000031796E-01    8.7567649890E-01
    2.8050031796E-01    8.7524941301E-01
    2.8100031796E-01    8.7482168656E-01
    2.8150031796E-01    8.7439332019E-01
    2.8200031796E-01    8.7396431452E-01
    2.8250031796E-01    8.7353467018E-01
    2.8300031796E-01    8.7310438779E-01
    2.8350031796E-01    8.7267346798E-01
    2.8400031796E-01    8.7224191138E-01
    2.8450031796E-01    8.7180971862E-01
    2.8500031796E-01    8.7137689034E-01
    2.8550031796E-01    8.7094342715E-01
    2.8600031796E-01    8.7050932971E-01
    2.8650031796E-01    8.7007459864E-01
    2.8700031796E-01    8.6963923457E-01
    2.8750031796E-01    8.6920323815E-01
    2.8800031796E-01    8.6876661000E-01
    2.8850031796E-01    8.6832935076E-01
    2.8900031796E-01    8.6789146108E-01
    2.8950031796E-01    8.6745294160E-01
    2.9000031796E-01    8.6701379294E-01
    2.9050031796E-01    8.6657401576E-01
    2.9100031796E-01    8.6613361069E-01
    2.9150031796E-01    8.6569257838E-01
    2.9200031796E-01    8.6525091947E-01
    2.9250031796E-01    8.6480863460E-01
    2.9300031796E-01    8.6436572443E-01
    2.9350031796E-01    8.6392218959E-01
    2.9400031796E-01    8.6347803074E-01
    2.9450031796E-01    8.6303324851E-01
    2.9500031796E-01    8.6258784357E-01
    2.9550031796E-01    8.6214181656E-01
    2.9600031796E-01    8.6169516812E-01
    2.9650031796E-01    8.6124789892E-01
    2.9700031796E-01    8.6080000960E-01
    2.9750031796E-01    8.6035150082E-01
    2.9800031796E-01    8.5990237323E-01
    2.9850031796E-01    8.5945262748E-01
    2.9900031796E-01    8.5900226424E-01
    2.9950031796E-01    8.5855128415E-01
    3.0000031796E-01    8.5809968788E-01
    3.0050031796E-01    8.5764747608E-01
    3.0100031796E-01    8.5719464941E-01
    3.0150031796E-01    8.5674120853E-01
    3.0200031796E-01    8.5628715411E-01
    3.0250031796E-01    8.5583248680E-01
    3.0300031796E-01    8.5537720726E-01
    3.0350031796E-01    8.5492131617E-01
    3.0400031796E-01    8.5446481418E-01
    3.0450031796E-01    8.5400770196E-01
    3.0500031796E-01    8.5354998018E-01
    3.0550031796E-01    8.5309164950E-01
    3.0600031796E-01    8.5263271058E-01
    3.0650031796E-01    8.5217316411E-01
    3.0700031796E-01    8.5171301074E-01
    3.0750031796E-01    8.5125225115E-01
    3.0800031796E-01    8.5079088601E-01
    3.0850031796E-01    8.5032891598E-01
    3.0900031796E-01    8.4986634175E-01
    3.0950031796E-01    8.4940316399E-01
    3.1000031796E-01    8.4893938336E-01
    3.1050031796E-01    8.4847500055E-01
    3.1100031796E-01    8.4801001623E-01
    3.1150031796E-01    8.4754443108E-01
    3.1200031796E-01    8.4707824578E-01
    3.1250031796E-01    8.4661146100E-01
    3.1300031796E-01    8.4614407742E-01
    3.1350031796E-01    8.4567609572E-01
    3.1400031796E-01    8.4520751659E-01
    3.1450031796E-01    8.4473834071E-01
    3.1500031796E-01    8.4426856875E-01
    3.1550031796E-01    8.4379820141E-01
    3.1600031796E-01    8.4332723936E-01
    3.1650031796E-01    8.4285568329E-01
    3.1700031796E-01    8.4238353389E-01
    3.1750031796E-01    8.4191079184E-01
    3.1800031796E-01    8.4143745784E-01
    3.1850031796E-01    8.4096353256E-01
    3.1900031796E-01    8.4048901670E-01
    3.1950031796E-01    8.4001391095E-01
    3.2000031796E-01    8.3953821600E-01
    3.2050031796E-01    8.3906193254E-01
    3.2100031796E-01    8.3858506126E-01
    3.2150031796E-01    8.3810760286E-01
    3.2200031796E-01    8.3762955803E-01
    3.2250031796E-01    8.3715092746E-01
    3.2300031796E-01    8.3667171185E-01
    3.2350031796E-01    8.3619191190E-01
    3.2400031796E-01    8.3571152831E-01
    3.2450031796E-01    8.3523056176E-01
    3.2500031796E-01    8.3474901297E-01
    3.2550031796E-01    8.3426688263E-01
    3.2600031796E-01    8.3378417143E-01
    3.2650031796E-01    8.3330088009E-01
    3.2700031796E-01    8.3281700930E-01
    3.2750031796E-01    8.3233255977E-01
    3.2800031796E-01    8.3184753220E-01
    3.2850031796E-01    8.3136192729E-01
    3.2900031796E-01    8.3087574575E-01
    3.2950031796E-01    8.3038898829E-01
    3.3000031796E-01    8.2990165561E-01
    3.3050031796E-01    8.2941374841E-01
    3.3100031796E-01    8.2892526742E-01
    3.3150031796E-01    8.2843621333E-01
    3.3200031796E-01    8.2794658686E-01
    3.3250031796E-01    8.2745638872E-01
    3.3300031796E-01    8.2696561961E-01
    3.3350031796E-01    8.2647428026E-01
    3.3400031796E-01    8.2598237136E-01
    3.3450031796E-01    8.2548989365E-01
    3.3500031796E-01    8.2499684783E-01
    3.3550031796E-01    8.2450323461E-01
    3.3600031796E-01    8.2400905472E-01
    3.3650031796E-01    8.2351430887E-01
    3.3700031796E-01    8.2301899777E-01
    3.3750031796E-01    8.2252312215E-01
    3.3800031796E-01    8.2202668273E-01
    3.3850031796E-01    8.2152968022E-01
    3.3900031796E-01    8.2103211534E-01
    3.3950031796E-01    8.2053398883E-01
    3.4000031796E-01    8.2003530139E-01
    3.4050031796E-01    8.1953605375E-01
    3.4100031796E-01    8.1903624664E-01
    3.4150031796E-01    8.1853588078E-01
    3.4200031796E-01    8.1803495690E-01
    3.4250031796E-01    8.1753347571E-01
    3.4300031796E-01    8.1703143795E-01
    3.4350031796E-01    8.1652884435E-01
    3.4400031796E-01    8.1602569564E-01
    3.4450031796E-01    8.1552199253E-01
    3.4500031796E-01    8.1501773577E-01
    3.4550031796E-01    8.1451292608E-01
    3.4600031796E-01    8.1400756419E-01
    3.4650031796E-01    8.1350165084E-01
    3.4700031796E-01    8.1299518676E-01
    3.4750031796E-01    8.1248817268E-01
    3.4800031796E-01    8.1198060934E-01
    3.4850031796E-01    8.1147249747E-01
    3.4900031796E-01    8.1096383780E-01
    3.4950031796E-01    8.1045463108E-01
    3.5000031796E-01    8.0994487804E-01
    3.5050031796E-01    8.0943457941E-01
    3.5100031796E-01    8.0892373595E-01
    3.5150031796E-01    8.0841234838E-01
    3.5200031796E-01    8.0790041744E-01
    3.5250031796E-01    8.0738794389E-01
    3.5300031796E-01    8.0687492845E-01
    3.5350031796E-01    8.0636137187E-01
    3.5400031796E-01    8.0584727490E-01
    3.5450031796E-01    8.0533263827E-01
    3.5500031796E-01    8.0481746274E-01
    3.5550031796E-01    8.0430174904E-01
    3.5600031796E-01    8.0378549792E-01
    3.5650031796E-01    8.0326871014E-01
    3.5700031796E-01    8.0275138643E-01
    3.5750031796E-01    8.0223352755E-01
    3.5800031796E-01    8.0171513424E-01
    3.5850031796E-01    8.0119620725E-01
    3.5900031796E-01    8.0067674734E-01
    3.5950031796E-01    8.0015675525E-01
    3.6000031796E-01    7.9963623174E-01
    3.6050031796E-01    7.9911517755E-01
    3.6100031796E-01    7.9859359345E-01
    3.6150031796E-01    7.9807148018E-01
    3.6200031796E-01    7.9754883850E-01
    3.6250031796E-01    7.9702566916E-01
    3.6300031796E-01    7.9650197293E-01
    3.6350031796E-01    7.9597775055E-01
    3.6400031796E-01    7.9545300278E-01
    3.6450031796E-01    7.9492773039E-01
    3.6500031796E-01    7.9440193413E-01
    3.6550031796E-01    7.9387561476E-01
    3.6600031796E-01    7.9334877304E-01
    3.6650031796E-01    7.9282140972E-01
    3.6700031796E-01    7.9229352558E-01
    3.6750031796E-01    7.9176512138E-01
    3.6800031796E-01    7.9123619787E-01
    3.6850031796E-01    7.9070675582E-01
    3.6900031796E-01    7.9017679600E-01
    3.6950031796E-01    7.8964631916E-01
    3.7000031796E-01    7.8911532608E-01
    3.7050031796E-01    7.8858381752E-01
    3.7100031796E-01    7.8805179425E-01
    3.7150031796E-01    7.8751925704E-01
    3.7200031796E-01    7.8698620664E-01
    3.7250031796E-01    7.8645264385E-01
    3.7300031796E-01    7.8591856941E-01
    3.7350031796E-01    7.8538398411E-01
    3.7400031796E-01    7.8484888871E-01
    3.7450031796E-01    7.8431328398E-01
    3.7500031796E-01    7.8377717070E-01
    3.7550031796E-01    7.8324054965E-01
    3.7600031796E-01    7.8270342158E-01
    3.7650031796E-01    7.8216578729E-01
    3.7700031796E-01    7.8162764754E-01
    3.7750031796E-01    7.8108900311E-01
    3.7800031796E-01    7.8054985477E-01
    3.7850031796E-01    7.8001020331E-01
    3.7900031796E-01    7.7947004949E-01
    3.7950031796E-01    7.7892939411E-01
    3.8000031796E-01    7.7838823793E-01
    3.8050031796E-01    7.7784658174E-01
    3.8100031796E-01    7.7730442631E-01
    3.8150031796E-01    7.7676177243E-01
    3.8200031796E-01    7.7621862089E-01
    3.8250031796E-01    7.7567497245E-01
    3.8300031796E-01    7.7513082791E-01
    3.8350031796E-01    7.7458618804E-01
    3.8400031796E-01    7.7404105364E-01
    3.8450031796E-01    7.7349542549E-01
    3.8500031796E-01    7.7294930437E-01
    3.8550031796E-01    7.7240269106E-01
    3.8600031796E-01    7.7185558636E-01
    3.8650031796E-01    7.7130799106E-01
    3.8700031796E-01    7.7075990593E-01
    3.8750031796E-01    7.7021133177E-01
    3.8800031796E-01    7.6966226937E-01
    3.8850031796E-01    7.6911271952E-01
    3.8900031796E-01    7.6856268301E-01
    3.8950031796E-01    7.6801216063E-01
    3.9000031796E-01    7.6746115317E-01
    3.9050031796E-01    7.6690966143E-01
    3.9100031796E-01    7.6635768619E-01
    3.9150031796E-01    7.6580522825E-01
    3.9200031796E-01    7.6525228841E-01
    3.9250031796E-01    7.6469886746E-01
    3.9300031796E-01    7.6414496619E-01
    3.9350031796E-01    7.6359058540E-01
    3.9400031796E-01    7.6303572590E-01
    3.9450031796E-01    7.6248038847E-01
    3.9500031796E-01    7.6192457391E-01
    3.9550031796E-01    7.6136828303E-01
    3.9600031796E-01    7.6081151662E-01
    3.9650031796E-01    7.6025427548E-01
    3.9700031796E-01    7.5969656041E-01
    3.9750031796E-01    7.5913837222E-01
    3.9800031796E-01    7.5857971170E-01
    3.9850031796E-01    7.5802057966E-01
    3.9900031796E-01    7.5746097690E-01
    3.9950031796E-01    7.5690090422E-01
    4.0000031796E-01    7.5634036243E-01
    4.0050031796E-01    7.5577935234E-01
    4.0100031796E-01    7.5521787474E-01
    4.0150031796E-01    7.5465593044E-01
    4.0200031796E-01    7.5409352026E-01
    4.0250031796E-01    7.5353064499E-01
    4.0300031796E-01    7.5296730545E-01
    4.0350031796E-01    7.5240350244E-01
    4.0400031796E-01    7.5183923677E-01
    4.0450031796E-01    7.5127450926E-01
    4.0500031796E-01    7.5070932070E-01
    4.0550031796E-01    7.5014367192E-01
    4.0600031796E-01    7.4957756373E-01
    4.0650031796E-01    7.4901099692E-01
    4.0700031796E-01    7.4844397233E-01
    4.0750031796E-01    7.4787649076E-01
    4.0800031796E-01    7.4730855302E-01
    4.0850031796E-01    7.4674015993E-01
    4.0900031796E-01    7.4617131230E-01
    4.0950031796E-01    7.4560201095E-01
    4.1000031796E-01    7.4503225670E-01
    4.1050031796E-01    7.4446205036E-01
    4.1100031796E-01    7.4389139274E-01
    4.1150031796E-01    7.4332028467E-01
    4.1200031796E-01    7.4274872697E-01
    4.1250031796E-01    7.4217672044E-01
    4.1300031796E-01    7.4160426592E-01
    4.1350031796E-01    7.4103136422E-01
    4.1400031796E-01    7.4045801616E-01
    4.1450031796E-01    7.3988422256E-01
    4.1500031796E-01    7.3930998425E-01
    4.1550031796E-01    7.3873530204E-01
    4.1600031796E-01    7.3816017677E-01
    4.1650031796E-01    7.3758460924E-01
    4.1700031796E-01    7.3700860029E-01
    4.1750031796E-01    7.3643215074E-01
    4.1800031796E-01    7.3585526142E-01
    4.1850031796E-01    7.3527793315E-01
    4.1900031796E-01    7.3470016675E-01
    4.1950031796E-01    7.3412196306E-01
    4.2000031796E-01    7.3354332289E-01
    4.2050031796E-01    7.3296424709E-01
    4.2100031796E-01    7.3238473647E-01
    4.2150031796E-01    7.3180479186E-01
    4.2200031796E-01    7.3122441410E-01
    4.2250031796E-01    7.3064360401E-01
    4.2300031796E-01    7.3006236243E-01
    4.2350031796E-01    7.2948069018E-01
    4.2400031796E-01    7.2889858809E-01
    4.2450031796E-01    7.2831605701E-01
    4.2500031796E-01    7.2773309775E-01
    4.2550031796E-01    7.2714971116E-01
    4.2600031796E-01    7.2656589806E-01
    4.2650031796E-01    7.2598165930E-01
    4.2700031796E-01    7.2539699569E-01
    4.2750031796E-01    7.2481190810E-01
    4.2800031796E-01    7.2422639733E-01
    4.2850031796E-01    7.2364046424E-01
    4.2900031796E-01    7.2305410966E-01
    4.2950031796E-01    7.2246733442E-01
    4.3000031796E-01    7.2188013936E-01
    4.3050031796E-01    7.2129252533E-01
    4.3100031796E-01    7.2070449316E-01
    4.3150031796E-01    7.2011604369E-01
    4.3200031796E-01    7.1952717775E-01
    4.3250031796E-01    7.1893789620E-01
    4.3300031796E-01    7.1834819987E-01
    4.3350031796E-01    7.1775808960E-01
    4.3400031796E-01    7.1716756623E-01
    4.3450031796E-01    7.1657663061E-01
    4.3500031796E-01    7.1598528357E-01
    4.3550031796E-01    7.1539352597E-01
    4.3600031796E-01    7.1480135864E-01
    4.3650031796E-01    7.1420878243E-01
    4.3700031796E-01    7.1361579819E-01
    4.3750031796E-01    7.1302240675E-01
    4.3800031796E-01    7.1242860897E-01
    4.3850031796E-01    7.1183440570E-01
    4.3900031796E-01    7.1123979777E-01
    4.3950031796E-01    7.1064478603E-01
    4.4000031796E-01    7.1004937134E-01
    4.4050031796E-01    7.0945355454E-01
    4.4100031796E-01    7.0885733649E-01
    4.4150031796E-01    7.0826071802E-01
    4.4200031796E-01    7.0766369999E-01
    4.4250031796E-01    7.0706628324E-01
    4.4300031796E-01    7.0646846864E-01
    4.4350031796E-01    7.0587025703E-01
    4.4400031796E-01    7.0527164926E-01
    4.4450031796E-01    7.0467264619E-01
    4.4500031796E-01    7.0407324866E-01
    4.4550031796E-01    7.0347345753E-01
    4.4600031796E-01    7.0287327365E-01
    4.4650031796E-01    7.0227269788E-01
    4.4700031796E-01    7.0167173108E-01
    4.4750031796E-01    7.0107037409E-01
    4.4800031796E-01    7.0046862777E-01
    4.4850031796E-01    6.9986649298E-01
    4.4900031796E-01    6.9926397057E-01
    4.4950031796E-01    6.9866106140E-01
    4.5000031796E-01    6.9805776633E-01
    4.5050031796E-01    6.9745408622E-01
    4.5100031796E-01    6.9685002192E-01
    4.5150031796E-01    6.9624557429E-01
    4.5200031796E-01    6.9564074419E-01
    4.5250031796E-01    6.9503553248E-01
    4.5300031796E-01    6.9442994002E-01
    4.5350031796E-01    6.9382396767E-01
    4.5400031796E-01    6.9321761629E-01
    4.5450031796E-01    6.9261088675E-01
    4.5500031796E-01    6.9200377990E-01
    4.5550031796E-01    6.9139629660E-01
    4.5600031796E-01    6.9078843773E-01
    4.5650031796E-01    6.9018020413E-01
    4.5700031796E-01    6.8957159668E-01
    4.5750031796E-01    6.8896261624E-01
    4.5800031796E-01    6.8835326368E-01
    4.5850031796E-01    6.8774353985E-01
    4.5900031796E-01    6.8713344562E-01
    4.5950031796E-01    6.8652298186E-01
    4.6000031796E-01    6.8591214944E-01
    4.6050031796E-01    6.8530094922E-01
    4.6100031796E-01    6.8468938206E-01
    4.6150031796E-01    6.8407744884E-01
    4.6200031796E-01    6.8346515043E-01
    4.6250031796E-01    6.8285248768E-01
    4.6300031796E-01    6.8223946148E-01
    4.6350031796E-01    6.8162607268E-01
    4.6400031796E-01    6.8101232217E-01
    4.6450031796E-01    6.8039821080E-01
    4.6500031796E-01    6.7978373945E-01
    4.6550031796E-01    6.7916890898E-01
    4.6600031796E-01    6.7855372028E-01
    4.6650031796E-01    6.7793817421E-01
    4.6700031796E-01    6.7732227164E-01
    4.6750031796E-01    6.7670601345E-01
    4.6800031796E-01    6.7608940050E-01
    4.6850031796E-01    6.7547243368E-01
    4.6900031796E-01    6.7485511385E-01
    4.6950031796E-01    6.7423744189E-01
    4.7000031796E-01    6.7361941867E-01
    4.7050031796E-01    6.7300104507E-01
    4.7100031796E-01    6.7238232196E-01
    4.7150031796E-01    6.7176325022E-01
    4.7200031796E-01    6.7114383073E-01
    4.7250031796E-01    6.7052406435E-01
    4.7300031796E-01    6.6990395197E-01
    4.7350031796E-01    6.6928349447E-01
    4.7400031796E-01    6.6866269272E-01
    4.7450031796E-01    6.6804154759E-01
    4.7500031796E-01    6.6742005998E-01
    4.7550031796E-01    6.6679823074E-01
    4.7600031796E-01    6.6617606078E-01
    4.7650031796E-01    6.6555355096E-01
    4.7700031796E-01    6.6493070216E-01
    4.7750031796E-01    6.6430751526E-01
    4.7800031796E-01    6.6368399115E-01
    4.7850031796E-01    6.6306013071E-01
    4.7900031796E-01    6.6243593481E-01
    4.7950031796E-01    6.6181140434E-01
    4.8000031796E-01    6.6118654018E-01
    4.8050031796E-01    6.6056134321E-01
    4.8100031796E-01    6.5993581432E-01
    4.8150031796E-01    6.5930995439E-01
    4.8200031796E-01    6.5868376429E-01
    4.8250031796E-01    6.5805724492E-01
    4.8300031796E-01    6.5743039717E-01
    4.8350031796E-01    6.5680322190E-01
    4.8400031796E-01    6.5617572001E-01
    4.8450031796E-01    6.5554789239E-01
    4.8500031796E-01    6.5491973992E-01
    4.8550031796E-01    6.5429126348E-01
    4.8600031796E-01    6.5366246396E-01
    4.8650031796E-01    6.5303334226E-01
    4.8700031796E-01    6.5240389924E-01
    4.8750031796E-01    6.5177413581E-01
    4.8800031796E-01    6.5114405285E-01
    4.8850031796E-01    6.5051365125E-01
    4.8900031796E-01    6.4988293189E-01
    4.8950031796E-01    6.4925189567E-01
    4.9000031796E-01    6.4862054347E-01
    4.9050031796E-01    6.4798887619E-01
    4.9100031796E-01    6.4735689471E-01
    4.9150031796E-01    6.4672459992E-01
    4.9200031796E-01    6.4609199272E-01
    4.9250031796E-01    6.4545907399E-01
    4.9300031796E-01    6.4482584462E-01
    4.9350031796E-01    6.4419230551E-01
    4.9400031796E-01    6.4355845755E-01
    4.9450031796E-01    6.4292430163E-01
    4.9500031796E-01    6.4228983864E-01
    4.9550031796E-01    6.4165506948E-01
    4.9600031796E-01    6.4101999503E-01
    4.9650031796E-01    6.4038461620E-01
    4.9700031796E-01    6.3974893387E-01
    4.9750031796E-01    6.3911294894E-01
    4.9800031796E-01    6.3847666230E-01
    4.9850031796E-01    6.3784007485E-01
    4.9900031796E-01    6.3720318748E-01
    4.9950031796E-01    6.3656600109E-01
    5.0000031796E-01    6.3592851657E-01
    5.0050031796E-01    6.3529073482E-01
    5.0100031796E-01    6.3465265674E-01
    5.0150031796E-01    6.3401428321E-01
    5.0200031796E-01    6.3337561514E-01
    5.0250031796E-01    6.3273665343E-01
    5.0300031796E-01    6.3209739897E-01
    5.0350031796E-01    6.3145785266E-01
    5.0400031796E-01    6.3081801540E-01
    5.0450031796E-01    6.3017788808E-01
    5.0500031796E-01    6.2953747161E-01
    5.0550031796E-01    6.2889676688E-01
    5.0600031796E-01    6.2825577479E-01
    5.0650031796E-01    6.2761449624E-01
    5.0700031796E-01    6.2697293213E-01
    5.0750031796E-01    6.2633108336E-01
    5.0800031796E-01    6.2568895084E-01
    5.0850031796E-01    6.2504653545E-01
    5.0900031796E-01    6.2440383811E-01
    5.0950031796E-01    6.2376085970E-01
    5.1000031796E-01    6.2311760115E-01
    5.1050031796E-01    6.2247406334E-01
    5.1100031796E-01    6.2183024717E-01
    5.1150031796E-01    6.2118615356E-01
    5.1200031796E-01    6.2054178340E-01
    5.1250031796E-01    6.1989713759E-01
    5.1300031796E-01    6.1925221704E-01
    5.1350031796E-01    6.1860702265E-01
    5.1400031796E-01    6.1796155532E-01
    5.1450031796E-01    6.1731581597E-01
    5.1500031796E-01    6.1666980548E-01
    5.1550031796E-01    6.1602352477E-01
    5.1600031796E-01    6.1537697474E-01
    5.1650031796E-01    6.1473015630E-01
    5.1700031796E-01    6.1408307035E-01
    5.1750031796E-01    6.1343571779E-01
    5.1800031796E-01    6.1278809953E-01
    5.1850031796E-01    6.1214021648E-01
    5.1900031796E-01    6.1149206955E-01
    5.1950031796E-01    6.1084365963E-01
    5.2000031796E-01    6.1019498764E-01
    5.2050031796E-01    6.0954605448E-01
    5.2100031796E-01    6.0889686106E-01
    5.2150031796E-01    6.0824740829E-01
    5.2200031796E-01    6.0759769707E-01
    5.2250031796E-01    6.0694772831E-01
    5.2300031796E-01    6.0629750292E-01
    5.2350031796E-01    6.0564702181E-01
    5.2400031796E-01    6.0499628589E-01
    5.2450031796E-01    6.0434529606E-01
    5.2500031796E-01    6.0369405323E-01
    5.2550031796E-01    6.0304255832E-01
    5.2600031796E-01    6.0239081223E-01
    5.2650031796E-01    6.0173881588E-01
    5.2700031796E-01    6.0108657016E-01
    5.2750031796E-01    6.0043407600E-01
    5.2800031796E-01    5.9978133429E-01
    5.2850031796E-01    5.9912834596E-01
    5.2900031796E-01    5.9847511192E-01
    5.2950031796E-01    5.9782163306E-01
    5.3000031796E-01    5.9716791032E-01
    5.3050031796E-01    5.9651394458E-01
    5.3100031796E-01    5.9585973678E-01
    5.3150031796E-01    5.9520528782E-01
    5.3200031796E-01    5.9455059860E-01
    5.3250031796E-01    5.9389567005E-01
    5.3300031796E-01    5.9324050308E-01
    5.3350031796E-01    5.9258509860E-01
    5.3400031796E-01    5.9192945751E-01
    5.3450031796E-01    5.9127358074E-01
    5.3500031796E-01    5.9061746920E-01
    5.3550031796E-01    5.8996112380E-01
    5.3600031796E-01    5.8930454546E-01
    5.3650031796E-01    5.8864773508E-01
    5.3700031796E-01    5.8799069358E-01
    5.3750031796E-01    5.8733342188E-01
    5.3800031796E-01    5.8667592090E-01
    5.3850031796E-01    5.8601819153E-01
    5.3900031796E-01    5.8536023471E-01
    5.3950031796E-01    5.8470205134E-01
    5.4000031796E-01    5.8404364234E-01
    5.4050031796E-01    5.8338500863E-01
    5.4100031796E-01    5.8272615111E-01
    5.4150031796E-01    5.8206707072E-01
    5.4200031796E-01    5.8140776835E-01
    5.4250031796E-01    5.8074824493E-01
    5.4300031796E-01    5.8008850138E-01
    5.4350031796E-01    5.7942853861E-01
    5.4400031796E-01    5.7876835753E-01
    5.4450031796E-01    5.7810795907E-01
    5.4500031796E-01    5.7744734414E-01
    5.4550031796E-01    5.7678651365E-01
    5.4600031796E-01    5.7612546853E-01
    5.4650031796E-01    5.7546420969E-01
    5.4700031796E-01    5.7480273805E-01
    5.4750031796E-01    5.7414105453E-01
    5.4800031796E-01    5.7347916004E-01
    5.4850031796E-01    5.7281705551E-01
    5.4900031796E-01    5.7215474185E-01
    5.4950031796E-01    5.7149221997E-01
    5.5000031796E-01    5.7082949081E-01
    5.5050031796E-01    5.7016655527E-01
    5.5100031796E-01    5.6950341427E-01
    5.5150031796E-01    5.6884006874E-01
    5.5200031796E-01    5.6817651959E-01
    5.5250031796E-01    5.6751276775E-01
    5.5300031796E-01    5.6684881412E-01
    5.5350031796E-01    5.6618465964E-01
    5.5400031796E-01    5.6552030521E-01
    5.5450031796E-01    5.6485575177E-01
    5.5500031796E-01    5.6419100023E-01
    5.5550031796E-01    5.6352605150E-01
    5.5600031796E-01    5.6286090652E-01
    5.5650031796E-01    5.6219556620E-01
    5.5700031796E-01    5.6153003145E-01
    5.5750031796E-01    5.6086430321E-01
    5.5800031796E-01    5.6019838240E-01
    5.5850031796E-01    5.5953226992E-01
    5.5900031796E-01    5.5886596671E-01
    5.5950031796E-01    5.5819947368E-01
    5.6000031796E-01    5.5753279176E-01
    5.6050031796E-01    5.5686592187E-01
    5.6100031796E-01    5.5619886492E-01
    5.6150031796E-01    5.5553162185E-01
    5.6200031796E-01    5.5486419357E-01
    5.6250031796E-01    5.5419658100E-01
    5.6300031796E-01    5.5352878506E-01
    5.6350031796E-01    5.5286080669E-01
    5.6400031796E-01    5.5219264679E-01
    5.6450031796E-01    5.5152430630E-01
    5.6500031796E-01    5.5085578612E-01
    5.6550031796E-01    5.5018708720E-01
    5.6600031796E-01    5.4951821044E-01
    5.6650031796E-01    5.4884915678E-01
    5.6700031796E-01    5.4817992713E-01
    5.6750031796E-01    5.4751052242E-01
    5.6800031796E-01    5.4684094356E-01
    5.6850031796E-01    5.4617119149E-01
    5.6900031796E-01    5.4550126713E-01
    5.6950031796E-01    5.4483117139E-01
    5.7000031796E-01    5.4416090521E-01
    5.7050031796E-01    5.4349046950E-01
    5.7100031796E-01    5.4281986520E-01
    5.7150031796E-01    5.4214909321E-01
    5.7200031796E-01    5.4147815447E-01
    5.7250031796E-01    5.4080704991E-01
    5.7300031796E-01    5.4013578043E-01
    5.7350031796E-01    5.3946434697E-01
    5.7400031796E-01    5.3879275046E-01
    5.7450031796E-01    5.3812099181E-01
    5.7500031796E-01    5.3744907195E-01
    5.7550031796E-01    5.3677699180E-01
    5.7600031796E-01    5.3610475229E-01
    5.7650031796E-01    5.3543235435E-01
    5.7700031796E-01    5.3475979889E-01
    5.7750031796E-01    5.3408708684E-01
    5.7800031796E-01    5.3341421913E-01
    5.7850031796E-01    5.3274119668E-01
    5.7900031796E-01    5.3206802041E-01
    5.7950031796E-01    5.3139469126E-01
    5.8000031796E-01    5.3072121013E-01
    5.8050031796E-01    5.3004757797E-01
    5.8100031796E-01    5.2937379569E-01
    5.8150031796E-01    5.2869986422E-01
    5.8200031796E-01    5.2802578448E-01
    5.8250031796E-01    5.2735155741E-01
    5.8300031796E-01    5.2667718391E-01
    5.8350031796E-01    5.2600266493E-01
    5.8400031796E-01    5.2532800138E-01
    5.8450031796E-01    5.2465319419E-01
    5.8500031796E-01    5.2397824428E-01
    5.8550031796E-01    5.2330315258E-01
    5.8600031796E-01    5.2262792002E-01
    5.8650031796E-01    5.2195254752E-01
    5.8700031796E-01    5.2127703601E-01
    5.8750031796E-01    5.2060138641E-01
    5.8800031796E-01    5.1992559964E-01
    5.8850031796E-01    5.1924967664E-01
    5.8900031796E-01    5.1857361833E-01
    5.8950031796E-01    5.1789742563E-01
    5.9000031796E-01    5.1722109947E-01
    5.9050031796E-01    5.1654464077E-01
    5.9100031796E-01    5.1586805047E-01
    5.9150031796E-01    5.1519132948E-01
    5.9200031796E-01    5.1451447873E-01
    5.9250031796E-01    5.1383749915E-01
    5.9300031796E-01    5.1316039166E-01
    5.9350031796E-01    5.1248315720E-01
    5.9400031796E-01    5.1180579668E-01
    5.9450031796E-01    5.1112831102E-01
    5.9500031796E-01    5.1045070117E-01
    5.9550031796E-01    5.0977296804E-01
    5.9600031796E-01    5.0909511255E-01
    5.9650031796E-01    5.0841713564E-01
    5.9700031796E-01    5.0773903823E-01
    5.9750031796E-01    5.0706082125E-01
    5.9800031796E-01    5.0638248562E-01
    5.9850031796E-01    5.0570403226E-01
    5.9900031796E-01    5.0502546211E-01
    5.9950031796E-01    5.0434677609E-01
    6.0000031796E-01    5.0366797512E-01
    6.0050031796E-01    5.0298906013E-01
    6.0100031796E-01    5.0231003205E-01
    6.0150031796E-01    5.0163089180E-01
    6.0200031796E-01    5.0095164031E-01
    6.0250031796E-01    5.0027227850E-01
    6.0300031796E-01    4.9959280731E-01
    6.0350031796E-01    4.9891322764E-01
    6.0400031796E-01    4.9823354044E-01
    6.0450031796E-01    4.9755374663E-01
    6.0500031796E-01    4.9687384713E-01
    6.0550031796E-01    4.9619384287E-01
    6.0600031796E-01    4.9551373477E-01
    6.0650031796E-01    4.9483352376E-01
    6.0700031796E-01    4.9415321077E-01
    6.0750031796E-01    4.9347279672E-01
    6.0800031796E-01    4.9279228253E-01
    6.0850031796E-01    4.9211166914E-01
    6.0900031796E-01    4.9143095746E-01
    6.0950031796E-01    4.9075014843E-01
    6.1000031796E-01    4.9006924296E-01
    6.1050031796E-01    4.8938824199E-01
    6.1100031796E-01    4.8870714644E-01
    6.1150031796E-01    4.8802595723E-01
    6.1200031796E-01    4.8734467530E-01
    6.1250031796E-01    4.8666330155E-01
    6.1300031796E-01    4.8598183693E-01
    6.1350031796E-01    4.8530028236E-01
    6.1400031796E-01    4.8461863875E-01
    6.1450031796E-01    4.8393690704E-01
    6.1500031796E-01    4.8325508815E-01
    6.1550031796E-01    4.8257318301E-01
    6.1600031796E-01    4.8189119253E-01
    6.1650031796E-01    4.8120911765E-01
    6.1700031796E-01    4.8052695930E-01
    6.1750031796E-01    4.7984471838E-01
    6.1800031796E-01    4.7916239584E-01
    6.1850031796E-01    4.7847999259E-01
    6.1900031796E-01    4.7779750956E-01
    6.1950031796E-01    4.7711494767E-01
    6.2000031796E-01    4.7643230785E-01
    6.2050031796E-01    4.7574959103E-01
    6.2100031796E-01    4.7506679812E-01
    6.2150031796E-01    4.7438393004E-01
    6.2200031796E-01    4.7370098774E-01
    6.2250031796E-01    4.7301797212E-01
    6.2300031796E-01    4.7233488412E-01
    6.2350031796E-01    4.7165172465E-01
    6.2400031796E-01    4.7096849464E-01
    6.2450031796E-01    4.7028519502E-01
    6.2500031796E-01    4.6960182670E-01
    6.2550031796E-01    4.6891839062E-01
    6.2600031796E-01    4.6823488769E-01
    6.2650031796E-01    4.6755131884E-01
    6.2700031796E-01    4.6686768500E-01
    6.2750031796E-01    4.6618398707E-01
    6.2800031796E-01    4.6550022600E-01
    6.2850031796E-01    4.6481640270E-01
    6.2900031796E-01    4.6413251809E-01
    6.2950031796E-01    4.6344857310E-01
    6.3000031796E-01    4.6276456865E-01
    6.3050031796E-01    4.6208050566E-01
    6.3100031796E-01    4.6139638506E-01
    6.3150031796E-01    4.6071220776E-01
    6.3200031796E-01    4.6002797470E-01
    6.3250031796E-01    4.5934368678E-01
    6.3300031796E-01    4.5865934495E-01
    6.3350031796E-01    4.5797495011E-01
    6.3400031796E-01    4.5729050319E-01
    6.3450031796E-01    4.5660600510E-01
    6.3500031796E-01    4.5592145679E-01
    6.3550031796E-01    4.5523685915E-01
    6.3600031796E-01    4.5455221312E-01
    6.3650031796E-01    4.5386751962E-01
    6.3700031796E-01    4.5318277957E-01
    6.3750031796E-01    4.5249799388E-01
    6.3800031796E-01    4.5181316349E-01
    6.3850031796E-01    4.5112828931E-01
    6.3900031796E-01    4.5044337225E-01
    6.3950031796E-01    4.4975841326E-01
    6.4000031796E-01    4.4907341323E-01
    6.4050031796E-01    4.4838837310E-01
    6.4100031796E-01    4.4770329379E-01
    6.4150031796E-01    4.4701817620E-01
    6.4200031796E-01    4.4633302128E-01
    6.4250031796E-01    4.4564782992E-01
    6.4300031796E-01    4.4496260306E-01
    6.4350031796E-01    4.4427734161E-01
    6.4400031796E-01    4.4359204650E-01
    6.4450031796E-01    4.4290671864E-01
    6.4500031796E-01    4.4222135895E-01
    6.4550031796E-01    4.4153596835E-01
    6.4600031796E-01    4.4085054776E-01
    6.4650031796E-01    4.4016509810E-01
    6.4700031796E-01    4.3947962028E-01
    6.4750031796E-01    4.3879411523E-01
    6.4800031796E-01    4.3810858387E-01
    6.4850031796E-01    4.3742302710E-01
    6.4900031796E-01    4.3673744586E-01
    6.4950031796E-01    4.3605184105E-01
    6.5000031796E-01    4.3536621360E-01
    6.5050031796E-01    4.3468056442E-01
    6.5100031796E-01    4.3399489443E-01
    6.5150031796E-01    4.3330920454E-01
    6.5200031796E-01    4.3262349569E-01
    6.5250031796E-01    4.3193776877E-01
    6.5300031796E-01    4.3125202471E-01
    6.5350031796E-01    4.3056626442E-01
    6.5400031796E-01    4.2988048883E-01
    6.5450031796E-01    4.2919469884E-01
    6.5500031796E-01    4.2850889538E-01
    6.5550031796E-01    4.2782307935E-01
    6.5600031796E-01    4.2713725168E-01
    6.5650031796E-01    4.2645141328E-01
    6.5700031796E-01    4.2576556506E-01
    6.5750031796E-01    4.2507970795E-01
    6.5800031796E-01    4.2439384285E-01
    6.5850031796E-01    4.2370797068E-01
    6.5900031796E-01    4.2302209235E-01
    6.5950031796E-01    4.2233620878E-01
    6.6000031796E-01    4.2165032089E-01
    6.6050031796E-01    4.2096442958E-01
    6.6100031796E-01    4.2027853578E-01
    6.6150031796E-01    4.1959264039E-01
    6.6200031796E-01    4.1890674433E-01
    6.6250031796E-01    4.1822084850E-01
    6.6300031796E-01    4.1753495384E-01
    6.6350031796E-01    4.1684906124E-01
    6.6400031796E-01    4.1616317162E-01
    6.6450031796E-01    4.1547728589E-01
    6.6500031796E-01    4.1479140497E-01
    6.6550031796E-01    4.1410552976E-01
    6.6600031796E-01    4.1341966119E-01
    6.6650031796E-01    4.1273380015E-01
    6.6700031796E-01    4.1204794756E-01
    6.6750031796E-01    4.1136210434E-01
    6.6800031796E-01    4.1067627139E-01
    6.6850031796E-01    4.0999044963E-01
    6.6900031796E-01    4.0930463995E-01
    6.6950031796E-01    4.0861884329E-01
    6.7000031796E-01    4.0793306054E-01
    6.7050031796E-01    4.0724729262E-01
    6.7100031796E-01    4.0656154043E-01
    6.7150031796E-01    4.0587580488E-01
    6.7200031796E-01    4.0519008689E-01
    6.7250031796E-01    4.0450438736E-01
    6.7300031796E-01    4.0381870721E-01
    6.7350031796E-01    4.0313304733E-01
    6.7400031796E-01    4.0244740864E-01
    6.7450031796E-01    4.0176179205E-01
    6.7500031796E-01    4.0107619846E-01
    6.7550031796E-01    4.0039062879E-01
    6.7600031796E-01    3.9970508393E-01
    6.7650031796E-01    3.9901956480E-01
    6.7700031796E-01    3.9833407230E-01
    6.7750031796E-01    3.9764860735E-01
    6.7800031796E-01    3.9696317084E-01
    6.7850031796E-01    3.9627776368E-01
    6.7900031796E-01    3.9559238678E-01
    6.7950031796E-01    3.9490704105E-01
    6.8000031796E-01    3.9422172738E-01
    6.8050031796E-01    3.9353644669E-01
    6.8100031796E-01    3.9285119988E-01
    6.8150031796E-01    3.9216598785E-01
    6.8200031796E-01    3.9148081152E-01
    6.8250031796E-01    3.9079567177E-01
    6.8300031796E-01    3.9011056952E-01
    6.8350031796E-01    3.8942550568E-01
    6.8400031796E-01    3.8874048113E-01
    6.8450031796E-01    3.8805549680E-01
    6.8500031796E-01    3.8737055357E-01
    6.8550031796E-01    3.8668565236E-01
    6.8600031796E-01    3.8600079406E-01
    6.8650031796E-01    3.8531597958E-01
    6.8700031796E-01    3.8463120982E-01
    6.8750031796E-01    3.8394648568E-01
    6.8800031796E-01    3.8326180806E-01
    6.8850031796E-01    3.8257717786E-01
    6.8900031796E-01    3.8189259599E-01
    6.8950031796E-01    3.8120806334E-01
    6.9000031796E-01    3.8052358081E-01
    6.9050031796E-01    3.7983914931E-01
    6.9100031796E-01    3.7915476973E-01
    6.9150031796E-01    3.7847044297E-01
    6.9200031796E-01    3.7778616994E-01
    6.9250031796E-01    3.7710195152E-01
    6.9300031796E-01    3.7641778862E-01
    6.9350031796E-01    3.7573368215E-01
    6.9400031796E-01    3.7504963298E-01
    6.9450031796E-01    3.7436564203E-01
    6.9500031796E-01    3.7368171019E-01
    6.9550031796E-01    3.7299783836E-01
    6.9600031796E-01    3.7231402742E-01
    6.9650031796E-01    3.7163027829E-01
    6.9700031796E-01    3.7094659186E-01
    6.9750031796E-01    3.7026296901E-01
    6.9800031796E-01    3.6957941066E-01
    6.9850031796E-01    3.6889591768E-01
    6.9900031796E-01    3.6821249099E-01
    6.9950031796E-01    3.6752913146E-01
    7.0000031796E-01    3.6684584000E-01
    7.0050031796E-01    3.6616261751E-01
    7.0100031796E-01    3.6547946486E-01
    7.0150031796E-01    3.6479638297E-01
    7.0200031796E-01    3.6411337271E-01
    7.0250031796E-01    3.6343043499E-01
    7.0300031796E-01    3.6274757069E-01
    7.0350031796E-01    3.6206478071E-01
    7.0400031796E-01    3.6138206594E-01
    7.0450031796E-01    3.6069942726E-01
    7.0500031796E-01    3.6001686559E-01
    7.0550031796E-01    3.5933438179E-01
    7.0600031796E-01    3.5865197677E-01
    7.0650031796E-01    3.5796965141E-01
    7.0700031796E-01    3.5728740660E-01
    7.0750031796E-01    3.5660524323E-01
    7.0800031796E-01    3.5592316220E-01
    7.0850031796E-01    3.5524116439E-01
    7.0900031796E-01    3.5455925068E-01
    7.0950031796E-01    3.5387742198E-01
    7.1000031796E-01    3.5319567916E-01
    7.1050031796E-01    3.5251402311E-01
    7.1100031796E-01    3.5183245472E-01
    7.1150031796E-01    3.5115097487E-01
    7.1200031796E-01    3.5046958446E-01
    7.1250031796E-01    3.4978828437E-01
    7.1300031796E-01    3.4910707549E-01
    7.1350031796E-01    3.4842595869E-01
    7.1400031796E-01    3.4774493487E-01
    7.1450031796E-01    3.4706400491E-01
    7.1500031796E-01    3.4638316969E-01
    7.1550031796E-01    3.4570243010E-01
    7.1600031796E-01    3.4502178702E-01
    7.1650031796E-01    3.4434124134E-01
    7.1700031796E-01    3.4366079394E-01
    7.1750031796E-01    3.4298044569E-01
    7.1800031796E-01    3.4230019749E-01
    7.1850031796E-01    3.4162005022E-01
    7.1900031796E-01    3.4094000475E-01
    7.1950031796E-01    3.4026006197E-01
    7.2000031796E-01    3.3958022276E-01
    7.2050031796E-01    3.3890048799E-01
    7.2100031796E-01    3.3822085856E-01
    7.2150031796E-01    3.3754133533E-01
    7.2200031796E-01    3.3686191919E-01
    7.2250031796E-01    3.3618261102E-01
    7.2300031796E-01    3.3550341169E-01
    7.2350031796E-01    3.3482432209E-01
    7.2400031796E-01    3.3414534308E-01
    7.2450031796E-01    3.3346647556E-01
    7.2500031796E-01    3.3278772039E-01
    7.2550031796E-01    3.3210907845E-01
    7.2600031796E-01    3.3143055063E-01
    7.2650031796E-01    3.3075213778E-01
    7.2700031796E-01    3.3007384080E-01
    7.2750031796E-01    3.2939566055E-01
    7.2800031796E-01    3.2871759791E-01
    7.2850031796E-01    3.2803965376E-01
    7.2900031796E-01    3.2736182896E-01
    7.2950031796E-01    3.2668412439E-01
    7.3000031796E-01    3.2600654093E-01
    7.3050031796E-01    3.2532907945E-01
    7.3100031796E-01    3.2465174082E-01
    7.3150031796E-01    3.2397452591E-01
    7.3200031796E-01    3.2329743559E-01
    7.3250031796E-01    3.2262047074E-01
    7.3300031796E-01    3.2194363222E-01
    7.3350031796E-01    3.2126692091E-01
    7.3400031796E-01    3.2059033767E-01
    7.3450031796E-01    3.1991388338E-01
    7.3500031796E-01    3.1923755890E-01
    7.3550031796E-01    3.1856136511E-01
    7.3600031796E-01    3.1788530286E-01
    7.3650031796E-01    3.1720937304E-01
    7.3700031796E-01    3.1653357650E-01
    7.3750031796E-01    3.1585791412E-01
    7.3800031796E-01    3.1518238676E-01
    7.3850031796E-01    3.1450699528E-01
    7.3900031796E-01    3.1383174056E-01
    7.3950031796E-01    3.1315662345E-01
    7.4000031796E-01    3.1248164483E-01
    7.4050031796E-01    3.1180680556E-01
    7.4100031796E-01    3.1113210649E-01
    7.4150031796E-01    3.1045754851E-01
    7.4200031796E-01    3.0978313246E-01
    7.4250031796E-01    3.0910885921E-01
    7.4300031796E-01    3.0843472963E-01
    7.4350031796E-01    3.0776074457E-01
    7.4400031796E-01    3.0708690490E-01
    7.4450031796E-01    3.0641321147E-01
    7.4500031796E-01    3.0573966516E-01
    7.4550031796E-01    3.0506626682E-01
    7.4600031796E-01    3.0439301730E-01
    7.4650031796E-01    3.0371991747E-01
    7.4700031796E-01    3.0304696819E-01
    7.4750031796E-01    3.0237417032E-01
    7.4800031796E-01    3.0170152471E-01
    7.4850031796E-01    3.0102903222E-01
    7.4900031796E-01    3.0035669371E-01
    7.4950031796E-01    2.9968451004E-01
    7.5000031796E-01    2.9901248206E-01
    7.5050031796E-01    2.9834061062E-01
    7.5100031796E-01    2.9766889659E-01
    7.5150031796E-01    2.9699734081E-01
    7.5200031796E-01    2.9632594415E-01
    7.5250031796E-01    2.9565470745E-01
    7.5300031796E-01    2.9498363157E-01
    7.5350031796E-01    2.9431271737E-01
    7.5400031796E-01    2.9364196569E-01
    7.5450031796E-01    2.9297137738E-01
    7.5500031796E-01    2.9230095331E-01
    7.5550031796E-01    2.9163069431E-01
    7.5600031796E-01    2.9096060125E-01
    7.5650031796E-01    2.9029067496E-01
    7.5700031796E-01    2.8962091631E-01
    7.5750031796E-01    2.8895132613E-01
    7.5800031796E-01    2.8828190529E-01
    7.5850031796E-01    2.8761265462E-01
    7.5900031796E-01    2.8694357498E-01
    7.5950031796E-01    2.8627466721E-01
    7.6000031796E-01    2.8560593216E-01
    7.6050031796E-01    2.8493737067E-01
    7.6100031796E-01    2.8426898360E-01
    7.6150031796E-01    2.8360077179E-01
    7.6200031796E-01    2.8293273607E-01
    7.6250031796E-01    2.8226487731E-01
    7.6300031796E-01    2.8159719633E-01
    7.6350031796E-01    2.8092969399E-01
    7.6400031796E-01    2.8026237112E-01
    7.6450031796E-01    2.7959522858E-01
    7.6500031796E-01    2.7892826720E-01
    7.6550031796E-01    2.7826148782E-01
    7.6600031796E-01    2.7759489129E-01
    7.6650031796E-01    2.7692847844E-01
    7.6700031796E-01    2.7626225012E-01
    7.6750031796E-01    2.7559620716E-01
    7.6800031796E-01    2.7493035041E-01
    7.6850031796E-01    2.7426468070E-01
    7.6900031796E-01    2.7359919887E-01
    7.6950031796E-01    2.7293390576E-01
    7.7000031796E-01    2.7226880220E-01
    7.7050031796E-01    2.7160388904E-01
    7.7100031796E-01    2.7093916710E-01
    7.7150031796E-01    2.7027463723E-01
    7.7200031796E-01    2.6961030026E-01
    7.7250031796E-01    2.6894615702E-01
    7.7300031796E-01    2.6828220835E-01
    7.7350031796E-01    2.6761845508E-01
    7.7400031796E-01    2.6695489805E-01
    7.7450031796E-01    2.6629153808E-01
    7.7500031796E-01    2.6562837601E-01
    7.7550031796E-01    2.6496541266E-01
    7.7600031796E-01    2.6430264888E-01
    7.7650031796E-01    2.6364008550E-01
    7.7700031796E-01    2.6297772333E-01
    7.7750031796E-01    2.6231556321E-01
    7.7800031796E-01    2.6165360597E-01
    7.7850031796E-01    2.6099185244E-01
    7.7900031796E-01    2.6033030345E-01
    7.7950031796E-01    2.5966895981E-01
    7.8000031796E-01    2.5900782237E-01
    7.8050031796E-01    2.5834689194E-01
    7.8100031796E-01    2.5768616936E-01
    7.8150031796E-01    2.5702565544E-01
    7.8200031796E-01    2.5636535101E-01
    7.8250031796E-01    2.5570525690E-01
    7.8300031796E-01    2.5504537392E-01
    7.8350031796E-01    2.5438570291E-01
    7.8400031796E-01    2.5372624468E-01
    7.8450031796E-01    2.5306700005E-01
    7.8500031796E-01    2.5240796985E-01
    7.8550031796E-01    2.5174915490E-01
    7.8600031796E-01    2.5109055602E-01
    7.8650031796E-01    2.5043217403E-01
    7.8700031796E-01    2.4977400974E-01
    7.8750031796E-01    2.4911606398E-01
    7.8800031796E-01    2.4845833756E-01
    7.8850031796E-01    2.4780083131E-01
    7.8900031796E-01    2.4714354603E-01
    7.8950031796E-01    2.4648648254E-01
    7.9000031796E-01    2.4582964167E-01
    7.9050031796E-01    2.4517302422E-01
    7.9100031796E-01    2.4451663101E-01
    7.9150031796E-01    2.4386046285E-01
    7.9200031796E-01    2.4320452057E-01
    7.9250031796E-01    2.4254880496E-01
    7.9300031796E-01    2.4189331685E-01
    7.9350031796E-01    2.4123805704E-01
    7.9400031796E-01    2.4058302635E-01
    7.9450031796E-01    2.3992822558E-01
    7.9500031796E-01    2.3927365555E-01
    7.9550031796E-01    2.3861931707E-01
    7.9600031796E-01    2.3796521095E-01
    7.9650031796E-01    2.3731133799E-01
    7.9700031796E-01    2.3665769900E-01
    7.9750031796E-01    2.3600429479E-01
    7.9800031796E-01    2.3535112617E-01
    7.9850031796E-01    2.3469819394E-01
    7.9900031796E-01    2.3404549891E-01
    7.9950031796E-01    2.3339304188E-01
    8.0000031796E-01    2.3274082366E-01
    8.0050031796E-01    2.3208884505E-01
    8.0100031796E-01    2.3143710685E-01
    8.0150031796E-01    2.3078560987E-01
    8.0200031796E-01    2.3013435491E-01
    8.0250031796E-01    2.2948334277E-01
    8.0300031796E-01    2.2883257425E-01
    8.0350031796E-01    2.2818205016E-01
    8.0400031796E-01    2.2753177128E-01
    8.0450031796E-01    2.2688173843E-01
    8.0500031796E-01    2.2623195239E-01
    8.0550031796E-01    2.2558241397E-01
    8.0600031796E-01    2.2493312397E-01
    8.0650031796E-01    2.2428408317E-01
    8.0700031796E-01    2.2363529238E-01
    8.0750031796E-01    2.2298675240E-01
    8.0800031796E-01    2.2233846401E-01
    8.0850031796E-01    2.2169042801E-01
    8.0900031796E-01    2.2104264520E-01
    8.0950031796E-01    2.2039511637E-01
    8.1000031796E-01    2.1974784231E-01
    8.1050031796E-01    2.1910082381E-01
    8.1100031796E-01    2.1845406166E-01
    8.1150031796E-01    2.1780755666E-01
    8.1200031796E-01    2.1716130959E-01
    8.1250031796E-01    2.1651532125E-01
    8.1300031796E-01    2.1586959242E-01
    8.1350031796E-01    2.1522412389E-01
    8.1400031796E-01    2.1457891645E-01
    8.1450031796E-01    2.1393397089E-01
    8.1500031796E-01    2.1328928798E-01
    8.1550031796E-01    2.1264486853E-01
    8.1600031796E-01    2.1200071330E-01
    8.1650031796E-01    2.1135682310E-01
    8.1700031796E-01    2.1071319869E-01
    8.1750031796E-01    2.1006984087E-01
    8.1800031796E-01    2.0942675041E-01
    8.1850031796E-01    2.0878392811E-01
    8.1900031796E-01    2.0814137473E-01
    8.1950031796E-01    2.0749909106E-01
    8.2000031796E-01    2.0685707788E-01
    8.2050031796E-01    2.0621533598E-01
    8.2100031796E-01    2.0557386612E-01
    8.2150031796E-01    2.0493266909E-01
    8.2200031796E-01    2.0429174566E-01
    8.2250031796E-01    2.0365109661E-01
    8.2300031796E-01    2.0301072273E-01
    8.2350031796E-01    2.0237062477E-01
    8.2400031796E-01    2.0173080352E-01
    8.2450031796E-01    2.0109125976E-01
    8.2500031796E-01    2.0045199425E-01
    8.2550031796E-01    1.9981300776E-01
    8.2600031796E-01    1.9917430108E-01
    8.2650031796E-01    1.9853587498E-01
    8.2700031796E-01    1.9789773021E-01
    8.2750031796E-01    1.9725986756E-01
    8.2800031796E-01    1.9662228780E-01
    8.2850031796E-01    1.9598499168E-01
    8.2900031796E-01    1.9534797999E-01
    8.2950031796E-01    1.9471125349E-01
    8.3000031796E-01    1.9407481295E-01
    8.3050031796E-01    1.9343865912E-01
    8.3100031796E-01    1.9280279279E-01
    8.3150031796E-01    1.9216721471E-01
    8.3200031796E-01    1.9153192565E-01
    8.3250031796E-01    1.9089692637E-01
    8.3300031796E-01    1.9026221764E-01
    8.3350031796E-01    1.8962780021E-01
    8.3400031796E-01    1.8899367485E-01
    8.3450031796E-01    1.8835984233E-01
    8.3500031796E-01    1.8772630339E-01
    8.3550031796E-01    1.8709305881E-01
    8.3600031796E-01    1.8646010934E-01
    8.3650031796E-01    1.8582745573E-01
    8.3700031796E-01    1.8519509876E-01
    8.3750031796E-01    1.8456303916E-01
    8.3800031796E-01    1.8393127771E-01
    8.3850031796E-01    1.8329981515E-01
    8.3900031796E-01    1.8266865224E-01
    8.3950031796E-01    1.8203778974E-01
    8.4000031796E-01    1.8140722840E-01
    8.4050031796E-01    1.8077696897E-01
    8.4100031796E-01    1.8014701220E-01
    8.4150031796E-01    1.7951735885E-01
    8.4200031796E-01    1.7888800967E-01
    8.4250031796E-01    1.7825896541E-01
    8.4300031796E-01    1.7763022681E-01
    8.4350031796E-01    1.7700179463E-01
    8.4400031796E-01    1.7637366961E-01
    8.4450031796E-01    1.7574585251E-01
    8.4500031796E-01    1.7511834406E-01
    8.4550031796E-01    1.7449114502E-01
    8.4600031796E-01    1.7386425613E-01
    8.4650031796E-01    1.7323767814E-01
    8.4700031796E-01    1.7261141178E-01
    8.4750031796E-01    1.7198545781E-01
    8.4800031796E-01    1.7135981696E-01
    8.4850031796E-01    1.7073448998E-01
    8.4900031796E-01    1.7010947761E-01
    8.4950031796E-01    1.6948478059E-01
    8.5000031796E-01    1.6886039966E-01
    8.5050031796E-01    1.6823633555E-01
    8.5100031796E-01    1.6761258902E-01
    8.5150031796E-01    1.6698916078E-01
    8.5200031796E-01    1.6636605159E-01
    8.5250031796E-01    1.6574326218E-01
    8.5300031796E-01    1.6512079328E-01
    8.5350031796E-01    1.6449864563E-01
    8.5400031796E-01    1.6387681996E-01
    8.5450031796E-01    1.6325531701E-01
    8.5500031796E-01    1.6263413751E-01
    8.5550031796E-01    1.6201328218E-01
    8.5600031796E-01    1.6139275177E-01
    8.5650031796E-01    1.6077254701E-01
    8.5700031796E-01    1.6015266862E-01
    8.5750031796E-01    1.5953311732E-01
    8.5800031796E-01    1.5891389386E-01
    8.5850031796E-01    1.5829499896E-01
    8.5900031796E-01    1.5767643335E-01
    8.5950031796E-01    1.5705819774E-01
    8.6000031796E-01    1.5644029288E-01
    8.6050031796E-01    1.5582271947E-01
    8.6100031796E-01    1.5520547825E-01
    8.6150031796E-01    1.5458856994E-01
    8.6200031796E-01    1.5397199527E-01
    8.6250031796E-01    1.5335575494E-01
    8.6300031796E-01    1.5273984970E-01
    8.6350031796E-01    1.5212428025E-01
    8.6400031796E-01    1.5150904731E-01
    8.6450031796E-01    1.5089415161E-01
    8.6500031796E-01    1.5027959386E-01
    8.6550031796E-01    1.4966537478E-01
    8.6600031796E-01    1.4905149509E-01
    8.6650031796E-01    1.4843795551E-01
    8.6700031796E-01    1.4782475674E-01
    8.6750031796E-01    1.4721189950E-01
    8.6800031796E-01    1.4659938451E-01
    8.6850031796E-01    1.4598721249E-01
    8.6900031796E-01    1.4537538413E-01
    8.6950031796E-01    1.4476390016E-01
    8.7000031796E-01    1.4415276128E-01
    8.7050031796E-01    1.4354196820E-01
    8.7100031796E-01    1.4293152165E-01
    8.7150031796E-01    1.4232142231E-01
    8.7200031796E-01    1.4171167090E-01
    8.7250031796E-01    1.4110226813E-01
    8.7300031796E-01    1.4049321471E-01
    8.7350031796E-01    1.3988451133E-01
    8.7400031796E-01    1.3927615871E-01
    8.7450031796E-01    1.3866815755E-01
    8.7500031796E-01    1.3806050855E-01
    8.7550031796E-01    1.3745321241E-01
    8.7600031796E-01    1.3684626983E-01
    8.7650031796E-01    1.3623968153E-01
    8.7700031796E-01    1.3563344819E-01
    8.7750031796E-01    1.3502757052E-01
    8.7800031796E-01    1.3442204921E-01
    8.7850031796E-01    1.3381688497E-01
    8.7900031796E-01    1.3321207848E-01
    8.7950031796E-01    1.3260763046E-01
    8.8000031796E-01    1.3200354158E-01
    8.8050031796E-01    1.3139981255E-01
    8.8100031796E-01    1.3079644407E-01
    8.8150031796E-01    1.3019343682E-01
    8.8200031796E-01    1.2959079149E-01
    8.8250031796E-01    1.2898850879E-01
    8.8300031796E-01    1.2838658939E-01
    8.8350031796E-01    1.2778503400E-01
    8.8400031796E-01    1.2718384329E-01
    8.8450031796E-01    1.2658301796E-01
    8.8500031796E-01    1.2598255870E-01
    8.8550031796E-01    1.2538246620E-01
    8.8600031796E-01    1.2478274113E-01
    8.8650031796E-01    1.2418338418E-01
    8.8700031796E-01    1.2358439605E-01
    8.8750031796E-01    1.2298577741E-01
    8.8800031796E-01    1.2238752895E-01
    8.8850031796E-01    1.2178965135E-01
    8.8900031796E-01    1.2119214529E-01
    8.8950031796E-01    1.2059501145E-01
    8.9000031796E-01    1.1999825051E-01
    8.9050031796E-01    1.1940186315E-01
    8.9100031796E-01    1.1880585006E-01
    8.9150031796E-01    1.1821021190E-01
    8.9200031796E-01    1.1761494935E-01
    8.9250031796E-01    1.1702006310E-01
    8.9300031796E-01    1.1642555381E-01
    8.9350031796E-01    1.1583142216E-01
    8.9400031796E-01    1.1523766882E-01
    8.9450031796E-01    1.1464429448E-01
    8.9500031796E-01    1.1405129979E-01
    8.9550031796E-01    1.1345868543E-01
    8.9600031796E-01    1.1286645207E-01
    8.9650031796E-01    1.1227460038E-01
    8.9700031796E-01    1.1168313103E-01
    8.9750031796E-01    1.1109204468E-01
    8.9800031796E-01    1.1050134202E-01
    8.9850031796E-01    1.0991102369E-01
    8.9900031796E-01    1.0932109037E-01
    8.9950031796E-01    1.0873154272E-01
    9.0000031796E-01    1.0814238140E-01
    9.0050031796E-01    1.0755360709E-01
    9.0100031796E-01    1.0696522043E-01
    9.0150031796E-01    1.0637722210E-01
    9.0200031796E-01    1.0578961275E-01
    9.0250031796E-01    1.0520239304E-01
    9.0300031796E-01    1.0461556364E-01
    9.0350031796E-01    1.0402912520E-01
    9.0400031796E-01    1.0344307837E-01
    9.0450031796E-01    1.0285742382E-01
    9.0500031796E-01    1.0227216221E-01
    9.0550031796E-01    1.0168729417E-01
    9.0600031796E-01    1.0110282038E-01
    9.0650031796E-01    1.0051874148E-01
    9.0700031796E-01    9.9935058133E-02
    9.0750031796E-01    9.9351770979E-02
    9.0800031796E-01    9.8768880674E-02
    9.0850031796E-01    9.8186387869E-02
    9.0900031796E-01    9.7604293211E-02
    9.0950031796E-01    9.7022597351E-02
    9.1000031796E-01    9.6441300935E-02
    9.1050031796E-01    9.5860404610E-02
    9.1100031796E-01    9.5279909022E-02
    9.1150031796E-01    9.4699814817E-02
    9.1200031796E-01    9.4120122639E-02
    9.1250031796E-01    9.3540833131E-02
    9.1300031796E-01    9.2961946935E-02
    9.1350031796E-01    9.2383464694E-02
    9.1400031796E-01    9.1805387049E-02
    9.1450031796E-01    9.1227714640E-02
    9.1500031796E-01    9.0650448105E-02
    9.1550031796E-01    9.0073588084E-02
    9.1600031796E-01    8.9497135215E-02
    9.1650031796E-01    8.8921090132E-02
    9.1700031796E-01    8.8345453474E-02
    9.1750031796E-01    8.7770225875E-02
    9.1800031796E-01    8.7195407969E-02
    9.1850031796E-01    8.6621000389E-02
    9.1900031796E-01    8.6047003768E-02
    9.1950031796E-01    8.5473418738E-02
    9.2000031796E-01    8.4900245930E-02
    9.2050031796E-01    8.4327485973E-02
    9.2100031796E-01    8.3755139497E-02
    9.2150031796E-01    8.3183207131E-02
    9.2200031796E-01    8.2611689500E-02
    9.2250031796E-01    8.2040587233E-02
    9.2300031796E-01    8.1469900955E-02
    9.2350031796E-01    8.0899631291E-02
    9.2400031796E-01    8.0329778864E-02
    9.2450031796E-01    7.9760344298E-02
    9.2500031796E-01    7.9191328216E-02
    9.2550031796E-01    7.8622731239E-02
    9.2600031796E-01    7.8054553987E-02
    9.2650031796E-01    7.7486797080E-02
    9.2700031796E-01    7.6919461138E-02
    9.2750031796E-01    7.6352546777E-02
    9.2800031796E-01    7.5786054616E-02
    9.2850031796E-01    7.5219985271E-02
    9.2900031796E-01    7.4654339356E-02
    9.2950031796E-01    7.4089117487E-02
    9.3000031796E-01    7.3524320277E-02
    9.3050031796E-01    7.2959948340E-02
    9.3100031796E-01    7.2396002287E-02
    9.3150031796E-01    7.1832482729E-02
    9.3200031796E-01    7.1269390276E-02
    9.3250031796E-01    7.0706725539E-02
    9.3300031796E-01    7.0144489125E-02
    9.3350031796E-01    6.9582681641E-02
    9.3400031796E-01    6.9021303696E-02
    9.3450031796E-01    6.8460355894E-02
    9.3500031796E-01    6.7899838841E-02
    9.3550031796E-01    6.7339753140E-02
    9.3600031796E-01    6.6780099396E-02
    9.3650031796E-01    6.6220878210E-02
    9.3700031796E-01    6.5662090184E-02
    9.3750031796E-01    6.5103735919E-02
    9.3800031796E-01    6.4545816014E-02
    9.3850031796E-01    6.3988331068E-02
    9.3900031796E-01    6.3431281679E-02
    9.3950031796E-01    6.2874668444E-02
    9.4000031796E-01    6.2318491960E-02
    9.4050031796E-01    6.1762752821E-02
    9.4100031796E-01    6.1207451623E-02
    9.4150031796E-01    6.0652588958E-02
    9.4200031796E-01    6.0098165420E-02
    9.4250031796E-01    5.9544181601E-02
    9.4300031796E-01    5.8990638090E-02
    9.4350031796E-01    5.8437535479E-02
    9.4400031796E-01    5.7884874355E-02
    9.4450031796E-01    5.7332655309E-02
    9.4500031796E-01    5.6780878926E-02
    9.4550031796E-01    5.6229545793E-02
    9.4600031796E-01    5.5678656497E-02
    9.4650031796E-01    5.5128211621E-02
    9.4700031796E-01    5.4578211749E-02
    9.4750031796E-01    5.4028657464E-02
    9.4800031796E-01    5.3479549348E-02
    9.4850031796E-01    5.2930887983E-02
    9.4900031796E-01    5.2382673948E-02
    9.4950031796E-01    5.1834907823E-02
    9.5000031796E-01    5.1287590185E-02
    9.5050031796E-01    5.0740721614E-02
    9.5100031796E-01    5.0194302684E-02
    9.5150031796E-01    4.9648333972E-02
    9.5200031796E-01    4.9102816053E-02
    9.5250031796E-01    4.8557749500E-02
    9.5300031796E-01    4.8013134886E-02
    9.5350031796E-01    4.7468972784E-02
    9.5400031796E-01    4.6925263764E-02
    9.5450031796E-01    4.6382008398E-02
    9.5500031796E-01    4.5839207253E-02
    9.5550031796E-01    4.5296860900E-02
    9.5600031796E-01    4.4754969904E-02
    9.5650031796E-01    4.4213534833E-02
    9.5700031796E-01    4.3672556253E-02
    9.5750031796E-01    4.3132034727E-02
    9.5800031796E-01    4.2591970821E-02
    9.5850031796E-01    4.2052365097E-02
    9.5900031796E-01    4.1513218118E-02
    9.5950031796E-01    4.0974530443E-02
    9.6000031796E-01    4.0436302634E-02
    9.6050031796E-01    3.9898535250E-02
    9.6100031796E-01    3.9361228849E-02
    9.6150031796E-01    3.8824383989E-02
    9.6200031796E-01    3.8288001226E-02
    9.6250031796E-01    3.7752081115E-02
    9.6300031796E-01    3.7216624213E-02
    9.6350031796E-01    3.6681631071E-02
    9.6400031796E-01    3.6147102244E-02
    9.6450031796E-01    3.5613038283E-02
    9.6500031796E-01    3.5079439740E-02
    9.6550031796E-01    3.4546307163E-02
    9.6600031796E-01    3.4013641103E-02
    9.6650031796E-01    3.3481442108E-02
    9.6700031796E-01    3.2949710725E-02
    9.6750031796E-01    3.2418447501E-02
    9.6800031796E-01    3.1887652980E-02
    9.6850031796E-01    3.1357327707E-02
    9.6900031796E-01    3.0827472227E-02
    9.6950031796E-01    3.0298087082E-02
    9.7000031796E-01    2.9769172813E-02
    9.7050031796E-01    2.9240729961E-02
    9.7100031796E-01    2.8712759067E-02
    9.7150031796E-01    2.8185260668E-02
    9.7200031796E-01    2.7658235304E-02
    9.7250031796E-01    2.7131683512E-02
    9.7300031796E-01    2.6605605826E-02
    9.7350031796E-01    2.6080002783E-02
    9.7400031796E-01    2.5554874918E-02
    9.7450031796E-01    2.5030222762E-02
    9.7500031796E-01    2.4506046849E-02
    9.7550031796E-01    2.3982347711E-02
    9.7600031796E-01    2.3459125877E-02
    9.7650031796E-01    2.2936381877E-02
    9.7700031796E-01    2.2414116240E-02
    9.7750031796E-01    2.1892329494E-02
    9.7800031796E-01    2.1371022165E-02
    9.7850031796E-01    2.0850194779E-02
    9.7900031796E-01    2.0329847861E-02
    9.7950031796E-01    1.9809981935E-02
    9.8000031796E-01    1.9290597525E-02
    9.8050031796E-01    1.8771695151E-02
    9.8100031796E-01    1.8253275335E-02
    9.8150031796E-01    1.7735338598E-02
    9.8200031796E-01    1.7217885458E-02
    9.8250031796E-01    1.6700916434E-02
    9.8300031796E-01    1.6184432043E-02
    9.8350031796E-01    1.5668432801E-02
    9.8400031796E-01    1.5152919224E-02
    9.8450031796E-01    1.4637891826E-02
    9.8500031796E-01    1.4123351121E-02
    9.8550031796E-01    1.3609297621E-02
    9.8600031796E-01    1.3095731838E-02
    9.8650031796E-01    1.2582654283E-02
    9.8700031796E-01    1.2070065464E-02
    9.8750031796E-01    1.1557965892E-02
    9.8800031796E-01    1.1046356073E-02
    9.8850031796E-01    1.0535236515E-02
    9.8900031796E-01    1.0024607722E-02
    9.8950031796E-01    9.5144702016E-03
    9.9000031796E-01    9.0048244560E-03
    9.9050031796E-01    8.4956709885E-03
    9.9100031796E-01    7.9870103011E-03
    9.9150031796E-01    7.4788428950E-03
    9.9200031796E-01    6.9711692702E-03
    9.9250031796E-01    6.4639899259E-03
    9.9300031796E-01    5.9573053601E-03
    9.9350031796E-01    5.4511160703E-03
    9.9400031796E-01    4.9454225525E-03
    9.9450031796E-01    4.4402253021E-03
    9.9500031796E-01    3.9355248134E-03
    9.9550031796E-01    3.4313215797E-03
    9.9600031796E-01    2.9276160934E-03
    9.9650031796E-01    2.4244088460E-03
    9.9700031796E-01    1.9217003279E-03
    9.9750031796E-01    1.4194910285E-03
    9.9800031796E-01    9.1778143635E-04
    9.9850031796E-01    4.1657203905E-04
