    3.1407034189E-08    1.0000000000E+00
    5.0003140703E-04    9.9980991624E-01
    1.0000314070E-03    9.9924001116E-01
    1.5000314070E-03    9.9829117942E-01
    2.0000314070E-03    9.9696490871E-01
    2.5000314070E-03    9.9526327484E-01
    3.0000314070E-03    9.9318893482E-01
    3.5000314070E-03    9.9074511811E-01
    4.0000314070E-03    9.8793561588E-01
    4.5000314070E-03    9.8476476863E-01
    5.0000314070E-03    9.8123745197E-01
    5.5000314070E-03    9.7735906082E-01
    6.0000314070E-03    9.7313549199E-01
    6.5000314070E-03    9.6857312539E-01
    7.0000314070E-03    9.6367880374E-01
    7.5000314070E-03    9.5845981114E-01
    8.0000314070E-03    9.5292385048E-01
    8.5000314070E-03    9.4707901972E-01
    9.0000314070E-03    9.4093378743E-01
    9.5000314070E-03    9.3449696738E-01
    1.0000031407E-02    9.2777769261E-01
    1.0500031407E-02    9.2078538888E-01
    1.1000031407E-02    9.1352974774E-01
    1.1500031407E-02    9.0602069933E-01
    1.2000031407E-02    8.9826838499E-01
    1.2500031407E-02    8.9028312988E-01
    1.3000031407E-02    8.8207541561E-01
    1.3500031407E-02    8.7365585313E-01
    1.4000031407E-02    8.6503515586E-01
    1.4500031407E-02    8.5622411327E-01
    1.5000031407E-02    8.4723356492E-01
    1.5500031407E-02    8.3807437511E-01
    1.6000031407E-02    8.2875740821E-01
    1.6500031407E-02    8.1929350474E-01
    1.7000031407E-02    8.0969345827E-01
    1.7500031407E-02    7.9996799319E-01
    1.8000031407E-02    7.9012774349E-01
    1.8500031407E-02    7.8018323248E-01
    1.9000031407E-02    7.7014485355E-01
    1.9500031407E-02    7.6002285204E-01
    2.0000031407E-02    7.4982730819E-01
    2.0500031407E-02    7.3956812120E-01
    2.1000031407E-02    7.2925499447E-01
    2.1500031407E-02    7.1889742194E-01
    2.2000031407E-02    7.0850467562E-01
    2.2500031407E-02    6.9808579423E-01
    2.3000031407E-02    6.8764957301E-01
    2.3500031407E-02    6.7720455463E-01
    2.4000031407E-02    6.6675902123E-01
    2.4500031407E-02    6.5632098748E-01
    2.5000031407E-02    6.4589819480E-01
    2.5500031407E-02    6.3549810646E-01
    2.6000031407E-02    6.2512790384E-01
    2.6500031407E-02    6.1479448349E-01
    2.7000031407E-02    6.0450445517E-01
    2.7500031407E-02    5.9426414080E-01
    2.8000031407E-02    5.8407957418E-01
    2.8500031407E-02    5.7395650150E-01
    2.9000031407E-02    5.6390038264E-01
    2.9500031407E-02    5.5391639312E-01
    3.0000031407E-02    5.4400942676E-01
    3.0500031407E-02    5.3418409883E-01
    3.1000031407E-02    5.2444474991E-01
    3.1500031407E-02    5.1479545017E-01
    3.2000031407E-02    5.0524000412E-01
    3.2500031407E-02    4.9578195582E-01
    3.3000031407E-02    4.8642459449E-01
    3.3500031407E-02    4.7717096040E-01
    3.4000031407E-02    4.6802385111E-01
    3.4500031407E-02    4.5898582800E-01
    3.5000031407E-02    4.5005922291E-01
    3.5500031407E-02    4.4124614515E-01
    3.6000031407E-02    4.3254848848E-01
    3.6500031407E-02    4.2396793836E-01
    3.7000031407E-02    4.1550597921E-01
    3.7500031407E-02    4.0716390179E-01
    3.8000031407E-02    3.9894281057E-01
    3.8500031407E-02    3.9084363112E-01
    3.9000031407E-02    3.8286711756E-01
    3.9500031407E-02    3.7501385985E-01
    4.0000031407E-02    3.6728429118E-01
    4.0500031407E-02    3.5967869514E-01
    4.1000031407E-02    3.5219721290E-01
    4.1500031407E-02    3.4483985028E-01
    4.2000031407E-02    3.3760648466E-01
    4.2500031407E-02    3.3049687177E-01
    4.3000031407E-02    3.2351065239E-01
    4.3500031407E-02    3.1664735884E-01
    4.4000031407E-02    3.0990642134E-01
    4.4500031407E-02    3.0328717422E-01
    4.5000031407E-02    2.9678886190E-01
    4.5500031407E-02    2.9041064478E-01
    4.6000031407E-02    2.8415160486E-01
    4.6500031407E-02    2.7801075128E-01
    4.7000031407E-02    2.7198702555E-01
    4.7500031407E-02    2.6607930669E-01
    4.8000031407E-02    2.6028641615E-01
    4.8500031407E-02    2.5460712255E-01
    4.9000031407E-02    2.4904014621E-01
    4.9500031407E-02    2.4358416352E-01
    5.0000031407E-02    2.3823781111E-01
    5.0500031407E-02    2.3299968986E-01
    5.1000031407E-02    2.2786836869E-01
    5.1500031407E-02    2.2284238824E-01
    5.2000031407E-02    2.1792026428E-01
    5.2500031407E-02    2.1310049107E-01
    5.3000031407E-02    2.0838154444E-01
    5.3500031407E-02    2.0376188478E-01
    5.4000031407E-02    1.9923995987E-01
    5.4500031407E-02    1.9481420752E-01
    5.5000031407E-02    1.9048305808E-01
    5.5500031407E-02    1.8624493682E-01
    5.6000031407E-02    1.8209826614E-01
    5.6500031407E-02    1.7804146770E-01
    5.7000031407E-02    1.7407296435E-01
    5.7500031407E-02    1.7019118198E-01
    5.8000031407E-02    1.6639455125E-01
    5.8500031407E-02    1.6268150919E-01
    5.9000031407E-02    1.5905050068E-01
    5.9500031407E-02    1.5549997986E-01
    6.0000031407E-02    1.5202841137E-01
    6.0500031407E-02    1.4863427160E-01
    6.1000031407E-02    1.4531604974E-01
    6.1500031407E-02    1.4207224880E-01
    6.2000031407E-02    1.3890138654E-01
    6.2500031407E-02    1.3580199626E-01
    6.3000031407E-02    1.3277262766E-01
    6.3500031407E-02    1.2981184742E-01
    6.4000031407E-02    1.2691823992E-01
    6.4500031407E-02    1.2409040771E-01
    6.5000031407E-02    1.2132697209E-01
    6.5500031407E-02    1.1862657347E-01
    6.6000031407E-02    1.1598787179E-01
    6.6500031407E-02    1.1340954686E-01
    6.7000031407E-02    1.1089029861E-01
    6.7500031407E-02    1.0842884732E-01
    6.8000031407E-02    1.0602393386E-01
    6.8500031407E-02    1.0367431977E-01
    6.9000031407E-02    1.0137878743E-01
    6.9500031407E-02    9.9136140108E-02
    7.0000031407E-02    9.6945201999E-02
    7.0500031407E-02    9.4804818250E-02
    7.1000031407E-02    9.2713854934E-02
    7.1500031407E-02    9.0671199008E-02
    7.2000031407E-02    8.8675758243E-02
    7.2500031407E-02    8.6726461132E-02
    7.3000031407E-02    8.4822256775E-02
    7.3500031407E-02    8.2962114750E-02
    7.4000031407E-02    8.1145024952E-02
    7.4500031407E-02    7.9369997437E-02
    7.5000031407E-02    7.7636062228E-02
    7.5500031407E-02    7.5942269125E-02
    7.6000031407E-02    7.4287687492E-02
    7.6500031407E-02    7.2671406039E-02
    7.7000031407E-02    7.1092532587E-02
    7.7500031407E-02    6.9550193833E-02
    7.8000031407E-02    6.8043535096E-02
    7.8500031407E-02    6.6571720066E-02
    7.9000031407E-02    6.5133930543E-02
    7.9500031407E-02    6.3729366163E-02
    8.0000031407E-02    6.2357244137E-02
    8.0500031407E-02    6.1016798965E-02
    8.1000031407E-02    5.9707282164E-02
    8.1500031407E-02    5.8427961984E-02
    8.2000031407E-02    5.7178123122E-02
    8.2500031407E-02    5.5957066444E-02
    8.3000031407E-02    5.4764108691E-02
    8.3500031407E-02    5.3598582198E-02
    8.4000031407E-02    5.2459834607E-02
    8.4500031407E-02    5.1347228579E-02
    8.5000031407E-02    5.0260141509E-02
    8.5500031407E-02    4.9197965245E-02
    8.6000031407E-02    4.8160105803E-02
    8.6500031407E-02    4.7145983085E-02
    8.7000031407E-02    4.6155030604E-02
    8.7500031407E-02    4.5186695203E-02
    8.8000031407E-02    4.4240436786E-02
    8.8500031407E-02    4.3315728042E-02
    8.9000031407E-02    4.2412054179E-02
    8.9500031407E-02    4.1528912660E-02
    9.0000031407E-02    4.0665812935E-02
    9.0500031407E-02    3.9822276192E-02
    9.1000031407E-02    3.8997835091E-02
    9.1500031407E-02    3.8192033520E-02
    9.2000031407E-02    3.7404426343E-02
    9.2500031407E-02    3.6634579158E-02
    9.3000031407E-02    3.5882068055E-02
    9.3500031407E-02    3.5146479377E-02
    9.4000031407E-02    3.4427409494E-02
    9.4500031407E-02    3.3724464566E-02
    9.5000031407E-02    3.3037260324E-02
    9.5500031407E-02    3.2365421846E-02
    9.6000031407E-02    3.1708583341E-02
    9.6500031407E-02    3.1066387939E-02
    9.7000031407E-02    3.0438487474E-02
    9.7500031407E-02    2.9824542290E-02
    9.8000031407E-02    2.9224221030E-02
    9.8500031407E-02    2.8637200445E-02
    9.9000031407E-02    2.8063165200E-02
    9.9500031407E-02    2.7501807684E-02
    1.0000003141E-01    2.6952827825E-02
    1.0050003141E-01    2.6415932909E-02
    1.0100003141E-01    2.5890837400E-02
    1.0150003141E-01    2.5377262772E-02
    1.0200003141E-01    2.4874937332E-02
    1.0250003141E-01    2.4383596059E-02
    1.0300003141E-01    2.3902980439E-02
    1.0350003141E-01    2.3432838304E-02
    1.0400003141E-01    2.2972923681E-02
    1.0450003141E-01    2.2522996636E-02
    1.0500003141E-01    2.2082823127E-02
    1.0550003141E-01    2.1652174859E-02
    1.0600003141E-01    2.1230829140E-02
    1.0650003141E-01    2.0818568745E-02
    1.0700003141E-01    2.0415181778E-02
    1.0750003141E-01    2.0020461544E-02
    1.0800003141E-01    1.9634206413E-02
    1.0850003141E-01    1.9256219700E-02
    1.0900003141E-01    1.8886309539E-02
    1.0950003141E-01    1.8524288762E-02
    1.1000003141E-01    1.8169974785E-02
    1.1050003141E-01    1.7823189490E-02
    1.1100003141E-01    1.7483759116E-02
    1.1150003141E-01    1.7151514145E-02
    1.1200003141E-01    1.6826289204E-02
    1.1250003141E-01    1.6507922953E-02
    1.1300003141E-01    1.6196257989E-02
    1.1350003141E-01    1.5891140742E-02
    1.1400003141E-01    1.5592421387E-02
    1.1450003141E-01    1.5299953741E-02
    1.1500003141E-01    1.5013595177E-02
    1.1550003141E-01    1.4733206532E-02
    1.1600003141E-01    1.4458652022E-02
    1.1650003141E-01    1.4189799155E-02
    1.1700003141E-01    1.3926518649E-02
    1.1750003141E-01    1.3668684353E-02
    1.1800003141E-01    1.3416173163E-02
    1.1850003141E-01    1.3168864954E-02
    1.1900003141E-01    1.2926642495E-02
    1.1950003141E-01    1.2689391383E-02
    1.2000003141E-01    1.2456999972E-02
    1.2050003141E-01    1.2229359298E-02
    1.2100003141E-01    1.2006363018E-02
    1.2150003141E-01    1.1787907341E-02
    1.2200003141E-01    1.1573890964E-02
    1.2250003141E-01    1.1364215009E-02
    1.2300003141E-01    1.1158782965E-02
    1.2350003141E-01    1.0957500623E-02
    1.2400003141E-01    1.0760276026E-02
    1.2450003141E-01    1.0567019405E-02
    1.2500003141E-01    1.0377643130E-02
    1.2550003141E-01    1.0192061651E-02
    1.2600003141E-01    1.0010191453E-02
    1.2650003141E-01    9.8319509969E-03
    1.2700003141E-01    9.6572606765E-03
    1.2750003141E-01    9.4860427671E-03
    1.2800003141E-01    9.3182213798E-03
    1.2850003141E-01    9.1537224147E-03
    1.2900003141E-01    8.9924735173E-03
    1.2950003141E-01    8.8344040343E-03
    1.3000003141E-01    8.6794449718E-03
    1.3050003141E-01    8.5275289536E-03
    1.3100003141E-01    8.3785901812E-03
    1.3150003141E-01    8.2325643947E-03
    1.3200003141E-01    8.0893888345E-03
    1.3250003141E-01    7.9490022044E-03
    1.3300003141E-01    7.8113446350E-03
    1.3350003141E-01    7.6763576486E-03
    1.3400003141E-01    7.5439841249E-03
    1.3450003141E-01    7.4141682676E-03
    1.3500003141E-01    7.2868555711E-03
    1.3550003141E-01    7.1619927897E-03
    1.3600003141E-01    7.0395279058E-03
    1.3650003141E-01    6.9194101002E-03
    1.3700003141E-01    6.8015897223E-03
    1.3750003141E-01    6.6860182618E-03
    1.3800003141E-01    6.5726483206E-03
    1.3850003141E-01    6.4614335856E-03
    1.3900003141E-01    6.3523288020E-03
    1.3950003141E-01    6.2452897480E-03
    1.4000003141E-01    6.1402732091E-03
    1.4050003141E-01    6.0372369537E-03
    1.4100003141E-01    5.9361397093E-03
    1.4150003141E-01    5.8369411393E-03
    1.4200003141E-01    5.7396018198E-03
    1.4250003141E-01    5.6440832182E-03
    1.4300003141E-01    5.5503476710E-03
    1.4350003141E-01    5.4583583633E-03
    1.4400003141E-01    5.3680793079E-03
    1.4450003141E-01    5.2794753255E-03
    1.4500003141E-01    5.1925120256E-03
    1.4550003141E-01    5.1071557868E-03
    1.4600003141E-01    5.0233737390E-03
    1.4650003141E-01    4.9411337452E-03
    1.4700003141E-01    4.8604043837E-03
    1.4750003141E-01    4.7811549313E-03
    1.4800003141E-01    4.7033553466E-03
    1.4850003141E-01    4.6269762536E-03
    1.4900003141E-01    4.5519889257E-03
    1.4950003141E-01    4.4783652708E-03
    1.5000003141E-01    4.4060778157E-03
    1.5050003141E-01    4.3350996918E-03
    1.5100003141E-01    4.2654046204E-03
    1.5150003141E-01    4.1969668993E-03
    1.5200003141E-01    4.1297613886E-03
    1.5250003141E-01    4.0637634978E-03
    1.5300003141E-01    3.9989491727E-03
    1.5350003141E-01    3.9352948832E-03
    1.5400003141E-01    3.8727776103E-03
    1.5450003141E-01    3.8113748347E-03
    1.5500003141E-01    3.7510645248E-03
    1.5550003141E-01    3.6918251257E-03
    1.5600003141E-01    3.6336355474E-03
    1.5650003141E-01    3.5764751547E-03
    1.5700003141E-01    3.5203237561E-03
    1.5750003141E-01    3.4651615938E-03
    1.5800003141E-01    3.4109693335E-03
    1.5850003141E-01    3.3577280547E-03
    1.5900003141E-01    3.3054192409E-03
    1.5950003141E-01    3.2540247706E-03
    1.6000003141E-01    3.2035269080E-03
    1.6050003141E-01    3.1539082942E-03
    1.6100003141E-01    3.1051519385E-03
    1.6150003141E-01    3.0572412098E-03
    1.6200003141E-01    3.0101598288E-03
    1.6250003141E-01    2.9638918596E-03
    1.6300003141E-01    2.9184217018E-03
    1.6350003141E-01    2.8737340833E-03
    1.6400003141E-01    2.8298140522E-03
    1.6450003141E-01    2.7866469702E-03
    1.6500003141E-01    2.7442185048E-03
    1.6550003141E-01    2.7025146230E-03
    1.6600003141E-01    2.6615215841E-03
    1.6650003141E-01    2.6212259334E-03
    1.6700003141E-01    2.5816144954E-03
    1.6750003141E-01    2.5426743679E-03
    1.6800003141E-01    2.5043929156E-03
    1.6850003141E-01    2.4667577642E-03
    1.6900003141E-01    2.4297567946E-03
    1.6950003141E-01    2.3933781371E-03
    1.7000003141E-01    2.3576101659E-03
    1.7050003141E-01    2.3224414938E-03
    1.7100003141E-01    2.2878609664E-03
    1.7150003141E-01    2.2538576576E-03
    1.7200003141E-01    2.2204208640E-03
    1.7250003141E-01    2.1875401003E-03
    1.7300003141E-01    2.1552050943E-03
    1.7350003141E-01    2.1234057823E-03
    1.7400003141E-01    2.0921323044E-03
    1.7450003141E-01    2.0613750001E-03
    1.7500003141E-01    2.0311244039E-03
    1.7550003141E-01    2.0013712410E-03
    1.7600003141E-01    1.9721064233E-03
    1.7650003141E-01    1.9433210449E-03
    1.7700003141E-01    1.9150063788E-03
    1.7750003141E-01    1.8871538721E-03
    1.7800003141E-01    1.8597551432E-03
    1.7850003141E-01    1.8328019772E-03
    1.7900003141E-01    1.8062863230E-03
    1.7950003141E-01    1.7802002893E-03
    1.8000003141E-01    1.7545361413E-03
    1.8050003141E-01    1.7292862973E-03
    1.8100003141E-01    1.7044433255E-03
    1.8150003141E-01    1.6799999407E-03
    1.8200003141E-01    1.6559490010E-03
    1.8250003141E-01    1.6322835050E-03
    1.8300003141E-01    1.6089965888E-03
    1.8350003141E-01    1.5860815228E-03
    1.8400003141E-01    1.5635317090E-03
    1.8450003141E-01    1.5413406782E-03
    1.8500003141E-01    1.5195020872E-03
    1.8550003141E-01    1.4980097163E-03
    1.8600003141E-01    1.4768574666E-03
    1.8650003141E-01    1.4560393571E-03
    1.8700003141E-01    1.4355495229E-03
    1.8750003141E-01    1.4153822121E-03
    1.8800003141E-01    1.3955317838E-03
    1.8850003141E-01    1.3759927058E-03
    1.8900003141E-01    1.3567595520E-03
    1.8950003141E-01    1.3378270005E-03
    1.9000003141E-01    1.3191898311E-03
    1.9050003141E-01    1.3008429236E-03
    1.9100003141E-01    1.2827812554E-03
    1.9150003141E-01    1.2649998996E-03
    1.9200003141E-01    1.2474940229E-03
    1.9250003141E-01    1.2302588838E-03
    1.9300003141E-01    1.2132898306E-03
    1.9350003141E-01    1.1965822997E-03
    1.9400003141E-01    1.1801318134E-03
    1.9450003141E-01    1.1639339787E-03
    1.9500003141E-01    1.1479844851E-03
    1.9550003141E-01    1.1322791031E-03
    1.9600003141E-01    1.1168136826E-03
    1.9650003141E-01    1.1015841510E-03
    1.9700003141E-01    1.0865865120E-03
    1.9750003141E-01    1.0718168436E-03
    1.9800003141E-01    1.0572712972E-03
    1.9850003141E-01    1.0429460954E-03
    1.9900003141E-01    1.0288375311E-03
    1.9950003141E-01    1.0149419659E-03
    2.0000003141E-01    1.0012558286E-03
    2.0050003141E-01    9.8777561383E-04
    2.0100003141E-01    9.7449788112E-04
    2.0150003141E-01    9.6141925312E-04
    2.0200003141E-01    9.4853641454E-04
    2.0250003141E-01    9.3584611092E-04
    2.0300003141E-01    9.2334514735E-04
    2.0350003141E-01    9.1103038733E-04
    2.0400003141E-01    8.9889875158E-04
    2.0450003141E-01    8.8694721689E-04
    2.0500003141E-01    8.7517281506E-04
    2.0550003141E-01    8.6357263172E-04
    2.0600003141E-01    8.5214380536E-04
    2.0650003141E-01    8.4088352620E-04
    2.0700003141E-01    8.2978903524E-04
    2.0750003141E-01    8.1885762319E-04
    2.0800003141E-01    8.0808662957E-04
    2.0850003141E-01    7.9747344167E-04
    2.0900003141E-01    7.8701549367E-04
    2.0950003141E-01    7.7671026570E-04
    2.1000003141E-01    7.6655528294E-04
    2.1050003141E-01    7.5654811474E-04
    2.1100003141E-01    7.4668637379E-04
    2.1150003141E-01    7.3696771522E-04
    2.1200003141E-01    7.2738983582E-04
    2.1250003141E-01    7.1795047323E-04
    2.1300003141E-01    7.0864740510E-04
    2.1350003141E-01    6.9947844840E-04
    2.1400003141E-01    6.9044145859E-04
    2.1450003141E-01    6.8153432891E-04
    2.1500003141E-01    6.7275498964E-04
    2.1550003141E-01    6.6410140739E-04
    2.1600003141E-01    6.5557158444E-04
    2.1650003141E-01    6.4716355799E-04
    2.1700003141E-01    6.3887539956E-04
    2.1750003141E-01    6.3070521427E-04
    2.1800003141E-01    6.2265114025E-04
    2.1850003141E-01    6.1471134802E-04
    2.1900003141E-01    6.0688403980E-04
    2.1950003141E-01    5.9916744901E-04
    2.2000003141E-01    5.9155983959E-04
    2.2050003141E-01    5.8405950549E-04
    2.2100003141E-01    5.7666477005E-04
    2.2150003141E-01    5.6937398551E-04
    2.2200003141E-01    5.6218553239E-04
    2.2250003141E-01    5.5509781902E-04
    2.2300003141E-01    5.4810928098E-04
    2.2350003141E-01    5.4121838064E-04
    2.2400003141E-01    5.3442360658E-04
    2.2450003141E-01    5.2772347319E-04
    2.2500003141E-01    5.2111652011E-04
    2.2550003141E-01    5.1460131182E-04
    2.2600003141E-01    5.0817643715E-04
    2.2650003141E-01    5.0184050882E-04
    2.2700003141E-01    4.9559216304E-04
    2.2750003141E-01    4.8943005902E-04
    2.2800003141E-01    4.8335287859E-04
    2.2850003141E-01    4.7735932575E-04
    2.2900003141E-01    4.7144812629E-04
    2.2950003141E-01    4.6561802739E-04
    2.3000003141E-01    4.5986779718E-04
    2.3050003141E-01    4.5419622444E-04
    2.3100003141E-01    4.4860211813E-04
    2.3150003141E-01    4.4308430710E-04
    2.3200003141E-01    4.3764163968E-04
    2.3250003141E-01    4.3227298333E-04
    2.3300003141E-01    4.2697722433E-04
    2.3350003141E-01    4.2175326739E-04
    2.3400003141E-01    4.1660003534E-04
    2.3450003141E-01    4.1151646881E-04
    2.3500003141E-01    4.0650152588E-04
    2.3550003141E-01    4.0155418181E-04
    2.3600003141E-01    3.9667342868E-04
    2.3650003141E-01    3.9185827513E-04
    2.3700003141E-01    3.8710774604E-04
    2.3750003141E-01    3.8242088224E-04
    2.3800003141E-01    3.7779674023E-04
    2.3850003141E-01    3.7323439192E-04
    2.3900003141E-01    3.6873292430E-04
    2.3950003141E-01    3.6429143923E-04
    2.4000003141E-01    3.5990905316E-04
    2.4050003141E-01    3.5558489683E-04
    2.4100003141E-01    3.5131811509E-04
    2.4150003141E-01    3.4710786658E-04
    2.4200003141E-01    3.4295332353E-04
    2.4250003141E-01    3.3885367150E-04
    2.4300003141E-01    3.3480810917E-04
    2.4350003141E-01    3.3081584807E-04
    2.4400003141E-01    3.2687611240E-04
    2.4450003141E-01    3.2298813875E-04
    2.4500003141E-01    3.1915117594E-04
    2.4550003141E-01    3.1536448479E-04
    2.4600003141E-01    3.1162733788E-04
    2.4650003141E-01    3.0793901940E-04
    2.4700003141E-01    3.0429882489E-04
    2.4750003141E-01    3.0070606107E-04
    2.4800003141E-01    2.9716004567E-04
    2.4850003141E-01    2.9366010720E-04
    2.4900003141E-01    2.9020558477E-04
    2.4950003141E-01    2.8679582793E-04
    2.5000003141E-01    2.8343019647E-04
    2.5050003141E-01    2.8010806024E-04
    2.5100003141E-01    2.7682879901E-04
    2.5150003141E-01    2.7359180226E-04
    2.5200003141E-01    2.7039646903E-04
    2.5250003141E-01    2.6724220775E-04
    2.5300003141E-01    2.6412843611E-04
    2.5350003141E-01    2.6105458084E-04
    2.5400003141E-01    2.5802007764E-04
    2.5450003141E-01    2.5502437093E-04
    2.5500003141E-01    2.5206691380E-04
    2.5550003141E-01    2.4914716778E-04
    2.5600003141E-01    2.4626460276E-04
    2.5650003141E-01    2.4341869680E-04
    2.5700003141E-01    2.4060893602E-04
    2.5750003141E-01    2.3783481446E-04
    2.5800003141E-01    2.3509583395E-04
    2.5850003141E-01    2.3239150397E-04
    2.5900003141E-01    2.2972134151E-04
    2.5950003141E-01    2.2708487098E-04
    2.6000003141E-01    2.2448162405E-04
    2.6050003141E-01    2.2191113955E-04
    2.6100003141E-01    2.1937296334E-04
    2.6150003141E-01    2.1686664821E-04
    2.6200003141E-01    2.1439175373E-04
    2.6250003141E-01    2.1194784617E-04
    2.6300003141E-01    2.0953449837E-04
    2.6350003141E-01    2.0715128966E-04
    2.6400003141E-01    2.0479780571E-04
    2.6450003141E-01    2.0247363845E-04
    2.6500003141E-01    2.0017838596E-04
    2.6550003141E-01    1.9791165239E-04
    2.6600003141E-01    1.9567304782E-04
    2.6650003141E-01    1.9346218819E-04
    2.6700003141E-01    1.9127869522E-04
    2.6750003141E-01    1.8912219625E-04
    2.6800003141E-01    1.8699232424E-04
    2.6850003141E-01    1.8488871760E-04
    2.6900003141E-01    1.8281102014E-04
    2.6950003141E-01    1.8075888096E-04
    2.7000003141E-01    1.7873195440E-04
    2.7050003141E-01    1.7672989992E-04
    2.7100003141E-01    1.7475238203E-04
    2.7150003141E-01    1.7279907020E-04
    2.7200003141E-01    1.7086963880E-04
    2.7250003141E-01    1.6896376700E-04
    2.7300003141E-01    1.6708113869E-04
    2.7350003141E-01    1.6522144245E-04
    2.7400003141E-01    1.6338437139E-04
    2.7450003141E-01    1.6156962317E-04
    2.7500003141E-01    1.5977689985E-04
    2.7550003141E-01    1.5800590788E-04
    2.7600003141E-01    1.5625635797E-04
    2.7650003141E-01    1.5452796510E-04
    2.7700003141E-01    1.5282044835E-04
    2.7750003141E-01    1.5113353095E-04
    2.7800003141E-01    1.4946694010E-04
    2.7850003141E-01    1.4782040701E-04
    2.7900003141E-01    1.4619366676E-04
    2.7950003141E-01    1.4458645826E-04
    2.8000003141E-01    1.4299852423E-04
    2.8050003141E-01    1.4142961107E-04
    2.8100003141E-01    1.3987946887E-04
    2.8150003141E-01    1.3834785130E-04
    2.8200003141E-01    1.3683451557E-04
    2.8250003141E-01    1.3533922240E-04
    2.8300003141E-01    1.3386173592E-04
    2.8350003141E-01    1.3240182365E-04
    2.8400003141E-01    1.3095925645E-04
    2.8450003141E-01    1.2953380843E-04
    2.8500003141E-01    1.2812525694E-04
    2.8550003141E-01    1.2673338249E-04
    2.8600003141E-01    1.2535796874E-04
    2.8650003141E-01    1.2399880239E-04
    2.8700003141E-01    1.2265567320E-04
    2.8750003141E-01    1.2132837389E-04
    2.8800003141E-01    1.2001670013E-04
    2.8850003141E-01    1.1872045046E-04
    2.8900003141E-01    1.1743942628E-04
    2.8950003141E-01    1.1617343179E-04
    2.9000003141E-01    1.1492227394E-04
    2.9050003141E-01    1.1368576241E-04
    2.9100003141E-01    1.1246370954E-04
    2.9150003141E-01    1.1125593030E-04
    2.9200003141E-01    1.1006224227E-04
    2.9250003141E-01    1.0888246557E-04
    2.9300003141E-01    1.0771642283E-04
    2.9350003141E-01    1.0656393917E-04
    2.9400003141E-01    1.0542484213E-04
    2.9450003141E-01    1.0429896167E-04
    2.9500003141E-01    1.0318613010E-04
    2.9550003141E-01    1.0208618206E-04
    2.9600003141E-01    1.0099895450E-04
    2.9650003141E-01    9.9924286599E-05
    2.9700003141E-01    9.8862019783E-05
    2.9750003141E-01    9.7811997662E-05
    2.9800003141E-01    9.6774066002E-05
    2.9850003141E-01    9.5748072697E-05
    2.9900003141E-01    9.4733867733E-05
    2.9950003141E-01    9.3731303158E-05
    3.0000003141E-01    9.2740233052E-05
    3.0050003141E-01    9.1760513494E-05
    3.0100003141E-01    9.0792002534E-05
    3.0150003141E-01    8.9834560166E-05
    3.0200003141E-01    8.8888048291E-05
    3.0250003141E-01    8.7952330700E-05
    3.0300003141E-01    8.7027273034E-05
    3.0350003141E-01    8.6112742767E-05
    3.0400003141E-01    8.5208609170E-05
    3.0450003141E-01    8.4314743293E-05
    3.0500003141E-01    8.3431017929E-05
    3.0550003141E-01    8.2557307598E-05
    3.0600003141E-01    8.1693488513E-05
    3.0650003141E-01    8.0839438562E-05
    3.0700003141E-01    7.9995037279E-05
    3.0750003141E-01    7.9160165821E-05
    3.0800003141E-01    7.8334706944E-05
    3.0850003141E-01    7.7518544980E-05
    3.0900003141E-01    7.6711565813E-05
    3.0950003141E-01    7.5913656859E-05
    3.1000003141E-01    7.5124707039E-05
    3.1050003141E-01    7.4344606762E-05
    3.1100003141E-01    7.3573247899E-05
    3.1150003141E-01    7.2810523764E-05
    3.1200003141E-01    7.2056329094E-05
    3.1250003141E-01    7.1310560026E-05
    3.1300003141E-01    7.0573114077E-05
    3.1350003141E-01    6.9843890126E-05
    3.1400003141E-01    6.9122788392E-05
    3.1450003141E-01    6.8409710417E-05
    3.1500003141E-01    6.7704559045E-05
    3.1550003141E-01    6.7007238402E-05
    3.1600003141E-01    6.6317653882E-05
    3.1650003141E-01    6.5635712125E-05
    3.1700003141E-01    6.4961321000E-05
    3.1750003141E-01    6.4294389587E-05
    3.1800003141E-01    6.3634828163E-05
    3.1850003141E-01    6.2982548178E-05
    3.1900003141E-01    6.2337462245E-05
    3.1950003141E-01    6.1699484122E-05
    3.2000003141E-01    6.1068528691E-05
    3.2050003141E-01    6.0444511948E-05
    3.2100003141E-01    5.9827350984E-05
    3.2150003141E-01    5.9216963969E-05
    3.2200003141E-01    5.8613270140E-05
    3.2250003141E-01    5.8016189781E-05
    3.2300003141E-01    5.7425644213E-05
    3.2350003141E-01    5.6841555776E-05
    3.2400003141E-01    5.6263847817E-05
    3.2450003141E-01    5.5692444672E-05
    3.2500003141E-01    5.5127271658E-05
    3.2550003141E-01    5.4568255054E-05
    3.2600003141E-01    5.4015322089E-05
    3.2650003141E-01    5.3468400930E-05
    3.2700003141E-01    5.2927420668E-05
    3.2750003141E-01    5.2392311303E-05
    3.2800003141E-01    5.1863003737E-05
    3.2850003141E-01    5.1339429754E-05
    3.2900003141E-01    5.0821522014E-05
    3.2950003141E-01    5.0309214035E-05
    3.3000003141E-01    4.9802440188E-05
    3.3050003141E-01    4.9301135679E-05
    3.3100003141E-01    4.8805236540E-05
    3.3150003141E-01    4.8314679618E-05
    3.3200003141E-01    4.7829402562E-05
    3.3250003141E-01    4.7349343815E-05
    3.3300003141E-01    4.6874442598E-05
    3.3350003141E-01    4.6404638905E-05
    3.3400003141E-01    4.5939873488E-05
    3.3450003141E-01    4.5480087848E-05
    3.3500003141E-01    4.5025224226E-05
    3.3550003141E-01    4.4575225592E-05
    3.3600003141E-01    4.4130035633E-05
    3.3650003141E-01    4.3689598745E-05
    3.3700003141E-01    4.3253860024E-05
    3.3750003141E-01    4.2822765257E-05
    3.3800003141E-01    4.2396260908E-05
    3.3850003141E-01    4.1974294115E-05
    3.3900003141E-01    4.1556812675E-05
    3.3950003141E-01    4.1143765039E-05
    3.4000003141E-01    4.0735100302E-05
    3.4050003141E-01    4.0330768196E-05
    3.4100003141E-01    3.9930719075E-05
    3.4150003141E-01    3.9534903915E-05
    3.4200003141E-01    3.9143274301E-05
    3.4250003141E-01    3.8755782417E-05
    3.4300003141E-01    3.8372381044E-05
    3.4350003141E-01    3.7993023545E-05
    3.4400003141E-01    3.7617663863E-05
    3.4450003141E-01    3.7246256510E-05
    3.4500003141E-01    3.6878756558E-05
    3.4550003141E-01    3.6515119636E-05
    3.4600003141E-01    3.6155301920E-05
    3.4650003141E-01    3.5799260124E-05
    3.4700003141E-01    3.5446951496E-05
    3.4750003141E-01    3.5098333808E-05
    3.4800003141E-01    3.4753365352E-05
    3.4850003141E-01    3.4412004930E-05
    3.4900003141E-01    3.4074211850E-05
    3.4950003141E-01    3.3739945917E-05
    3.5000003141E-01    3.3409167428E-05
    3.5050003141E-01    3.3081837163E-05
    3.5100003141E-01    3.2757916384E-05
    3.5150003141E-01    3.2437366821E-05
    3.5200003141E-01    3.2120150673E-05
    3.5250003141E-01    3.1806230597E-05
    3.5300003141E-01    3.1495569703E-05
    3.5350003141E-01    3.1188131551E-05
    3.5400003141E-01    3.0883880140E-05
    3.5450003141E-01    3.0582779907E-05
    3.5500003141E-01    3.0284795718E-05
    3.5550003141E-01    2.9989892863E-05
    3.5600003141E-01    2.9698037054E-05
    3.5650003141E-01    2.9409194412E-05
    3.5700003141E-01    2.9123331470E-05
    3.5750003141E-01    2.8840415161E-05
    3.5800003141E-01    2.8560412817E-05
    3.5850003141E-01    2.8283292162E-05
    3.5900003141E-01    2.8009021307E-05
    3.5950003141E-01    2.7737568746E-05
    3.6000003141E-01    2.7468903348E-05
    3.6050003141E-01    2.7202994357E-05
    3.6100003141E-01    2.6939811382E-05
    3.6150003141E-01    2.6679324396E-05
    3.6200003141E-01    2.6421503731E-05
    3.6250003141E-01    2.6166320070E-05
    3.6300003141E-01    2.5913744447E-05
    3.6350003141E-01    2.5663748239E-05
    3.6400003141E-01    2.5416303163E-05
    3.6450003141E-01    2.5171381272E-05
    3.6500003141E-01    2.4928954950E-05
    3.6550003141E-01    2.4688996908E-05
    3.6600003141E-01    2.4451480179E-05
    3.6650003141E-01    2.4216378116E-05
    3.6700003141E-01    2.3983664385E-05
    3.6750003141E-01    2.3753312965E-05
    3.6800003141E-01    2.3525298138E-05
    3.6850003141E-01    2.3299594491E-05
    3.6900003141E-01    2.3076176909E-05
    3.6950003141E-01    2.2855020573E-05
    3.7000003141E-01    2.2636100953E-05
    3.7050003141E-01    2.2419393810E-05
    3.7100003141E-01    2.2204875185E-05
    3.7150003141E-01    2.1992521401E-05
    3.7200003141E-01    2.1782309059E-05
    3.7250003141E-01    2.1574215031E-05
    3.7300003141E-01    2.1368216461E-05
    3.7350003141E-01    2.1164290756E-05
    3.7400003141E-01    2.0962415589E-05
    3.7450003141E-01    2.0762568892E-05
    3.7500003141E-01    2.0564728854E-05
    3.7550003141E-01    2.0368873914E-05
    3.7600003141E-01    2.0174982765E-05
    3.7650003141E-01    1.9983034345E-05
    3.7700003141E-01    1.9793007836E-05
    3.7750003141E-01    1.9604882660E-05
    3.7800003141E-01    1.9418638477E-05
    3.7850003141E-01    1.9234255184E-05
    3.7900003141E-01    1.9051712906E-05
    3.7950003141E-01    1.8870992000E-05
    3.8000003141E-01    1.8692073047E-05
    3.8050003141E-01    1.8514936852E-05
    3.8100003141E-01    1.8339564442E-05
    3.8150003141E-01    1.8165937059E-05
    3.8200003141E-01    1.7994036162E-05
    3.8250003141E-01    1.7823843421E-05
    3.8300003141E-01    1.7655340717E-05
    3.8350003141E-01    1.7488510137E-05
    3.8400003141E-01    1.7323333973E-05
    3.8450003141E-01    1.7159794721E-05
    3.8500003141E-01    1.6997875072E-05
    3.8550003141E-01    1.6837557919E-05
    3.8600003141E-01    1.6678826346E-05
    3.8650003141E-01    1.6521663632E-05
    3.8700003141E-01    1.6366053244E-05
    3.8750003141E-01    1.6211978838E-05
    3.8800003141E-01    1.6059424253E-05
    3.8850003141E-01    1.5908373515E-05
    3.8900003141E-01    1.5758810826E-05
    3.8950003141E-01    1.5610720570E-05
    3.9000003141E-01    1.5464087306E-05
    3.9050003141E-01    1.5318895767E-05
    3.9100003141E-01    1.5175130860E-05
    3.9150003141E-01    1.5032777661E-05
    3.9200003141E-01    1.4891821411E-05
    3.9250003141E-01    1.4752247522E-05
    3.9300003141E-01    1.4614041566E-05
    3.9350003141E-01    1.4477189279E-05
    3.9400003141E-01    1.4341676556E-05
    3.9450003141E-01    1.4207489450E-05
    3.9500003141E-01    1.4074614171E-05
    3.9550003141E-01    1.3943037082E-05
    3.9600003141E-01    1.3812744699E-05
    3.9650003141E-01    1.3683723689E-05
    3.9700003141E-01    1.3555960865E-05
    3.9750003141E-01    1.3429443192E-05
    3.9800003141E-01    1.3304157774E-05
    3.9850003141E-01    1.3180091864E-05
    3.9900003141E-01    1.3057232854E-05
    3.9950003141E-01    1.2935568275E-05
    4.0000003141E-01    1.2815085797E-05
    4.0050003141E-01    1.2695773229E-05
    4.0100003141E-01    1.2577618512E-05
    4.0150003141E-01    1.2460609722E-05
    4.0200003141E-01    1.2344735066E-05
    4.0250003141E-01    1.2229982882E-05
    4.0300003141E-01    1.2116341636E-05
    4.0350003141E-01    1.2003799921E-05
    4.0400003141E-01    1.1892346456E-05
    4.0450003141E-01    1.1781970085E-05
    4.0500003141E-01    1.1672659774E-05
    4.0550003141E-01    1.1564404609E-05
    4.0600003141E-01    1.1457193798E-05
    4.0650003141E-01    1.1351016665E-05
    4.0700003141E-01    1.1245862654E-05
    4.0750003141E-01    1.1141721322E-05
    4.0800003141E-01    1.1038582340E-05
    4.0850003141E-01    1.0936435495E-05
    4.0900003141E-01    1.0835270682E-05
    4.0950003141E-01    1.0735077908E-05
    4.1000003141E-01    1.0635847288E-05
    4.1050003141E-01    1.0537569047E-05
    4.1100003141E-01    1.0440233514E-05
    4.1150003141E-01    1.0343831124E-05
    4.1200003141E-01    1.0248352415E-05
    4.1250003141E-01    1.0153788029E-05
    4.1300003141E-01    1.0060128710E-05
    4.1350003141E-01    9.9673652999E-06
    4.1400003141E-01    9.8754887419E-06
    4.1450003141E-01    9.7844900764E-06
    4.1500003141E-01    9.6943604407E-06
    4.1550003141E-01    9.6050910680E-06
    4.1600003141E-01    9.5166732859E-06
    4.1650003141E-01    9.4290985156E-06
    4.1700003141E-01    9.3423582708E-06
    4.1750003141E-01    9.2564441564E-06
    4.1800003141E-01    9.1713478677E-06
    4.1850003141E-01    9.0870611894E-06
    4.1900003141E-01    9.0035759941E-06
    4.1950003141E-01    8.9208842418E-06
    4.2000003141E-01    8.8389779788E-06
    4.2050003141E-01    8.7578493363E-06
    4.2100003141E-01    8.6774905300E-06
    4.2150003141E-01    8.5978938588E-06
    4.2200003141E-01    8.5190517037E-06
    4.2250003141E-01    8.4409565273E-06
    4.2300003141E-01    8.3636008726E-06
    4.2350003141E-01    8.2869773618E-06
    4.2400003141E-01    8.2110786960E-06
    4.2450003141E-01    8.1358976539E-06
    4.2500003141E-01    8.0614270909E-06
    4.2550003141E-01    7.9876599384E-06
    4.2600003141E-01    7.9145892029E-06
    4.2650003141E-01    7.8422079650E-06
    4.2700003141E-01    7.7705093787E-06
    4.2750003141E-01    7.6994866704E-06
    4.2800003141E-01    7.6291331384E-06
    4.2850003141E-01    7.5594421517E-06
    4.2900003141E-01    7.4904071494E-06
    4.2950003141E-01    7.4220216399E-06
    4.3000003141E-01    7.3542792002E-06
    4.3050003141E-01    7.2871734747E-06
    4.3100003141E-01    7.2206981751E-06
    4.3150003141E-01    7.1548470791E-06
    4.3200003141E-01    7.0896140299E-06
    4.3250003141E-01    7.0249929352E-06
    4.3300003141E-01    6.9609777671E-06
    4.3350003141E-01    6.8975625605E-06
    4.3400003141E-01    6.8347414131E-06
    4.3450003141E-01    6.7725084843E-06
    4.3500003141E-01    6.7108579949E-06
    4.3550003141E-01    6.6497842258E-06
    4.3600003141E-01    6.5892815180E-06
    4.3650003141E-01    6.5293442712E-06
    4.3700003141E-01    6.4699669440E-06
    4.3750003141E-01    6.4111440525E-06
    4.3800003141E-01    6.3528701700E-06
    4.3850003141E-01    6.2951399264E-06
    4.3900003141E-01    6.2379480073E-06
    4.3950003141E-01    6.1812891537E-06
    4.4000003141E-01    6.1251581612E-06
    4.4050003141E-01    6.0695498794E-06
    4.4100003141E-01    6.0144592113E-06
    4.4150003141E-01    5.9598811128E-06
    4.4200003141E-01    5.9058105920E-06
    4.4250003141E-01    5.8522427086E-06
    4.4300003141E-01    5.7991725736E-06
    4.4350003141E-01    5.7465953483E-06
    4.4400003141E-01    5.6945062440E-06
    4.4450003141E-01    5.6429005216E-06
    4.4500003141E-01    5.5917734907E-06
    4.4550003141E-01    5.5411205092E-06
    4.4600003141E-01    5.4909369828E-06
    4.4650003141E-01    5.4412183647E-06
    4.4700003141E-01    5.3919601546E-06
    4.4750003141E-01    5.3431578984E-06
    4.4800003141E-01    5.2948071879E-06
    4.4850003141E-01    5.2469036601E-06
    4.4900003141E-01    5.1994429965E-06
    4.4950003141E-01    5.1524209232E-06
    4.5000003141E-01    5.1058332098E-06
    4.5050003141E-01    5.0596756691E-06
    4.5100003141E-01    5.0139441570E-06
    4.5150003141E-01    4.9686345713E-06
    4.5200003141E-01    4.9237428522E-06
    4.5250003141E-01    4.8792649808E-06
    4.5300003141E-01    4.8351969795E-06
    4.5350003141E-01    4.7915349110E-06
    4.5400003141E-01    4.7482748782E-06
    4.5450003141E-01    4.7054130236E-06
    4.5500003141E-01    4.6629455289E-06
    4.5550003141E-01    4.6208686145E-06
    4.5600003141E-01    4.5791785393E-06
    4.5650003141E-01    4.5378716000E-06
    4.5700003141E-01    4.4969441310E-06
    4.5750003141E-01    4.4563925035E-06
    4.5800003141E-01    4.4162131259E-06
    4.5850003141E-01    4.3764024425E-06
    4.5900003141E-01    4.3369569336E-06
    4.5950003141E-01    4.2978731153E-06
    4.6000003141E-01    4.2591475386E-06
    4.6050003141E-01    4.2207767895E-06
    4.6100003141E-01    4.1827574880E-06
    4.6150003141E-01    4.1450862887E-06
    4.6200003141E-01    4.1077598794E-06
    4.6250003141E-01    4.0707749814E-06
    4.6300003141E-01    4.0341283490E-06
    4.6350003141E-01    3.9978167690E-06
    4.6400003141E-01    3.9618370604E-06
    4.6450003141E-01    3.9261860744E-06
    4.6500003141E-01    3.8908606933E-06
    4.6550003141E-01    3.8558578310E-06
    4.6600003141E-01    3.8211744320E-06
    4.6650003141E-01    3.7868074718E-06
    4.6700003141E-01    3.7527539555E-06
    4.6750003141E-01    3.7190109187E-06
    4.6800003141E-01    3.6855754263E-06
    4.6850003141E-01    3.6524445725E-06
    4.6900003141E-01    3.6196154804E-06
    4.6950003141E-01    3.5870853020E-06
    4.7000003141E-01    3.5548512174E-06
    4.7050003141E-01    3.5229104348E-06
    4.7100003141E-01    3.4912601904E-06
    4.7150003141E-01    3.4598977475E-06
    4.7200003141E-01    3.4288203968E-06
    4.7250003141E-01    3.3980254558E-06
    4.7300003141E-01    3.3675102687E-06
    4.7350003141E-01    3.3372722058E-06
    4.7400003141E-01    3.3073086637E-06
    4.7450003141E-01    3.2776170646E-06
    4.7500003141E-01    3.2481948562E-06
    4.7550003141E-01    3.2190395115E-06
    4.7600003141E-01    3.1901485284E-06
    4.7650003141E-01    3.1615194295E-06
    4.7700003141E-01    3.1331497619E-06
    4.7750003141E-01    3.1050370967E-06
    4.7800003141E-01    3.0771790293E-06
    4.7850003141E-01    3.0495731783E-06
    4.7900003141E-01    3.0222171861E-06
    4.7950003141E-01    2.9951087181E-06
    4.8000003141E-01    2.9682454627E-06
    4.8050003141E-01    2.9416251310E-06
    4.8100003141E-01    2.9152454565E-06
    4.8150003141E-01    2.8891041950E-06
    4.8200003141E-01    2.8631991243E-06
    4.8250003141E-01    2.8375280439E-06
    4.8300003141E-01    2.8120887749E-06
    4.8350003141E-01    2.7868791598E-06
    4.8400003141E-01    2.7618970619E-06
    4.8450003141E-01    2.7371403656E-06
    4.8500003141E-01    2.7126069761E-06
    4.8550003141E-01    2.6882948187E-06
    4.8600003141E-01    2.6642018392E-06
    4.8650003141E-01    2.6403260033E-06
    4.8700003141E-01    2.6166652965E-06
    4.8750003141E-01    2.5932177239E-06
    4.8800003141E-01    2.5699813103E-06
    4.8850003141E-01    2.5469540992E-06
    4.8900003141E-01    2.5241341534E-06
    4.8950003141E-01    2.5015195547E-06
    4.9000003141E-01    2.4791084031E-06
    4.9050003141E-01    2.4568988172E-06
    4.9100003141E-01    2.4348889341E-06
    4.9150003141E-01    2.4130769085E-06
    4.9200003141E-01    2.3914609132E-06
    4.9250003141E-01    2.3700391387E-06
    4.9300003141E-01    2.3488097930E-06
    4.9350003141E-01    2.3277711013E-06
    4.9400003141E-01    2.3069213061E-06
    4.9450003141E-01    2.2862586666E-06
    4.9500003141E-01    2.2657814592E-06
    4.9550003141E-01    2.2454879765E-06
    4.9600003141E-01    2.2253765279E-06
    4.9650003141E-01    2.2054454388E-06
    4.9700003141E-01    2.1856930509E-06
    4.9750003141E-01    2.1661177218E-06
    4.9800003141E-01    2.1467178248E-06
    4.9850003141E-01    2.1274917490E-06
    4.9900003141E-01    2.1084378988E-06
    4.9950003141E-01    2.0895546941E-06
    5.0000003141E-01    2.0708405697E-06
    5.0050003141E-01    2.0522939756E-06
    5.0100003141E-01    2.0339133766E-06
    5.0150003141E-01    2.0156972522E-06
    5.0200003141E-01    1.9976440964E-06
    5.0250003141E-01    1.9797524176E-06
    5.0300003141E-01    1.9620207386E-06
    5.0350003141E-01    1.9444475962E-06
    5.0400003141E-01    1.9270315411E-06
    5.0450003141E-01    1.9097711380E-06
    5.0500003141E-01    1.8926649651E-06
    5.0550003141E-01    1.8757116142E-06
    5.0600003141E-01    1.8589096908E-06
    5.0650003141E-01    1.8422578131E-06
    5.0700003141E-01    1.8257546131E-06
    5.0750003141E-01    1.8093987352E-06
    5.0800003141E-01    1.7931888372E-06
    5.0850003141E-01    1.7771235893E-06
    5.0900003141E-01    1.7612016745E-06
    5.0950003141E-01    1.7454217883E-06
    5.1000003141E-01    1.7297826383E-06
    5.1050003141E-01    1.7142829448E-06
    5.1100003141E-01    1.6989214399E-06
    5.1150003141E-01    1.6836968677E-06
    5.1200003141E-01    1.6686079844E-06
    5.1250003141E-01    1.6536535578E-06
    5.1300003141E-01    1.6388323674E-06
    5.1350003141E-01    1.6241432042E-06
    5.1400003141E-01    1.6095848706E-06
    5.1450003141E-01    1.5951561804E-06
    5.1500003141E-01    1.5808559584E-06
    5.1550003141E-01    1.5666830408E-06
    5.1600003141E-01    1.5526362743E-06
    5.1650003141E-01    1.5387145170E-06
    5.1700003141E-01    1.5249166373E-06
    5.1750003141E-01    1.5112415145E-06
    5.1800003141E-01    1.4976880383E-06
    5.1850003141E-01    1.4842551089E-06
    5.1900003141E-01    1.4709416369E-06
    5.1950003141E-01    1.4577465429E-06
    5.2000003141E-01    1.4446687579E-06
    5.2050003141E-01    1.4317072227E-06
    5.2100003141E-01    1.4188608883E-06
    5.2150003141E-01    1.4061287151E-06
    5.2200003141E-01    1.3935096737E-06
    5.2250003141E-01    1.3810027440E-06
    5.2300003141E-01    1.3686069156E-06
    5.2350003141E-01    1.3563211875E-06
    5.2400003141E-01    1.3441445681E-06
    5.2450003141E-01    1.3320760750E-06
    5.2500003141E-01    1.3201147350E-06
    5.2550003141E-01    1.3082595839E-06
    5.2600003141E-01    1.2965096667E-06
    5.2650003141E-01    1.2848640370E-06
    5.2700003141E-01    1.2733217575E-06
    5.2750003141E-01    1.2618818995E-06
    5.2800003141E-01    1.2505435429E-06
    5.2850003141E-01    1.2393057763E-06
    5.2900003141E-01    1.2281676966E-06
    5.2950003141E-01    1.2171284092E-06
    5.3000003141E-01    1.2061870277E-06
    5.3050003141E-01    1.1953426742E-06
    5.3100003141E-01    1.1845944786E-06
    5.3150003141E-01    1.1739415792E-06
    5.3200003141E-01    1.1633831219E-06
    5.3250003141E-01    1.1529182609E-06
    5.3300003141E-01    1.1425461580E-06
    5.3350003141E-01    1.1322659828E-06
    5.3400003141E-01    1.1220769126E-06
    5.3450003141E-01    1.1119781325E-06
    5.3500003141E-01    1.1019688347E-06
    5.3550003141E-01    1.0920482192E-06
    5.3600003141E-01    1.0822154934E-06
    5.3650003141E-01    1.0724698718E-06
    5.3700003141E-01    1.0628105763E-06
    5.3750003141E-01    1.0532368359E-06
    5.3800003141E-01    1.0437478868E-06
    5.3850003141E-01    1.0343429721E-06
    5.3900003141E-01    1.0250213421E-06
    5.3950003141E-01    1.0157822537E-06
    5.4000003141E-01    1.0066249708E-06
    5.4050003141E-01    9.9754876416E-07
    5.4100003141E-01    9.8855291108E-07
    5.4150003141E-01    9.7963669556E-07
    5.4200003141E-01    9.7079940817E-07
    5.4250003141E-01    9.6204034601E-07
    5.4300003141E-01    9.5335881262E-07
    5.4350003141E-01    9.4475411791E-07
    5.4400003141E-01    9.3622557813E-07
    5.4450003141E-01    9.2777251580E-07
    5.4500003141E-01    9.1939425963E-07
    5.4550003141E-01    9.1109014450E-07
    5.4600003141E-01    9.0285951134E-07
    5.4650003141E-01    8.9470170715E-07
    5.4700003141E-01    8.8661608485E-07
    5.4750003141E-01    8.7860200333E-07
    5.4800003141E-01    8.7065882729E-07
    5.4850003141E-01    8.6278592725E-07
    5.4900003141E-01    8.5498267948E-07
    5.4950003141E-01    8.4724846591E-07
    5.5000003141E-01    8.3958267415E-07
    5.5050003141E-01    8.3198469737E-07
    5.5100003141E-01    8.2445393425E-07
    5.5150003141E-01    8.1698978897E-07
    5.5200003141E-01    8.0959167114E-07
    5.5250003141E-01    8.0225899571E-07
    5.5300003141E-01    7.9499118298E-07
    5.5350003141E-01    7.8778765850E-07
    5.5400003141E-01    7.8064785307E-07
    5.5450003141E-01    7.7357120262E-07
    5.5500003141E-01    7.6655714823E-07
    5.5550003141E-01    7.5960513604E-07
    5.5600003141E-01    7.5271461723E-07
    5.5650003141E-01    7.4588504793E-07
    5.5700003141E-01    7.3911588923E-07
    5.5750003141E-01    7.3240660708E-07
    5.5800003141E-01    7.2575667228E-07
    5.5850003141E-01    7.1916556041E-07
    5.5900003141E-01    7.1263275181E-07
    5.5950003141E-01    7.0615773150E-07
    5.6000003141E-01    6.9973998919E-07
    5.6050003141E-01    6.9337901917E-07
    5.6100003141E-01    6.8707432031E-07
    5.6150003141E-01    6.8082539601E-07
    5.6200003141E-01    6.7463175415E-07
    5.6250003141E-01    6.6849290705E-07
    5.6300003141E-01    6.6240837144E-07
    5.6350003141E-01    6.5637766839E-07
    5.6400003141E-01    6.5040032329E-07
    5.6450003141E-01    6.4447586583E-07
    5.6500003141E-01    6.3860382990E-07
    5.6550003141E-01    6.3278375361E-07
    5.6600003141E-01    6.2701517922E-07
    5.6650003141E-01    6.2129765311E-07
    5.6700003141E-01    6.1563072574E-07
    5.6750003141E-01    6.1001395160E-07
    5.6800003141E-01    6.0444688921E-07
    5.6850003141E-01    5.9892910102E-07
    5.6900003141E-01    5.9346015344E-07
    5.6950003141E-01    5.8803961676E-07
    5.7000003141E-01    5.8266706511E-07
    5.7050003141E-01    5.7734207646E-07
    5.7100003141E-01    5.7206423257E-07
    5.7150003141E-01    5.6683311891E-07
    5.7200003141E-01    5.6164832472E-07
    5.7250003141E-01    5.5650944287E-07
    5.7300003141E-01    5.5141606989E-07
    5.7350003141E-01    5.4636780594E-07
    5.7400003141E-01    5.4136425473E-07
    5.7450003141E-01    5.3640502353E-07
    5.7500003141E-01    5.3148972311E-07
    5.7550003141E-01    5.2661796773E-07
    5.7600003141E-01    5.2178937509E-07
    5.7650003141E-01    5.1700356630E-07
    5.7700003141E-01    5.1226016586E-07
    5.7750003141E-01    5.0755880161E-07
    5.7800003141E-01    5.0289910473E-07
    5.7850003141E-01    4.9828070967E-07
    5.7900003141E-01    4.9370325414E-07
    5.7950003141E-01    4.8916637909E-07
    5.8000003141E-01    4.8466972866E-07
    5.8050003141E-01    4.8021295016E-07
    5.8100003141E-01    4.7579569404E-07
    5.8150003141E-01    4.7141761386E-07
    5.8200003141E-01    4.6707836627E-07
    5.8250003141E-01    4.6277761095E-07
    5.8300003141E-01    4.5851501064E-07
    5.8350003141E-01    4.5429023106E-07
    5.8400003141E-01    4.5010294088E-07
    5.8450003141E-01    4.4595281175E-07
    5.8500003141E-01    4.4183951821E-07
    5.8550003141E-01    4.3776273770E-07
    5.8600003141E-01    4.3372215051E-07
    5.8650003141E-01    4.2971743977E-07
    5.8700003141E-01    4.2574829144E-07
    5.8750003141E-01    4.2181439424E-07
    5.8800003141E-01    4.1791543964E-07
    5.8850003141E-01    4.1405112188E-07
    5.8900003141E-01    4.1022113787E-07
    5.8950003141E-01    4.0642518722E-07
    5.9000003141E-01    4.0266297221E-07
    5.9050003141E-01    3.9893419773E-07
    5.9100003141E-01    3.9523857129E-07
    5.9150003141E-01    3.9157580299E-07
    5.9200003141E-01    3.8794560550E-07
    5.9250003141E-01    3.8434769400E-07
    5.9300003141E-01    3.8078178622E-07
    5.9350003141E-01    3.7724760235E-07
    5.9400003141E-01    3.7374486509E-07
    5.9450003141E-01    3.7027329955E-07
    5.9500003141E-01    3.6683263328E-07
    5.9550003141E-01    3.6342259624E-07
    5.9600003141E-01    3.6004292077E-07
    5.9650003141E-01    3.5669334154E-07
    5.9700003141E-01    3.5337359561E-07
    5.9750003141E-01    3.5008342231E-07
    5.9800003141E-01    3.4682256330E-07
    5.9850003141E-01    3.4359076248E-07
    5.9900003141E-01    3.4038776604E-07
    5.9950003141E-01    3.3721332237E-07
    6.0000003141E-01    3.3406718211E-07
    6.0050003141E-01    3.3094909806E-07
    6.0100003141E-01    3.2785882522E-07
    6.0150003141E-01    3.2479612071E-07
    6.0200003141E-01    3.2176074382E-07
    6.0250003141E-01    3.1875245594E-07
    6.0300003141E-01    3.1577102055E-07
    6.0350003141E-01    3.1281620322E-07
    6.0400003141E-01    3.0988777156E-07
    6.0450003141E-01    3.0698549523E-07
    6.0500003141E-01    3.0410914591E-07
    6.0550003141E-01    3.0125849729E-07
    6.0600003141E-01    2.9843332503E-07
    6.0650003141E-01    2.9563340677E-07
    6.0700003141E-01    2.9285852209E-07
    6.0750003141E-01    2.9010845250E-07
    6.0800003141E-01    2.8738298143E-07
    6.0850003141E-01    2.8468189420E-07
    6.0900003141E-01    2.8200497803E-07
    6.0950003141E-01    2.7935202196E-07
    6.1000003141E-01    2.7672281693E-07
    6.1050003141E-01    2.7411715566E-07
    6.1100003141E-01    2.7153483271E-07
    6.1150003141E-01    2.6897564443E-07
    6.1200003141E-01    2.6643938896E-07
    6.1250003141E-01    2.6392586619E-07
    6.1300003141E-01    2.6143487775E-07
    6.1350003141E-01    2.5896622704E-07
    6.1400003141E-01    2.5651971914E-07
    6.1450003141E-01    2.5409516084E-07
    6.1500003141E-01    2.5169236063E-07
    6.1550003141E-01    2.4931112867E-07
    6.1600003141E-01    2.4695127676E-07
    6.1650003141E-01    2.4461261835E-07
    6.1700003141E-01    2.4229496852E-07
    6.1750003141E-01    2.3999814397E-07
    6.1800003141E-01    2.3772196298E-07
    6.1850003141E-01    2.3546624542E-07
    6.1900003141E-01    2.3323081275E-07
    6.1950003141E-01    2.3101548794E-07
    6.2000003141E-01    2.2882009555E-07
    6.2050003141E-01    2.2664446165E-07
    6.2100003141E-01    2.2448841380E-07
    6.2150003141E-01    2.2235178110E-07
    6.2200003141E-01    2.2023439412E-07
    6.2250003141E-01    2.1813608489E-07
    6.2300003141E-01    2.1605668693E-07
    6.2350003141E-01    2.1399603519E-07
    6.2400003141E-01    2.1195396605E-07
    6.2450003141E-01    2.0993031732E-07
    6.2500003141E-01    2.0792492823E-07
    6.2550003141E-01    2.0593763938E-07
    6.2600003141E-01    2.0396829279E-07
    6.2650003141E-01    2.0201673183E-07
    6.2700003141E-01    2.0008280123E-07
    6.2750003141E-01    1.9816634707E-07
    6.2800003141E-01    1.9626721678E-07
    6.2850003141E-01    1.9438525908E-07
    6.2900003141E-01    1.9252032405E-07
    6.2950003141E-01    1.9067226304E-07
    6.3000003141E-01    1.8884092869E-07
    6.3050003141E-01    1.8702617493E-07
    6.3100003141E-01    1.8522785695E-07
    6.3150003141E-01    1.8344583119E-07
    6.3200003141E-01    1.8167995534E-07
    6.3250003141E-01    1.7993008834E-07
    6.3300003141E-01    1.7819609032E-07
    6.3350003141E-01    1.7647782264E-07
    6.3400003141E-01    1.7477514787E-07
    6.3450003141E-01    1.7308792975E-07
    6.3500003141E-01    1.7141603321E-07
    6.3550003141E-01    1.6975932435E-07
    6.3600003141E-01    1.6811767043E-07
    6.3650003141E-01    1.6649093985E-07
    6.3700003141E-01    1.6487900217E-07
    6.3750003141E-01    1.6328172805E-07
    6.3800003141E-01    1.6169898929E-07
    6.3850003141E-01    1.6013065879E-07
    6.3900003141E-01    1.5857661055E-07
    6.3950003141E-01    1.5703671966E-07
    6.4000003141E-01    1.5551086230E-07
    6.4050003141E-01    1.5399891570E-07
    6.4100003141E-01    1.5250075816E-07
    6.4150003141E-01    1.5101626905E-07
    6.4200003141E-01    1.4954532875E-07
    6.4250003141E-01    1.4808781870E-07
    6.4300003141E-01    1.4664362135E-07
    6.4350003141E-01    1.4521262017E-07
    6.4400003141E-01    1.4379469963E-07
    6.4450003141E-01    1.4238974520E-07
    6.4500003141E-01    1.4099764336E-07
    6.4550003141E-01    1.3961828154E-07
    6.4600003141E-01    1.3825154815E-07
    6.4650003141E-01    1.3689733257E-07
    6.4700003141E-01    1.3555552513E-07
    6.4750003141E-01    1.3422601711E-07
    6.4800003141E-01    1.3290870072E-07
    6.4850003141E-01    1.3160346911E-07
    6.4900003141E-01    1.3031021635E-07
    6.4950003141E-01    1.2902883740E-07
    6.5000003141E-01    1.2775922817E-07
    6.5050003141E-01    1.2650128543E-07
    6.5100003141E-01    1.2525490685E-07
    6.5150003141E-01    1.2401999100E-07
    6.5200003141E-01    1.2279643729E-07
    6.5250003141E-01    1.2158414603E-07
    6.5300003141E-01    1.2038301836E-07
    6.5350003141E-01    1.1919295631E-07
    6.5400003141E-01    1.1801386271E-07
    6.5450003141E-01    1.1684564126E-07
    6.5500003141E-01    1.1568819648E-07
    6.5550003141E-01    1.1454143369E-07
    6.5600003141E-01    1.1340525907E-07
    6.5650003141E-01    1.1227957957E-07
    6.5700003141E-01    1.1116430295E-07
    6.5750003141E-01    1.1005933778E-07
    6.5800003141E-01    1.0896459340E-07
    6.5850003141E-01    1.0787997994E-07
    6.5900003141E-01    1.0680540829E-07
    6.5950003141E-01    1.0574079012E-07
    6.6000003141E-01    1.0468603786E-07
    6.6050003141E-01    1.0364106470E-07
    6.6100003141E-01    1.0260578454E-07
    6.6150003141E-01    1.0158011208E-07
    6.6200003141E-01    1.0056396270E-07
    6.6250003141E-01    9.9557252535E-08
    6.6300003141E-01    9.8559898440E-08
    6.6350003141E-01    9.7571817979E-08
    6.6400003141E-01    9.6592929428E-08
    6.6450003141E-01    9.5623151766E-08
    6.6500003141E-01    9.4662404668E-08
    6.6550003141E-01    9.3710608499E-08
    6.6600003141E-01    9.2767684312E-08
    6.6650003141E-01    9.1833553835E-08
    6.6700003141E-01    9.0908139471E-08
    6.6750003141E-01    8.9991364290E-08
    6.6800003141E-01    8.9083152023E-08
    6.6850003141E-01    8.8183427057E-08
    6.6900003141E-01    8.7292114430E-08
    6.6950003141E-01    8.6409139822E-08
    6.7000003141E-01    8.5534429554E-08
    6.7050003141E-01    8.4667910579E-08
    6.7100003141E-01    8.3809510478E-08
    6.7150003141E-01    8.2959157456E-08
    6.7200003141E-01    8.2116780333E-08
    6.7250003141E-01    8.1282308542E-08
    6.7300003141E-01    8.0455672122E-08
    6.7350003141E-01    7.9636801713E-08
    6.7400003141E-01    7.8825628552E-08
    6.7450003141E-01    7.8022084465E-08
    6.7500003141E-01    7.7226101867E-08
    6.7550003141E-01    7.6437613750E-08
    6.7600003141E-01    7.5656553686E-08
    6.7650003141E-01    7.4882855813E-08
    6.7700003141E-01    7.4116454838E-08
    6.7750003141E-01    7.3357286030E-08
    6.7800003141E-01    7.2605285211E-08
    6.7850003141E-01    7.1860388758E-08
    6.7900003141E-01    7.1122533590E-08
    6.7950003141E-01    7.0391657174E-08
    6.8000003141E-01    6.9667697508E-08
    6.8050003141E-01    6.8950593129E-08
    6.8100003141E-01    6.8240283097E-08
    6.8150003141E-01    6.7536706998E-08
    6.8200003141E-01    6.6839804937E-08
    6.8250003141E-01    6.6149517533E-08
    6.8300003141E-01    6.5465785916E-08
    6.8350003141E-01    6.4788551722E-08
    6.8400003141E-01    6.4117757087E-08
    6.8450003141E-01    6.3453344647E-08
    6.8500003141E-01    6.2795257527E-08
    6.8550003141E-01    6.2143439344E-08
    6.8600003141E-01    6.1497834199E-08
    6.8650003141E-01    6.0858386672E-08
    6.8700003141E-01    6.0225041822E-08
    6.8750003141E-01    5.9597745176E-08
    6.8800003141E-01    5.8976442733E-08
    6.8850003141E-01    5.8361080954E-08
    6.8900003141E-01    5.7751606762E-08
    6.8950003141E-01    5.7147967534E-08
    6.9000003141E-01    5.6550111101E-08
    6.9050003141E-01    5.5957985742E-08
    6.9100003141E-01    5.5371540180E-08
    6.9150003141E-01    5.4790723580E-08
    6.9200003141E-01    5.4215485544E-08
    6.9250003141E-01    5.3645776105E-08
    6.9300003141E-01    5.3081545730E-08
    6.9350003141E-01    5.2522745307E-08
    6.9400003141E-01    5.1969326150E-08
    6.9450003141E-01    5.1421239990E-08
    6.9500003141E-01    5.0878438974E-08
    6.9550003141E-01    5.0340875659E-08
    6.9600003141E-01    4.9808503013E-08
    6.9650003141E-01    4.9281274406E-08
    6.9700003141E-01    4.8759143609E-08
    6.9750003141E-01    4.8242064793E-08
    6.9800003141E-01    4.7729992522E-08
    6.9850003141E-01    4.7222881750E-08
    6.9900003141E-01    4.6720687820E-08
    6.9950003141E-01    4.6223366460E-08
    7.0000003141E-01    4.5730873777E-08
    7.0050003141E-01    4.5243166257E-08
    7.0100003141E-01    4.4760200760E-08
    7.0150003141E-01    4.4281934519E-08
    7.0200003141E-01    4.3808325133E-08
    7.0250003141E-01    4.3339330568E-08
    7.0300003141E-01    4.2874909150E-08
    7.0350003141E-01    4.2415019566E-08
    7.0400003141E-01    4.1959620858E-08
    7.0450003141E-01    4.1508672421E-08
    7.0500003141E-01    4.1062133998E-08
    7.0550003141E-01    4.0619965682E-08
    7.0600003141E-01    4.0182127908E-08
    7.0650003141E-01    3.9748581453E-08
    7.0700003141E-01    3.9319287430E-08
    7.0750003141E-01    3.8894207289E-08
    7.0800003141E-01    3.8473302812E-08
    7.0850003141E-01    3.8056536111E-08
    7.0900003141E-01    3.7643869624E-08
    7.0950003141E-01    3.7235266113E-08
    7.1000003141E-01    3.6830688662E-08
    7.1050003141E-01    3.6430100673E-08
    7.1100003141E-01    3.6033465862E-08
    7.1150003141E-01    3.5640748261E-08
    7.1200003141E-01    3.5251912211E-08
    7.1250003141E-01    3.4866922361E-08
    7.1300003141E-01    3.4485743665E-08
    7.1350003141E-01    3.4108341380E-08
    7.1400003141E-01    3.3734681063E-08
    7.1450003141E-01    3.3364728568E-08
    7.1500003141E-01    3.2998450043E-08
    7.1550003141E-01    3.2635811932E-08
    7.1600003141E-01    3.2276780965E-08
    7.1650003141E-01    3.1921324161E-08
    7.1700003141E-01    3.1569408825E-08
    7.1750003141E-01    3.1221002544E-08
    7.1800003141E-01    3.0876073185E-08
    7.1850003141E-01    3.0534588893E-08
    7.1900003141E-01    3.0196518089E-08
    7.1950003141E-01    2.9861829466E-08
    7.2000003141E-01    2.9530491989E-08
    7.2050003141E-01    2.9202474891E-08
    7.2100003141E-01    2.8877747673E-08
    7.2150003141E-01    2.8556280097E-08
    7.2200003141E-01    2.8238042190E-08
    7.2250003141E-01    2.7923004235E-08
    7.2300003141E-01    2.7611136777E-08
    7.2350003141E-01    2.7302410612E-08
    7.2400003141E-01    2.6996796792E-08
    7.2450003141E-01    2.6694266617E-08
    7.2500003141E-01    2.6394791640E-08
    7.2550003141E-01    2.6098343656E-08
    7.2600003141E-01    2.5804894708E-08
    7.2650003141E-01    2.5514417081E-08
    7.2700003141E-01    2.5226883298E-08
    7.2750003141E-01    2.4942266124E-08
    7.2800003141E-01    2.4660538559E-08
    7.2850003141E-01    2.4381673835E-08
    7.2900003141E-01    2.4105645422E-08
    7.2950003141E-01    2.3832427014E-08
    7.3000003141E-01    2.3561992539E-08
    7.3050003141E-01    2.3294316148E-08
    7.3100003141E-01    2.3029372219E-08
    7.3150003141E-01    2.2767135351E-08
    7.3200003141E-01    2.2507580365E-08
    7.3250003141E-01    2.2250682301E-08
    7.3300003141E-01    2.1996416415E-08
    7.3350003141E-01    2.1744758181E-08
    7.3400003141E-01    2.1495683284E-08
    7.3450003141E-01    2.1249167621E-08
    7.3500003141E-01    2.1005187301E-08
    7.3550003141E-01    2.0763718638E-08
    7.3600003141E-01    2.0524738156E-08
    7.3650003141E-01    2.0288222580E-08
    7.3700003141E-01    2.0054148840E-08
    7.3750003141E-01    1.9822494068E-08
    7.3800003141E-01    1.9593235593E-08
    7.3850003141E-01    1.9366350945E-08
    7.3900003141E-01    1.9141817847E-08
    7.3950003141E-01    1.8919614219E-08
    7.4000003141E-01    1.8699718172E-08
    7.4050003141E-01    1.8482108010E-08
    7.4100003141E-01    1.8266762225E-08
    7.4150003141E-01    1.8053659497E-08
    7.4200003141E-01    1.7842778695E-08
    7.4250003141E-01    1.7634098870E-08
    7.4300003141E-01    1.7427599257E-08
    7.4350003141E-01    1.7223259274E-08
    7.4400003141E-01    1.7021058517E-08
    7.4450003141E-01    1.6820976763E-08
    7.4500003141E-01    1.6622993965E-08
    7.4550003141E-01    1.6427090251E-08
    7.4600003141E-01    1.6233245926E-08
    7.4650003141E-01    1.6041441464E-08
    7.4700003141E-01    1.5851657512E-08
    7.4750003141E-01    1.5663874888E-08
    7.4800003141E-01    1.5478074577E-08
    7.4850003141E-01    1.5294237732E-08
    7.4900003141E-01    1.5112345669E-08
    7.4950003141E-01    1.4932379871E-08
    7.5000003141E-01    1.4754321983E-08
    7.5050003141E-01    1.4578153811E-08
    7.5100003141E-01    1.4403857321E-08
    7.5150003141E-01    1.4231414638E-08
    7.5200003141E-01    1.4060808045E-08
    7.5250003141E-01    1.3892019980E-08
    7.5300003141E-01    1.3725033036E-08
    7.5350003141E-01    1.3559829959E-08
    7.5400003141E-01    1.3396393648E-08
    7.5450003141E-01    1.3234707152E-08
    7.5500003141E-01    1.3074753671E-08
    7.5550003141E-01    1.2916516551E-08
    7.5600003141E-01    1.2759979287E-08
    7.5650003141E-01    1.2605125519E-08
    7.5700003141E-01    1.2451939032E-08
    7.5750003141E-01    1.2300403752E-08
    7.5800003141E-01    1.2150503752E-08
    7.5850003141E-01    1.2002223241E-08
    7.5900003141E-01    1.1855546570E-08
    7.5950003141E-01    1.1710458230E-08
    7.6000003141E-01    1.1566942845E-08
    7.6050003141E-01    1.1424985181E-08
    7.6100003141E-01    1.1284570133E-08
    7.6150003141E-01    1.1145682736E-08
    7.6200003141E-01    1.1008308153E-08
    7.6250003141E-01    1.0872431681E-08
    7.6300003141E-01    1.0738038746E-08
    7.6350003141E-01    1.0605114907E-08
    7.6400003141E-01    1.0473645847E-08
    7.6450003141E-01    1.0343617379E-08
    7.6500003141E-01    1.0215015441E-08
    7.6550003141E-01    1.0087826096E-08
    7.6600003141E-01    9.9620355339E-09
    7.6650003141E-01    9.8376300637E-09
    7.6700003141E-01    9.7145961186E-09
    7.6750003141E-01    9.5929202525E-09
    7.6800003141E-01    9.4725891389E-09
    7.6850003141E-01    9.3535895706E-09
    7.6900003141E-01    9.2359084581E-09
    7.6950003141E-01    9.1195328290E-09
    7.7000003141E-01    9.0044498267E-09
    7.7050003141E-01    8.8906467097E-09
    7.7100003141E-01    8.7781108504E-09
    7.7150003141E-01    8.6668297343E-09
    7.7200003141E-01    8.5567909590E-09
    7.7250003141E-01    8.4479822331E-09
    7.7300003141E-01    8.3403913755E-09
    7.7350003141E-01    8.2340063143E-09
    7.7400003141E-01    8.1288150861E-09
    7.7450003141E-01    8.0248058347E-09
    7.7500003141E-01    7.9219668105E-09
    7.7550003141E-01    7.8202863695E-09
    7.7600003141E-01    7.7197529723E-09
    7.7650003141E-01    7.6203551837E-09
    7.7700003141E-01    7.5220816709E-09
    7.7750003141E-01    7.4249212037E-09
    7.7800003141E-01    7.3288626527E-09
    7.7850003141E-01    7.2338949892E-09
    7.7900003141E-01    7.1400072836E-09
    7.7950003141E-01    7.0471887054E-09
    7.8000003141E-01    6.9554285217E-09
    7.8050003141E-01    6.8647160965E-09
    7.8100003141E-01    6.7750408902E-09
    7.8150003141E-01    6.6863924584E-09
    7.8200003141E-01    6.5987604514E-09
    7.8250003141E-01    6.5121346130E-09
    7.8300003141E-01    6.4265047802E-09
    7.8350003141E-01    6.3418608821E-09
    7.8400003141E-01    6.2581929392E-09
    7.8450003141E-01    6.1754910624E-09
    7.8500003141E-01    6.0937454528E-09
    7.8550003141E-01    6.0129464003E-09
    7.8600003141E-01    5.9330842833E-09
    7.8650003141E-01    5.8541495676E-09
    7.8700003141E-01    5.7761328059E-09
    7.8750003141E-01    5.6990246372E-09
    7.8800003141E-01    5.6228157855E-09
    7.8850003141E-01    5.5474970597E-09
    7.8900003141E-01    5.4730593525E-09
    7.8950003141E-01    5.3994936399E-09
    7.9000003141E-01    5.3267909802E-09
    7.9050003141E-01    5.2549425138E-09
    7.9100003141E-01    5.1839394620E-09
    7.9150003141E-01    5.1137731265E-09
    7.9200003141E-01    5.0444348887E-09
    7.9250003141E-01    4.9759162093E-09
    7.9300003141E-01    4.9082086272E-09
    7.9350003141E-01    4.8413037588E-09
    7.9400003141E-01    4.7751932980E-09
    7.9450003141E-01    4.7098690148E-09
    7.9500003141E-01    4.6453227550E-09
    7.9550003141E-01    4.5815464394E-09
    7.9600003141E-01    4.5185320635E-09
    7.9650003141E-01    4.4562716964E-09
    7.9700003141E-01    4.3947574805E-09
    7.9750003141E-01    4.3339816308E-09
    7.9800003141E-01    4.2739364342E-09
    7.9850003141E-01    4.2146142488E-09
    7.9900003141E-01    4.1560075038E-09
    7.9950003141E-01    4.0981086982E-09
    8.0000003141E-01    4.0409104006E-09
    8.0050003141E-01    3.9844052485E-09
    8.0100003141E-01    3.9285859480E-09
    8.0150003141E-01    3.8734452727E-09
    8.0200003141E-01    3.8189760635E-09
    8.0250003141E-01    3.7651712278E-09
    8.0300003141E-01    3.7120237391E-09
    8.0350003141E-01    3.6595266364E-09
    8.0400003141E-01    3.6076730238E-09
    8.0450003141E-01    3.5564560693E-09
    8.0500003141E-01    3.5058690052E-09
    8.0550003141E-01    3.4559051267E-09
    8.0600003141E-01    3.4065577920E-09
    8.0650003141E-01    3.3578204214E-09
    8.0700003141E-01    3.3096864966E-09
    8.0750003141E-01    3.2621495608E-09
    8.0800003141E-01    3.2152032177E-09
    8.0850003141E-01    3.1688411309E-09
    8.0900003141E-01    3.1230570238E-09
    8.0950003141E-01    3.0778446788E-09
    8.1000003141E-01    3.0331979367E-09
    8.1050003141E-01    2.9891106965E-09
    8.1100003141E-01    2.9455769147E-09
    8.1150003141E-01    2.9025906049E-09
    8.1200003141E-01    2.8601458372E-09
    8.1250003141E-01    2.8182367379E-09
    8.1300003141E-01    2.7768574887E-09
    8.1350003141E-01    2.7360023266E-09
    8.1400003141E-01    2.6956655432E-09
    8.1450003141E-01    2.6558414843E-09
    8.1500003141E-01    2.6165245492E-09
    8.1550003141E-01    2.5777091908E-09
    8.1600003141E-01    2.5393899146E-09
    8.1650003141E-01    2.5015612783E-09
    8.1700003141E-01    2.4642178917E-09
    8.1750003141E-01    2.4273544161E-09
    8.1800003141E-01    2.3909655635E-09
    8.1850003141E-01    2.3550460966E-09
    8.1900003141E-01    2.3195908284E-09
    8.1950003141E-01    2.2845946212E-09
    8.2000003141E-01    2.2500523870E-09
    8.2050003141E-01    2.2159590863E-09
    8.2100003141E-01    2.1823097280E-09
    8.2150003141E-01    2.1490993693E-09
    8.2200003141E-01    2.1163231147E-09
    8.2250003141E-01    2.0839761160E-09
    8.2300003141E-01    2.0520535715E-09
    8.2350003141E-01    2.0205507263E-09
    8.2400003141E-01    1.9894628711E-09
    8.2450003141E-01    1.9587853423E-09
    8.2500003141E-01    1.9285135213E-09
    8.2550003141E-01    1.8986428345E-09
    8.2600003141E-01    1.8691687524E-09
    8.2650003141E-01    1.8400867898E-09
    8.2700003141E-01    1.8113925049E-09
    8.2750003141E-01    1.7830814992E-09
    8.2800003141E-01    1.7551494171E-09
    8.2850003141E-01    1.7275919453E-09
    8.2900003141E-01    1.7004048128E-09
    8.2950003141E-01    1.6735837903E-09
    8.3000003141E-01    1.6471246898E-09
    8.3050003141E-01    1.6210233645E-09
    8.3100003141E-01    1.5952757082E-09
    8.3150003141E-01    1.5698776548E-09
    8.3200003141E-01    1.5448251785E-09
    8.3250003141E-01    1.5201142928E-09
    8.3300003141E-01    1.4957410508E-09
    8.3350003141E-01    1.4717015442E-09
    8.3400003141E-01    1.4479919035E-09
    8.3450003141E-01    1.4246082973E-09
    8.3500003141E-01    1.4015469323E-09
    8.3550003141E-01    1.3788040525E-09
    8.3600003141E-01    1.3563759394E-09
    8.3650003141E-01    1.3342589114E-09
    8.3700003141E-01    1.3124493234E-09
    8.3750003141E-01    1.2909435665E-09
    8.3800003141E-01    1.2697380681E-09
    8.3850003141E-01    1.2488292909E-09
    8.3900003141E-01    1.2282137330E-09
    8.3950003141E-01    1.2078879278E-09
    8.4000003141E-01    1.1878484431E-09
    8.4050003141E-01    1.1680918812E-09
    8.4100003141E-01    1.1486148786E-09
    8.4150003141E-01    1.1294141055E-09
    8.4200003141E-01    1.1104862657E-09
    8.4250003141E-01    1.0918280961E-09
    8.4300003141E-01    1.0734363666E-09
    8.4350003141E-01    1.0553078797E-09
    8.4400003141E-01    1.0374394704E-09
    8.4450003141E-01    1.0198280055E-09
    8.4500003141E-01    1.0024703837E-09
    8.4550003141E-01    9.8536353534E-10
    8.4600003141E-01    9.6850442171E-10
    8.4650003141E-01    9.5189003519E-10
    8.4700003141E-01    9.3551739882E-10
    8.4750003141E-01    9.1938356601E-10
    8.4800003141E-01    9.0348562031E-10
    8.4850003141E-01    8.8782067511E-10
    8.4900003141E-01    8.7238587342E-10
    8.4950003141E-01    8.5717838755E-10
    8.5000003141E-01    8.4219541891E-10
    8.5050003141E-01    8.2743419769E-10
    8.5100003141E-01    8.1289198266E-10
    8.5150003141E-01    7.9856606088E-10
    8.5200003141E-01    7.8445374746E-10
    8.5250003141E-01    7.7055238531E-10
    8.5300003141E-01    7.5685934488E-10
    8.5350003141E-01    7.4337202393E-10
    8.5400003141E-01    7.3008784730E-10
    8.5450003141E-01    7.1700426663E-10
    8.5500003141E-01    7.0411876013E-10
    8.5550003141E-01    6.9142883236E-10
    8.5600003141E-01    6.7893201401E-10
    8.5650003141E-01    6.6662586160E-10
    8.5700003141E-01    6.5450795731E-10
    8.5750003141E-01    6.4257590873E-10
    8.5800003141E-01    6.3082734864E-10
    8.5850003141E-01    6.1925993474E-10
    8.5900003141E-01    6.0787134950E-10
    8.5950003141E-01    5.9665929988E-10
    8.6000003141E-01    5.8562151713E-10
    8.6050003141E-01    5.7475575656E-10
    8.6100003141E-01    5.6405979733E-10
    8.6150003141E-01    5.5353144226E-10
    8.6200003141E-01    5.4316851757E-10
    8.6250003141E-01    5.3296887270E-10
    8.6300003141E-01    5.2293038007E-10
    8.6350003141E-01    5.1305093493E-10
    8.6400003141E-01    5.0332845508E-10
    8.6450003141E-01    4.9376088073E-10
    8.6500003141E-01    4.8434617424E-10
    8.6550003141E-01    4.7508231997E-10
    8.6600003141E-01    4.6596732405E-10
    8.6650003141E-01    4.5699921418E-10
    8.6700003141E-01    4.4817603945E-10
    8.6750003141E-01    4.3949587014E-10
    8.6800003141E-01    4.3095679751E-10
    8.6850003141E-01    4.2255693366E-10
    8.6900003141E-01    4.1429441125E-10
    8.6950003141E-01    4.0616738341E-10
    8.7000003141E-01    3.9817402347E-10
    8.7050003141E-01    3.9031252485E-10
    8.7100003141E-01    3.8258110081E-10
    8.7150003141E-01    3.7497798431E-10
    8.7200003141E-01    3.6750142781E-10
    8.7250003141E-01    3.6014970309E-10
    8.7300003141E-01    3.5292110110E-10
    8.7350003141E-01    3.4581393174E-10
    8.7400003141E-01    3.3882652372E-10
    8.7450003141E-01    3.3195722438E-10
    8.7500003141E-01    3.2520439948E-10
    8.7550003141E-01    3.1856643311E-10
    8.7600003141E-01    3.1204172743E-10
    8.7650003141E-01    3.0562870257E-10
    8.7700003141E-01    2.9932579643E-10
    8.7750003141E-01    2.9313146453E-10
    8.7800003141E-01    2.8704417983E-10
    8.7850003141E-01    2.8106243259E-10
    8.7900003141E-01    2.7518473019E-10
    8.7950003141E-01    2.6940959698E-10
    8.8000003141E-01    2.6373557413E-10
    8.8050003141E-01    2.5816121944E-10
    8.8100003141E-01    2.5268510723E-10
    8.8150003141E-01    2.4730582816E-10
    8.8200003141E-01    2.4202198907E-10
    8.8250003141E-01    2.3683221284E-10
    8.8300003141E-01    2.3173513825E-10
    8.8350003141E-01    2.2672941981E-10
    8.8400003141E-01    2.2181372763E-10
    8.8450003141E-01    2.1698674725E-10
    8.8500003141E-01    2.1224717953E-10
    8.8550003141E-01    2.0759374047E-10
    8.8600003141E-01    2.0302516109E-10
    8.8650003141E-01    1.9854018727E-10
    8.8700003141E-01    1.9413757963E-10
    8.8750003141E-01    1.8981611337E-10
    8.8800003141E-01    1.8557457817E-10
    8.8850003141E-01    1.8141177798E-10
    8.8900003141E-01    1.7732653096E-10
    8.8950003141E-01    1.7331766932E-10
    8.9000003141E-01    1.6938403915E-10
    8.9050003141E-01    1.6552450034E-10
    8.9100003141E-01    1.6173792642E-10
    8.9150003141E-01    1.5802320444E-10
    8.9200003141E-01    1.5437923483E-10
    8.9250003141E-01    1.5080493127E-10
    8.9300003141E-01    1.4729922061E-10
    8.9350003141E-01    1.4386104265E-10
    8.9400003141E-01    1.4048935010E-10
    8.9450003141E-01    1.3718310843E-10
    8.9500003141E-01    1.3394129573E-10
    8.9550003141E-01    1.3076290260E-10
    8.9600003141E-01    1.2764693205E-10
    8.9650003141E-01    1.2459239933E-10
    8.9700003141E-01    1.2159833185E-10
    8.9750003141E-01    1.1866376908E-10
    8.9800003141E-01    1.1578776237E-10
    8.9850003141E-01    1.1296937490E-10
    8.9900003141E-01    1.1020768150E-10
    8.9950003141E-01    1.0750176860E-10
    9.0000003141E-01    1.0485073408E-10
    9.0050003141E-01    1.0225368717E-10
    9.0100003141E-01    9.9709748322E-11
    9.0150003141E-01    9.7218049127E-11
    9.0200003141E-01    9.4777732185E-11
    9.0250003141E-01    9.2387951001E-11
    9.0300003141E-01    9.0047869882E-11
    9.0350003141E-01    8.7756663828E-11
    9.0400003141E-01    8.5513518425E-11
    9.0450003141E-01    8.3317629740E-11
    9.0500003141E-01    8.1168204222E-11
    9.0550003141E-01    7.9064458593E-11
    9.0600003141E-01    7.7005619747E-11
    9.0650003141E-01    7.4990924652E-11
    9.0700003141E-01    7.3019620246E-11
    9.0750003141E-01    7.1090963339E-11
    9.0800003141E-01    6.9204220513E-11
    9.0850003141E-01    6.7358668027E-11
    9.0900003141E-01    6.5553591715E-11
    9.0950003141E-01    6.3788286894E-11
    9.1000003141E-01    6.2062058268E-11
    9.1050003141E-01    6.0374219828E-11
    9.1100003141E-01    5.8724094768E-11
    9.1150003141E-01    5.7111015381E-11
    9.1200003141E-01    5.5534322974E-11
    9.1250003141E-01    5.3993367774E-11
    9.1300003141E-01    5.2487508838E-11
    9.1350003141E-01    5.1016113961E-11
    9.1400003141E-01    4.9578559590E-11
    9.1450003141E-01    4.8174230730E-11
    9.1500003141E-01    4.6802520865E-11
    9.1550003141E-01    4.5462831860E-11
    9.1600003141E-01    4.4154573886E-11
    9.1650003141E-01    4.2877165324E-11
    9.1700003141E-01    4.1630032688E-11
    9.1750003141E-01    4.0412610537E-11
    9.1800003141E-01    3.9224341392E-11
    9.1850003141E-01    3.8064675655E-11
    9.1900003141E-01    3.6933071524E-11
    9.1950003141E-01    3.5828994915E-11
    9.2000003141E-01    3.4751919378E-11
    9.2050003141E-01    3.3701326019E-11
    9.2100003141E-01    3.2676703423E-11
    9.2150003141E-01    3.1677547569E-11
    9.2200003141E-01    3.0703361758E-11
    9.2250003141E-01    2.9753656534E-11
    9.2300003141E-01    2.8827949605E-11
    9.2350003141E-01    2.7925765769E-11
    9.2400003141E-01    2.7046636842E-11
    9.2450003141E-01    2.6190101574E-11
    9.2500003141E-01    2.5355705586E-11
    9.2550003141E-01    2.4543001288E-11
    9.2600003141E-01    2.3751547811E-11
    9.2650003141E-01    2.2980910932E-11
    9.2700003141E-01    2.2230663004E-11
    9.2750003141E-01    2.1500382885E-11
    9.2800003141E-01    2.0789655865E-11
    9.2850003141E-01    2.0098073601E-11
    9.2900003141E-01    1.9425234044E-11
    9.2950003141E-01    1.8770741370E-11
    9.3000003141E-01    1.8134205915E-11
    9.3050003141E-01    1.7515244105E-11
    9.3100003141E-01    1.6913478390E-11
    9.3150003141E-01    1.6328537178E-11
    9.3200003141E-01    1.5760054767E-11
    9.3250003141E-01    1.5207671284E-11
    9.3300003141E-01    1.4671032616E-11
    9.3350003141E-01    1.4149790347E-11
    9.3400003141E-01    1.3643601698E-11
    9.3450003141E-01    1.3152129457E-11
    9.3500003141E-01    1.2675041924E-11
    9.3550003141E-01    1.2212012844E-11
    9.3600003141E-01    1.1762721345E-11
    9.3650003141E-01    1.1326851882E-11
    9.3700003141E-01    1.0904094173E-11
    9.3750003141E-01    1.0494143137E-11
    9.3800003141E-01    1.0096698841E-11
    9.3850003141E-01    9.7114664334E-12
    9.3900003141E-01    9.3381560924E-12
    9.3950003141E-01    8.9764829636E-12
    9.4000003141E-01    8.6261671040E-12
    9.4050003141E-01    8.2869334255E-12
    9.4100003141E-01    7.9585116375E-12
    9.4150003141E-01    7.6406361915E-12
    9.4200003141E-01    7.3330462254E-12
    9.4250003141E-01    7.0354855082E-12
    9.4300003141E-01    6.7477023858E-12
    9.4350003141E-01    6.4694497264E-12
    9.4400003141E-01    6.2004848672E-12
    9.4450003141E-01    5.9405695608E-12
    9.4500003141E-01    5.6894699229E-12
    9.4550003141E-01    5.4469563792E-12
    9.4600003141E-01    5.2128036141E-12
    9.4650003141E-01    4.9867905190E-12
    9.4700003141E-01    4.7687001412E-12
    9.4750003141E-01    4.5583196334E-12
    9.4800003141E-01    4.3554402033E-12
    9.4850003141E-01    4.1598570642E-12
    9.4900003141E-01    3.9713693849E-12
    9.4950003141E-01    3.7897802417E-12
    9.5000003141E-01    3.6148965691E-12
    9.5050003141E-01    3.4465291119E-12
    9.5100003141E-01    3.2844923776E-12
    9.5150003141E-01    3.1286045888E-12
    9.5200003141E-01    2.9786876364E-12
    9.5250003141E-01    2.8345670330E-12
    9.5300003141E-01    2.6960718667E-12
    9.5350003141E-01    2.5630347554E-12
    9.5400003141E-01    2.4352918011E-12
    9.5450003141E-01    2.3126825451E-12
    9.5500003141E-01    2.1950499235E-12
    9.5550003141E-01    2.0822402223E-12
    9.5600003141E-01    1.9741030339E-12
    9.5650003141E-01    1.8704912136E-12
    9.5700003141E-01    1.7712608358E-12
    9.5750003141E-01    1.6762711520E-12
    9.5800003141E-01    1.5853845472E-12
    9.5850003141E-01    1.4984664988E-12
    9.5900003141E-01    1.4153855339E-12
    9.5950003141E-01    1.3360131881E-12
    9.6000003141E-01    1.2602239646E-12
    9.6050003141E-01    1.1878952929E-12
    9.6100003141E-01    1.1189074886E-12
    9.6150003141E-01    1.0531437130E-12
    9.6200003141E-01    9.9048993337E-13
    9.6250003141E-01    9.3083488346E-13
    9.6300003141E-01    8.7407002400E-13
    9.6350003141E-01    8.2008950398E-13
    9.6400003141E-01    7.6879012195E-13
    9.6450003141E-01    7.2007128772E-13
    9.6500003141E-01    6.7383498429E-13
    9.6550003141E-01    6.2998573015E-13
    9.6600003141E-01    5.8843054184E-13
    9.6650003141E-01    5.4907889678E-13
    9.6700003141E-01    5.1184269641E-13
    9.6750003141E-01    4.7663622959E-13
    9.6800003141E-01    4.4337613628E-13
    9.6850003141E-01    4.1198137153E-13
    9.6900003141E-01    3.8237316965E-13
    9.6950003141E-01    3.5447500875E-13
    9.7000003141E-01    3.2821257549E-13
    9.7050003141E-01    3.0351373005E-13
    9.7100003141E-01    2.8030847140E-13
    9.7150003141E-01    2.5852890286E-13
    9.7200003141E-01    2.3810919779E-13
    9.7250003141E-01    2.1898556562E-13
    9.7300003141E-01    2.0109621807E-13
    9.7350003141E-01    1.8438133562E-13
    9.7400003141E-01    1.6878303419E-13
    9.7450003141E-01    1.5424533208E-13
    9.7500003141E-01    1.4071411707E-13
    9.7550003141E-01    1.2813711378E-13
    9.7600003141E-01    1.1646385125E-13
    9.7650003141E-01    1.0564563066E-13
    9.7700003141E-01    9.5635493320E-14
    9.7750003141E-01    8.6388188814E-14
    9.7800003141E-01    7.7860143347E-14
    9.7850003141E-01    7.0009428272E-14
    9.7900003141E-01    6.2795728793E-14
    9.7950003141E-01    5.6180312845E-14
    9.8000003141E-01    5.0126000134E-14
    9.8050003141E-01    4.4597131344E-14
    9.8100003141E-01    3.9559537491E-14
    9.8150003141E-01    3.4980509423E-14
    9.8200003141E-01    3.0828767463E-14
    9.8250003141E-01    2.7074431184E-14
    9.8300003141E-01    2.3688989298E-14
    9.8350003141E-01    2.0645269672E-14
    9.8400003141E-01    1.7917409446E-14
    9.8450003141E-01    1.5480825242E-14
    9.8500003141E-01    1.3312183465E-14
    9.8550003141E-01    1.1389370685E-14
    9.8600003141E-01    9.6914640701E-15
    9.8650003141E-01    8.1987018865E-15
    9.8700003141E-01    6.8924540260E-15
    9.8750003141E-01    5.7551925648E-15
    9.8800003141E-01    4.7704623293E-15
    9.8850003141E-01    3.9228514532E-15
    9.8900003141E-01    3.1979619093E-15
    9.8950003141E-01    2.5823799931E-15
    9.9000003141E-01    2.0636467364E-15
    9.9050003141E-01    1.6302282263E-15
    9.9100003141E-01    1.2714857997E-15
    9.9150003141E-01    9.7764608254E-16
    9.9200003141E-01    7.3977083672E-16
    9.9250003141E-01    5.4972657413E-16
    9.9300003141E-01    4.0015388899E-16
    9.9350003141E-01    2.8443645365E-16
    9.9400003141E-01    1.9666961216E-16
    9.9450003141E-01    1.3162849397E-16
    9.9500003141E-01    8.4735554125E-17
    9.9550003141E-01    5.2027425374E-17
    9.9600003141E-01    3.0120939411E-17
    9.9650003141E-01    1.6178135625E-17
    9.9700003141E-01    7.8700201863E-18
    9.9750003141E-01    3.3387557108E-18
    9.9800003141E-01    1.1578324119E-18
    9.9850003141E-01    2.8955448688E-19
    9.9900003141E-01    3.8773721369E-20
    9.9950003141E-01    9.3729007550E-22
