    5.00000D-04    1.00000D+00
    1.00000D-03    9.99999D-01
    1.50000D-03    9.99997D-01
    2.00000D-03    9.99995D-01
    2.50000D-03    9.99992D-01
    3.00000D-03    9.99989D-01
    3.50000D-03    9.99985D-01
    4.00000D-03    9.99980D-01
    4.50000D-03    9.99975D-01
    5.00000D-03    9.99969D-01
    5.50000D-03    9.99963D-01
    6.00000D-03    9.99956D-01
    6.50000D-03    9.99948D-01
    7.00000D-03    9.99940D-01
    7.50000D-03    9.99931D-01
    8.00000D-03    9.99921D-01
    8.50000D-03    9.99911D-01
    9.00000D-03    9.99900D-01
    9.50000D-03    9.99889D-01
    1.00000D-02    9.99877D-01
    1.05000D-02    9.99864D-01
    1.10000D-02    9.99851D-01
    1.15000D-02    9.99837D-01
    1.20000D-02    9.99822D-01
    1.25000D-02    9.99807D-01
    1.30000D-02    9.99792D-01
    1.35000D-02    9.99775D-01
    1.40000D-02    9.99758D-01
    1.45000D-02    9.99741D-01
    1.50000D-02    9.99722D-01
    1.55000D-02    9.99704D-01
    1.60000D-02    9.99684D-01
    1.65000D-02    9.99664D-01
    1.70000D-02    9.99644D-01
    1.75000D-02    9.99622D-01
    1.80000D-02    9.99600D-01
    1.85000D-02    9.99578D-01
    1.90000D-02    9.99555D-01
    1.95000D-02    9.99531D-01
    2.00000D-02    9.99507D-01
    2.05000D-02    9.99482D-01
    2.10000D-02    9.99456D-01
    2.15000D-02    9.99430D-01
    2.20000D-02    9.99403D-01
    2.25000D-02    9.99376D-01
    2.30000D-02    9.99347D-01
    2.35000D-02    9.99319D-01
    2.40000D-02    9.99289D-01
    2.45000D-02    9.99260D-01
    2.50000D-02    9.99229D-01
    2.55000D-02    9.99198D-01
    2.60000D-02    9.99166D-01
    2.65000D-02    9.99134D-01
    2.70000D-02    9.99101D-01
    2.75000D-02    9.99067D-01
    2.80000D-02    9.99033D-01
    2.85000D-02    9.98998D-01
    2.90000D-02    9.98963D-01
    2.95000D-02    9.98927D-01
    3.00000D-02    9.98890D-01
    3.05000D-02    9.98853D-01
    3.10000D-02    9.98815D-01
    3.15000D-02    9.98776D-01
    3.20000D-02    9.98737D-01
    3.25000D-02    9.98697D-01
    3.30000D-02    9.98657D-01
    3.35000D-02    9.98616D-01
    3.40000D-02    9.98574D-01
    3.45000D-02    9.98532D-01
    3.50000D-02    9.98489D-01
    3.55000D-02    9.98446D-01
    3.60000D-02    9.98402D-01
    3.65000D-02    9.98357D-01
    3.70000D-02    9.98312D-01
    3.75000D-02    9.98266D-01
    3.80000D-02    9.98219D-01
    3.85000D-02    9.98172D-01
    3.90000D-02    9.98124D-01
    3.95000D-02    9.98076D-01
    4.00000D-02    9.98027D-01
    4.05000D-02    9.97977D-01
    4.10000D-02    9.97927D-01
    4.15000D-02    9.97876D-01
    4.20000D-02    9.97825D-01
    4.25000D-02    9.97772D-01
    4.30000D-02    9.97720D-01
    4.35000D-02    9.97666D-01
    4.40000D-02    9.97612D-01
    4.45000D-02    9.97558D-01
    4.50000D-02    9.97503D-01
    4.55000D-02    9.97447D-01
    4.60000D-02    9.97391D-01
    4.65000D-02    9.97334D-01
    4.70000D-02    9.97276D-01
    4.75000D-02    9.97218D-01
    4.80000D-02    9.97159D-01
    4.85000D-02    9.97099D-01
    4.90000D-02    9.97039D-01
    4.95000D-02    9.96979D-01
    5.00000D-02    9.96917D-01
    5.05000D-02    9.96855D-01
    5.10000D-02    9.96793D-01
    5.15000D-02    9.96730D-01
    5.20000D-02    9.96666D-01
    5.25000D-02    9.96602D-01
    5.30000D-02    9.96537D-01
    5.35000D-02    9.96471D-01
    5.40000D-02    9.96405D-01
    5.45000D-02    9.96338D-01
    5.50000D-02    9.96270D-01
    5.55000D-02    9.96202D-01
    5.60000D-02    9.96134D-01
    5.65000D-02    9.96064D-01
    5.70000D-02    9.95994D-01
    5.75000D-02    9.95924D-01
    5.80000D-02    9.95853D-01
    5.85000D-02    9.95781D-01
    5.90000D-02    9.95709D-01
    5.95000D-02    9.95636D-01
    6.00000D-02    9.95562D-01
    6.05000D-02    9.95488D-01
    6.10000D-02    9.95413D-01
    6.15000D-02    9.95337D-01
    6.20000D-02    9.95261D-01
    6.25000D-02    9.95185D-01
    6.30000D-02    9.95107D-01
    6.35000D-02    9.95030D-01
    6.40000D-02    9.94951D-01
    6.45000D-02    9.94872D-01
    6.50000D-02    9.94792D-01
    6.55000D-02    9.94712D-01
    6.60000D-02    9.94631D-01
    6.65000D-02    9.94549D-01
    6.70000D-02    9.94467D-01
    6.75000D-02    9.94384D-01
    6.80000D-02    9.94301D-01
    6.85000D-02    9.94217D-01
    6.90000D-02    9.94132D-01
    6.95000D-02    9.94047D-01
    7.00000D-02    9.93961D-01
    7.05000D-02    9.93874D-01
    7.10000D-02    9.93787D-01
    7.15000D-02    9.93700D-01
    7.20000D-02    9.93611D-01
    7.25000D-02    9.93522D-01
    7.30000D-02    9.93433D-01
    7.35000D-02    9.93343D-01
    7.40000D-02    9.93252D-01
    7.45000D-02    9.93160D-01
    7.50000D-02    9.93068D-01
    7.55000D-02    9.92976D-01
    7.60000D-02    9.92883D-01
    7.65000D-02    9.92789D-01
    7.70000D-02    9.92694D-01
    7.75000D-02    9.92599D-01
    7.80000D-02    9.92504D-01
    7.85000D-02    9.92407D-01
    7.90000D-02    9.92310D-01
    7.95000D-02    9.92213D-01
    8.00000D-02    9.92115D-01
    8.05000D-02    9.92016D-01
    8.10000D-02    9.91917D-01
    8.15000D-02    9.91817D-01
    8.20000D-02    9.91716D-01
    8.25000D-02    9.91615D-01
    8.30000D-02    9.91513D-01
    8.35000D-02    9.91411D-01
    8.40000D-02    9.91308D-01
    8.45000D-02    9.91204D-01
    8.50000D-02    9.91100D-01
    8.55000D-02    9.90995D-01
    8.60000D-02    9.90889D-01
    8.65000D-02    9.90783D-01
    8.70000D-02    9.90677D-01
    8.75000D-02    9.90569D-01
    8.80000D-02    9.90461D-01
    8.85000D-02    9.90353D-01
    8.90000D-02    9.90244D-01
    8.95000D-02    9.90134D-01
    9.00000D-02    9.90024D-01
    9.05000D-02    9.89913D-01
    9.10000D-02    9.89801D-01
    9.15000D-02    9.89689D-01
    9.20000D-02    9.89576D-01
    9.25000D-02    9.89463D-01
    9.30000D-02    9.89349D-01
    9.35000D-02    9.89234D-01
    9.40000D-02    9.89119D-01
    9.45000D-02    9.89003D-01
    9.50000D-02    9.88886D-01
    9.55000D-02    9.88769D-01
    9.60000D-02    9.88652D-01
    9.65000D-02    9.88533D-01
    9.70000D-02    9.88415D-01
    9.75000D-02    9.88295D-01
    9.80000D-02    9.88175D-01
    9.85000D-02    9.88054D-01
    9.90000D-02    9.87933D-01
    9.95000D-02    9.87811D-01
    1.00000D-01    9.87688D-01
    1.00500D-01    9.87565D-01
    1.01000D-01    9.87441D-01
    1.01500D-01    9.87317D-01
    1.02000D-01    9.87192D-01
    1.02500D-01    9.87066D-01
    1.03000D-01    9.86940D-01
    1.03500D-01    9.86813D-01
    1.04000D-01    9.86686D-01
    1.04500D-01    9.86558D-01
    1.05000D-01    9.86429D-01
    1.05500D-01    9.86300D-01
    1.06000D-01    9.86170D-01
    1.06500D-01    9.86040D-01
    1.07000D-01    9.85909D-01
    1.07500D-01    9.85777D-01
    1.08000D-01    9.85645D-01
    1.08500D-01    9.85512D-01
    1.09000D-01    9.85378D-01
    1.09500D-01    9.85244D-01
    1.10000D-01    9.85109D-01
    1.10500D-01    9.84974D-01
    1.11000D-01    9.84838D-01
    1.11500D-01    9.84702D-01
    1.12000D-01    9.84564D-01
    1.12500D-01    9.84427D-01
    1.13000D-01    9.84288D-01
    1.13500D-01    9.84149D-01
    1.14000D-01    9.84010D-01
    1.14500D-01    9.83869D-01
    1.15000D-01    9.83729D-01
    1.15500D-01    9.83587D-01
    1.16000D-01    9.83445D-01
    1.16500D-01    9.83303D-01
    1.17000D-01    9.83159D-01
    1.17500D-01    9.83016D-01
    1.18000D-01    9.82871D-01
    1.18500D-01    9.82726D-01
    1.19000D-01    9.82580D-01
    1.19500D-01    9.82434D-01
    1.20000D-01    9.82287D-01
    1.20500D-01    9.82140D-01
    1.21000D-01    9.81992D-01
    1.21500D-01    9.81843D-01
    1.22000D-01    9.81694D-01
    1.22500D-01    9.81544D-01
    1.23000D-01    9.81393D-01
    1.23500D-01    9.81242D-01
    1.24000D-01    9.81090D-01
    1.24500D-01    9.80938D-01
    1.25000D-01    9.80785D-01
    1.25500D-01    9.80632D-01
    1.26000D-01    9.80478D-01
    1.26500D-01    9.80323D-01
    1.27000D-01    9.80168D-01
    1.27500D-01    9.80012D-01
    1.28000D-01    9.79855D-01
    1.28500D-01    9.79698D-01
    1.29000D-01    9.79540D-01
    1.29500D-01    9.79382D-01
    1.30000D-01    9.79223D-01
    1.30500D-01    9.79063D-01
    1.31000D-01    9.78903D-01
    1.31500D-01    9.78742D-01
    1.32000D-01    9.78581D-01
    1.32500D-01    9.78419D-01
    1.33000D-01    9.78256D-01
    1.33500D-01    9.78093D-01
    1.34000D-01    9.77929D-01
    1.34500D-01    9.77765D-01
    1.35000D-01    9.77600D-01
    1.35500D-01    9.77434D-01
    1.36000D-01    9.77268D-01
    1.36500D-01    9.77101D-01
    1.37000D-01    9.76934D-01
    1.37500D-01    9.76766D-01
    1.38000D-01    9.76597D-01
    1.38500D-01    9.76428D-01
    1.39000D-01    9.76258D-01
    1.39500D-01    9.76088D-01
    1.40000D-01    9.75917D-01
    1.40500D-01    9.75745D-01
    1.41000D-01    9.75573D-01
    1.41500D-01    9.75400D-01
    1.42000D-01    9.75227D-01
    1.42500D-01    9.75053D-01
    1.43000D-01    9.74878D-01
    1.43500D-01    9.74703D-01
    1.44000D-01    9.74527D-01
    1.44500D-01    9.74350D-01
    1.45000D-01    9.74173D-01
    1.45500D-01    9.73996D-01
    1.46000D-01    9.73817D-01
    1.46500D-01    9.73639D-01
    1.47000D-01    9.73459D-01
    1.47500D-01    9.73279D-01
    1.48000D-01    9.73099D-01
    1.48500D-01    9.72917D-01
    1.49000D-01    9.72735D-01
    1.49500D-01    9.72553D-01
    1.50000D-01    9.72370D-01
    1.50500D-01    9.72186D-01
    1.51000D-01    9.72002D-01
    1.51500D-01    9.71817D-01
    1.52000D-01    9.71632D-01
    1.52500D-01    9.71446D-01
    1.53000D-01    9.71259D-01
    1.53500D-01    9.71072D-01
    1.54000D-01    9.70884D-01
    1.54500D-01    9.70695D-01
    1.55000D-01    9.70506D-01
    1.55500D-01    9.70317D-01
    1.56000D-01    9.70127D-01
    1.56500D-01    9.69936D-01
    1.57000D-01    9.69744D-01
    1.57500D-01    9.69552D-01
    1.58000D-01    9.69360D-01
    1.58500D-01    9.69166D-01
    1.59000D-01    9.68973D-01
    1.59500D-01    9.68778D-01
    1.60000D-01    9.68583D-01
    1.60500D-01    9.68388D-01
    1.61000D-01    9.68191D-01
    1.61500D-01    9.67995D-01
    1.62000D-01    9.67797D-01
    1.62500D-01    9.67599D-01
    1.63000D-01    9.67400D-01
    1.63500D-01    9.67201D-01
    1.64000D-01    9.67001D-01
    1.64500D-01    9.66801D-01
    1.65000D-01    9.66600D-01
    1.65500D-01    9.66399D-01
    1.66000D-01    9.66196D-01
    1.66500D-01    9.65994D-01
    1.67000D-01    9.65790D-01
    1.67500D-01    9.65586D-01
    1.68000D-01    9.65382D-01
    1.68500D-01    9.65176D-01
    1.69000D-01    9.64971D-01
    1.69500D-01    9.64764D-01
    1.70000D-01    9.64557D-01
    1.70500D-01    9.64350D-01
    1.71000D-01    9.64142D-01
    1.71500D-01    9.63933D-01
    1.72000D-01    9.63724D-01
    1.72500D-01    9.63514D-01
    1.73000D-01    9.63303D-01
    1.73500D-01    9.63092D-01
    1.74000D-01    9.62880D-01
    1.74500D-01    9.62668D-01
    1.75000D-01    9.62455D-01
    1.75500D-01    9.62242D-01
    1.76000D-01    9.62028D-01
    1.76500D-01    9.61813D-01
    1.77000D-01    9.61598D-01
    1.77500D-01    9.61382D-01
    1.78000D-01    9.61165D-01
    1.78500D-01    9.60948D-01
    1.79000D-01    9.60731D-01
    1.79500D-01    9.60513D-01
    1.80000D-01    9.60294D-01
    1.80500D-01    9.60074D-01
    1.81000D-01    9.59854D-01
    1.81500D-01    9.59634D-01
    1.82000D-01    9.59412D-01
    1.82500D-01    9.59191D-01
    1.83000D-01    9.58968D-01
    1.83500D-01    9.58745D-01
    1.84000D-01    9.58522D-01
    1.84500D-01    9.58298D-01
    1.85000D-01    9.58073D-01
    1.85500D-01    9.57848D-01
    1.86000D-01    9.57622D-01
    1.86500D-01    9.57395D-01
    1.87000D-01    9.57168D-01
    1.87500D-01    9.56940D-01
    1.88000D-01    9.56712D-01
    1.88500D-01    9.56483D-01
    1.89000D-01    9.56254D-01
    1.89500D-01    9.56024D-01
    1.90000D-01    9.55793D-01
    1.90500D-01    9.55562D-01
    1.91000D-01    9.55330D-01
    1.91500D-01    9.55098D-01
    1.92000D-01    9.54865D-01
    1.92500D-01    9.54631D-01
    1.93000D-01    9.54397D-01
    1.93500D-01    9.54162D-01
    1.94000D-01    9.53927D-01
    1.94500D-01    9.53691D-01
    1.95000D-01    9.53454D-01
    1.95500D-01    9.53217D-01
    1.96000D-01    9.52979D-01
    1.96500D-01    9.52741D-01
    1.97000D-01    9.52502D-01
    1.97500D-01    9.52263D-01
    1.98000D-01    9.52023D-01
    1.98500D-01    9.51782D-01
    1.99000D-01    9.51541D-01
    1.99500D-01    9.51299D-01
    2.00000D-01    9.51057D-01
    2.00500D-01    9.50814D-01
    2.01000D-01    9.50570D-01
    2.01500D-01    9.50326D-01
    2.02000D-01    9.50081D-01
    2.02500D-01    9.49836D-01
    2.03000D-01    9.49590D-01
    2.03500D-01    9.49343D-01
    2.04000D-01    9.49096D-01
    2.04500D-01    9.48848D-01
    2.05000D-01    9.48600D-01
    2.05500D-01    9.48351D-01
    2.06000D-01    9.48102D-01
    2.06500D-01    9.47852D-01
    2.07000D-01    9.47601D-01
    2.07500D-01    9.47350D-01
    2.08000D-01    9.47098D-01
    2.08500D-01    9.46846D-01
    2.09000D-01    9.46593D-01
    2.09500D-01    9.46339D-01
    2.10000D-01    9.46085D-01
    2.10500D-01    9.45831D-01
    2.11000D-01    9.45575D-01
    2.11500D-01    9.45320D-01
    2.12000D-01    9.45063D-01
    2.12500D-01    9.44806D-01
    2.13000D-01    9.44548D-01
    2.13500D-01    9.44290D-01
    2.14000D-01    9.44031D-01
    2.14500D-01    9.43772D-01
    2.15000D-01    9.43512D-01
    2.15500D-01    9.43252D-01
    2.16000D-01    9.42991D-01
    2.16500D-01    9.42729D-01
    2.17000D-01    9.42467D-01
    2.17500D-01    9.42204D-01
    2.18000D-01    9.41940D-01
    2.18500D-01    9.41676D-01
    2.19000D-01    9.41412D-01
    2.19500D-01    9.41146D-01
    2.20000D-01    9.40881D-01
    2.20500D-01    9.40614D-01
    2.21000D-01    9.40347D-01
    2.21500D-01    9.40080D-01
    2.22000D-01    9.39812D-01
    2.22500D-01    9.39543D-01
    2.23000D-01    9.39274D-01
    2.23500D-01    9.39004D-01
    2.24000D-01    9.38734D-01
    2.24500D-01    9.38463D-01
    2.25000D-01    9.38191D-01
    2.25500D-01    9.37919D-01
    2.26000D-01    9.37647D-01
    2.26500D-01    9.37373D-01
    2.27000D-01    9.37099D-01
    2.27500D-01    9.36825D-01
    2.28000D-01    9.36550D-01
    2.28500D-01    9.36274D-01
    2.29000D-01    9.35998D-01
    2.29500D-01    9.35721D-01
    2.30000D-01    9.35444D-01
    2.30500D-01    9.35166D-01
    2.31000D-01    9.34888D-01
    2.31500D-01    9.34609D-01
    2.32000D-01    9.34329D-01
    2.32500D-01    9.34049D-01
    2.33000D-01    9.33768D-01
    2.33500D-01    9.33487D-01
    2.34000D-01    9.33205D-01
    2.34500D-01    9.32922D-01
    2.35000D-01    9.32639D-01
    2.35500D-01    9.32355D-01
    2.36000D-01    9.32071D-01
    2.36500D-01    9.31786D-01
    2.37000D-01    9.31501D-01
    2.37500D-01    9.31215D-01
    2.38000D-01    9.30928D-01
    2.38500D-01    9.30641D-01
    2.39000D-01    9.30354D-01
    2.39500D-01    9.30065D-01
    2.40000D-01    9.29776D-01
    2.40500D-01    9.29487D-01
    2.41000D-01    9.29197D-01
    2.41500D-01    9.28907D-01
    2.42000D-01    9.28615D-01
    2.42500D-01    9.28324D-01
    2.43000D-01    9.28031D-01
    2.43500D-01    9.27739D-01
    2.44000D-01    9.27445D-01
    2.44500D-01    9.27151D-01
    2.45000D-01    9.26857D-01
    2.45500D-01    9.26561D-01
    2.46000D-01    9.26266D-01
    2.46500D-01    9.25969D-01
    2.47000D-01    9.25673D-01
    2.47500D-01    9.25375D-01
    2.48000D-01    9.25077D-01
    2.48500D-01    9.24779D-01
    2.49000D-01    9.24479D-01
    2.49500D-01    9.24180D-01
    2.50000D-01    9.23880D-01
    2.50500D-01    9.23579D-01
    2.51000D-01    9.23277D-01
    2.51500D-01    9.22975D-01
    2.52000D-01    9.22673D-01
    2.52500D-01    9.22370D-01
    2.53000D-01    9.22066D-01
    2.53500D-01    9.21762D-01
    2.54000D-01    9.21457D-01
    2.54500D-01    9.21151D-01
    2.55000D-01    9.20845D-01
    2.55500D-01    9.20539D-01
    2.56000D-01    9.20232D-01
    2.56500D-01    9.19924D-01
    2.57000D-01    9.19616D-01
    2.57500D-01    9.19307D-01
    2.58000D-01    9.18998D-01
    2.58500D-01    9.18688D-01
    2.59000D-01    9.18377D-01
    2.59500D-01    9.18066D-01
    2.60000D-01    9.17755D-01
    2.60500D-01    9.17442D-01
    2.61000D-01    9.17130D-01
    2.61500D-01    9.16816D-01
    2.62000D-01    9.16502D-01
    2.62500D-01    9.16188D-01
    2.63000D-01    9.15873D-01
    2.63500D-01    9.15557D-01
    2.64000D-01    9.15241D-01
    2.64500D-01    9.14924D-01
    2.65000D-01    9.14607D-01
    2.65500D-01    9.14289D-01
    2.66000D-01    9.13971D-01
    2.66500D-01    9.13652D-01
    2.67000D-01    9.13332D-01
    2.67500D-01    9.13012D-01
    2.68000D-01    9.12692D-01
    2.68500D-01    9.12370D-01
    2.69000D-01    9.12049D-01
    2.69500D-01    9.11726D-01
    2.70000D-01    9.11403D-01
    2.70500D-01    9.11080D-01
    2.71000D-01    9.10756D-01
    2.71500D-01    9.10431D-01
    2.72000D-01    9.10106D-01
    2.72500D-01    9.09780D-01
    2.73000D-01    9.09454D-01
    2.73500D-01    9.09127D-01
    2.74000D-01    9.08800D-01
    2.74500D-01    9.08472D-01
    2.75000D-01    9.08143D-01
    2.75500D-01    9.07814D-01
    2.76000D-01    9.07484D-01
    2.76500D-01    9.07154D-01
    2.77000D-01    9.06823D-01
    2.77500D-01    9.06492D-01
    2.78000D-01    9.06160D-01
    2.78500D-01    9.05828D-01
    2.79000D-01    9.05495D-01
    2.79500D-01    9.05161D-01
    2.80000D-01    9.04827D-01
    2.80500D-01    9.04492D-01
    2.81000D-01    9.04157D-01
    2.81500D-01    9.03821D-01
    2.82000D-01    9.03485D-01
    2.82500D-01    9.03148D-01
    2.83000D-01    9.02811D-01
    2.83500D-01    9.02473D-01
    2.84000D-01    9.02134D-01
    2.84500D-01    9.01795D-01
    2.85000D-01    9.01455D-01
    2.85500D-01    9.01115D-01
    2.86000D-01    9.00774D-01
    2.86500D-01    9.00433D-01
    2.87000D-01    9.00091D-01
    2.87500D-01    8.99748D-01
    2.88000D-01    8.99405D-01
    2.88500D-01    8.99062D-01
    2.89000D-01    8.98718D-01
    2.89500D-01    8.98373D-01
    2.90000D-01    8.98028D-01
    2.90500D-01    8.97682D-01
    2.91000D-01    8.97335D-01
    2.91500D-01    8.96989D-01
    2.92000D-01    8.96641D-01
    2.92500D-01    8.96293D-01
    2.93000D-01    8.95944D-01
    2.93500D-01    8.95595D-01
    2.94000D-01    8.95246D-01
    2.94500D-01    8.94895D-01
    2.95000D-01    8.94545D-01
    2.95500D-01    8.94193D-01
    2.96000D-01    8.93841D-01
    2.96500D-01    8.93489D-01
    2.97000D-01    8.93136D-01
    2.97500D-01    8.92782D-01
    2.98000D-01    8.92428D-01
    2.98500D-01    8.92074D-01
    2.99000D-01    8.91719D-01
    2.99500D-01    8.91363D-01
    3.00000D-01    8.91007D-01
    3.00500D-01    8.90650D-01
    3.01000D-01    8.90292D-01
    3.01500D-01    8.89934D-01
    3.02000D-01    8.89576D-01
    3.02500D-01    8.89217D-01
    3.03000D-01    8.88857D-01
    3.03500D-01    8.88497D-01
    3.04000D-01    8.88136D-01
    3.04500D-01    8.87775D-01
    3.05000D-01    8.87413D-01
    3.05500D-01    8.87051D-01
    3.06000D-01    8.86688D-01
    3.06500D-01    8.86325D-01
    3.07000D-01    8.85961D-01
    3.07500D-01    8.85596D-01
    3.08000D-01    8.85231D-01
    3.08500D-01    8.84866D-01
    3.09000D-01    8.84500D-01
    3.09500D-01    8.84133D-01
    3.10000D-01    8.83766D-01
    3.10500D-01    8.83398D-01
    3.11000D-01    8.83030D-01
    3.11500D-01    8.82661D-01
    3.12000D-01    8.82291D-01
    3.12500D-01    8.81921D-01
    3.13000D-01    8.81551D-01
    3.13500D-01    8.81180D-01
    3.14000D-01    8.80808D-01
    3.14500D-01    8.80436D-01
    3.15000D-01    8.80063D-01
    3.15500D-01    8.79690D-01
    3.16000D-01    8.79316D-01
    3.16500D-01    8.78942D-01
    3.17000D-01    8.78567D-01
    3.17500D-01    8.78192D-01
    3.18000D-01    8.77816D-01
    3.18500D-01    8.77439D-01
    3.19000D-01    8.77062D-01
    3.19500D-01    8.76685D-01
    3.20000D-01    8.76307D-01
    3.20500D-01    8.75928D-01
    3.21000D-01    8.75549D-01
    3.21500D-01    8.75169D-01
    3.22000D-01    8.74789D-01
    3.22500D-01    8.74408D-01
    3.23000D-01    8.74027D-01
    3.23500D-01    8.73645D-01
    3.24000D-01    8.73262D-01
    3.24500D-01    8.72879D-01
    3.25000D-01    8.72496D-01
    3.25500D-01    8.72112D-01
    3.26000D-01    8.71727D-01
    3.26500D-01    8.71342D-01
    3.27000D-01    8.70957D-01
    3.27500D-01    8.70570D-01
    3.28000D-01    8.70184D-01
    3.28500D-01    8.69797D-01
    3.29000D-01    8.69409D-01
    3.29500D-01    8.69020D-01
    3.30000D-01    8.68631D-01
    3.30500D-01    8.68242D-01
    3.31000D-01    8.67852D-01
    3.31500D-01    8.67462D-01
    3.32000D-01    8.67071D-01
    3.32500D-01    8.66679D-01
    3.33000D-01    8.66287D-01
    3.33500D-01    8.65894D-01
    3.34000D-01    8.65501D-01
    3.34500D-01    8.65108D-01
    3.35000D-01    8.64713D-01
    3.35500D-01    8.64319D-01
    3.36000D-01    8.63923D-01
    3.36500D-01    8.63528D-01
    3.37000D-01    8.63131D-01
    3.37500D-01    8.62734D-01
    3.38000D-01    8.62337D-01
    3.38500D-01    8.61939D-01
    3.39000D-01    8.61541D-01
    3.39500D-01    8.61142D-01
    3.40000D-01    8.60742D-01
    3.40500D-01    8.60342D-01
    3.41000D-01    8.59941D-01
    3.41500D-01    8.59540D-01
    3.42000D-01    8.59139D-01
    3.42500D-01    8.58736D-01
    3.43000D-01    8.58334D-01
    3.43500D-01    8.57930D-01
    3.44000D-01    8.57527D-01
    3.44500D-01    8.57122D-01
    3.45000D-01    8.56718D-01
    3.45500D-01    8.56312D-01
    3.46000D-01    8.55906D-01
    3.46500D-01    8.55500D-01
    3.47000D-01    8.55093D-01
    3.47500D-01    8.54685D-01
    3.48000D-01    8.54277D-01
    3.48500D-01    8.53869D-01
    3.49000D-01    8.53460D-01
    3.49500D-01    8.53050D-01
    3.50000D-01    8.52640D-01
    3.50500D-01    8.52229D-01
    3.51000D-01    8.51818D-01
    3.51500D-01    8.51407D-01
    3.52000D-01    8.50994D-01
    3.52500D-01    8.50582D-01
    3.53000D-01    8.50168D-01
    3.53500D-01    8.49755D-01
    3.54000D-01    8.49340D-01
    3.54500D-01    8.48926D-01
    3.55000D-01    8.48510D-01
    3.55500D-01    8.48094D-01
    3.56000D-01    8.47678D-01
    3.56500D-01    8.47261D-01
    3.57000D-01    8.46844D-01
    3.57500D-01    8.46426D-01
    3.58000D-01    8.46007D-01
    3.58500D-01    8.45588D-01
    3.59000D-01    8.45169D-01
    3.59500D-01    8.44748D-01
    3.60000D-01    8.44328D-01
    3.60500D-01    8.43907D-01
    3.61000D-01    8.43485D-01
    3.61500D-01    8.43063D-01
    3.62000D-01    8.42640D-01
    3.62500D-01    8.42217D-01
    3.63000D-01    8.41794D-01
    3.63500D-01    8.41369D-01
    3.64000D-01    8.40945D-01
    3.64500D-01    8.40519D-01
    3.65000D-01    8.40094D-01
    3.65500D-01    8.39667D-01
    3.66000D-01    8.39240D-01
    3.66500D-01    8.38813D-01
    3.67000D-01    8.38385D-01
    3.67500D-01    8.37957D-01
    3.68000D-01    8.37528D-01
    3.68500D-01    8.37099D-01
    3.69000D-01    8.36669D-01
    3.69500D-01    8.36238D-01
    3.70000D-01    8.35807D-01
    3.70500D-01    8.35376D-01
    3.71000D-01    8.34944D-01
    3.71500D-01    8.34511D-01
    3.72000D-01    8.34078D-01
    3.72500D-01    8.33645D-01
    3.73000D-01    8.33211D-01
    3.73500D-01    8.32776D-01
    3.74000D-01    8.32341D-01
    3.74500D-01    8.31906D-01
    3.75000D-01    8.31470D-01
    3.75500D-01    8.31033D-01
    3.76000D-01    8.30596D-01
    3.76500D-01    8.30158D-01
    3.77000D-01    8.29720D-01
    3.77500D-01    8.29281D-01
    3.78000D-01    8.28842D-01
    3.78500D-01    8.28403D-01
    3.79000D-01    8.27962D-01
    3.79500D-01    8.27522D-01
    3.80000D-01    8.27081D-01
    3.80500D-01    8.26639D-01
    3.81000D-01    8.26197D-01
    3.81500D-01    8.25754D-01
    3.82000D-01    8.25311D-01
    3.82500D-01    8.24867D-01
    3.83000D-01    8.24423D-01
    3.83500D-01    8.23978D-01
    3.84000D-01    8.23533D-01
    3.84500D-01    8.23087D-01
    3.85000D-01    8.22640D-01
    3.85500D-01    8.22194D-01
    3.86000D-01    8.21746D-01
    3.86500D-01    8.21299D-01
    3.87000D-01    8.20850D-01
    3.87500D-01    8.20401D-01
    3.88000D-01    8.19952D-01
    3.88500D-01    8.19502D-01
    3.89000D-01    8.19052D-01
    3.89500D-01    8.18601D-01
    3.90000D-01    8.18150D-01
    3.90500D-01    8.17698D-01
    3.91000D-01    8.17245D-01
    3.91500D-01    8.16793D-01
    3.92000D-01    8.16339D-01
    3.92500D-01    8.15885D-01
    3.93000D-01    8.15431D-01
    3.93500D-01    8.14976D-01
    3.94000D-01    8.14521D-01
    3.94500D-01    8.14065D-01
    3.95000D-01    8.13608D-01
    3.95500D-01    8.13152D-01
    3.96000D-01    8.12694D-01
    3.96500D-01    8.12236D-01
    3.97000D-01    8.11778D-01
    3.97500D-01    8.11319D-01
    3.98000D-01    8.10860D-01
    3.98500D-01    8.10400D-01
    3.99000D-01    8.09939D-01
    3.99500D-01    8.09478D-01
    4.00000D-01    8.09017D-01
    4.00500D-01    8.08555D-01
    4.01000D-01    8.08093D-01
    4.01500D-01    8.07630D-01
    4.02000D-01    8.07166D-01
    4.02500D-01    8.06702D-01
    4.03000D-01    8.06238D-01
    4.03500D-01    8.05773D-01
    4.04000D-01    8.05308D-01
    4.04500D-01    8.04842D-01
    4.05000D-01    8.04376D-01
    4.05500D-01    8.03909D-01
    4.06000D-01    8.03441D-01
    4.06500D-01    8.02974D-01
    4.07000D-01    8.02505D-01
    4.07500D-01    8.02036D-01
    4.08000D-01    8.01567D-01
    4.08500D-01    8.01097D-01
    4.09000D-01    8.00627D-01
    4.09500D-01    8.00156D-01
    4.10000D-01    7.99685D-01
    4.10500D-01    7.99213D-01
    4.11000D-01    7.98741D-01
    4.11500D-01    7.98268D-01
    4.12000D-01    7.97794D-01
    4.12500D-01    7.97321D-01
    4.13000D-01    7.96846D-01
    4.13500D-01    7.96372D-01
    4.14000D-01    7.95896D-01
    4.14500D-01    7.95421D-01
    4.15000D-01    7.94944D-01
    4.15500D-01    7.94468D-01
    4.16000D-01    7.93990D-01
    4.16500D-01    7.93513D-01
    4.17000D-01    7.93034D-01
    4.17500D-01    7.92556D-01
    4.18000D-01    7.92077D-01
    4.18500D-01    7.91597D-01
    4.19000D-01    7.91117D-01
    4.19500D-01    7.90636D-01
    4.20000D-01    7.90155D-01
    4.20500D-01    7.89673D-01
    4.21000D-01    7.89191D-01
    4.21500D-01    7.88709D-01
    4.22000D-01    7.88226D-01
    4.22500D-01    7.87742D-01
    4.23000D-01    7.87258D-01
    4.23500D-01    7.86773D-01
    4.24000D-01    7.86288D-01
    4.24500D-01    7.85803D-01
    4.25000D-01    7.85317D-01
    4.25500D-01    7.84830D-01
    4.26000D-01    7.84343D-01
    4.26500D-01    7.83856D-01
    4.27000D-01    7.83368D-01
    4.27500D-01    7.82880D-01
    4.28000D-01    7.82391D-01
    4.28500D-01    7.81901D-01
    4.29000D-01    7.81412D-01
    4.29500D-01    7.80921D-01
    4.30000D-01    7.80430D-01
    4.30500D-01    7.79939D-01
    4.31000D-01    7.79447D-01
    4.31500D-01    7.78955D-01
    4.32000D-01    7.78462D-01
    4.32500D-01    7.77969D-01
    4.33000D-01    7.77475D-01
    4.33500D-01    7.76981D-01
    4.34000D-01    7.76487D-01
    4.34500D-01    7.75991D-01
    4.35000D-01    7.75496D-01
    4.35500D-01    7.75000D-01
    4.36000D-01    7.74503D-01
    4.36500D-01    7.74006D-01
    4.37000D-01    7.73508D-01
    4.37500D-01    7.73010D-01
    4.38000D-01    7.72512D-01
    4.38500D-01    7.72013D-01
    4.39000D-01    7.71514D-01
    4.39500D-01    7.71014D-01
    4.40000D-01    7.70513D-01
    4.40500D-01    7.70012D-01
    4.41000D-01    7.69511D-01
    4.41500D-01    7.69009D-01
    4.42000D-01    7.68507D-01
    4.42500D-01    7.68004D-01
    4.43000D-01    7.67501D-01
    4.43500D-01    7.66997D-01
    4.44000D-01    7.66493D-01
    4.44500D-01    7.65988D-01
    4.45000D-01    7.65483D-01
    4.45500D-01    7.64978D-01
    4.46000D-01    7.64472D-01
    4.46500D-01    7.63965D-01
    4.47000D-01    7.63458D-01
    4.47500D-01    7.62950D-01
    4.48000D-01    7.62442D-01
    4.48500D-01    7.61934D-01
    4.49000D-01    7.61425D-01
    4.49500D-01    7.60916D-01
    4.50000D-01    7.60406D-01
    4.50500D-01    7.59896D-01
    4.51000D-01    7.59385D-01
    4.51500D-01    7.58874D-01
    4.52000D-01    7.58362D-01
    4.52500D-01    7.57850D-01
    4.53000D-01    7.57337D-01
    4.53500D-01    7.56824D-01
    4.54000D-01    7.56310D-01
    4.54500D-01    7.55796D-01
    4.55000D-01    7.55282D-01
    4.55500D-01    7.54767D-01
    4.56000D-01    7.54251D-01
    4.56500D-01    7.53735D-01
    4.57000D-01    7.53219D-01
    4.57500D-01    7.52702D-01
    4.58000D-01    7.52185D-01
    4.58500D-01    7.51667D-01
    4.59000D-01    7.51149D-01
    4.59500D-01    7.50630D-01
    4.60000D-01    7.50111D-01
    4.60500D-01    7.49591D-01
    4.61000D-01    7.49071D-01
    4.61500D-01    7.48551D-01
    4.62000D-01    7.48030D-01
    4.62500D-01    7.47508D-01
    4.63000D-01    7.46986D-01
    4.63500D-01    7.46464D-01
    4.64000D-01    7.45941D-01
    4.64500D-01    7.45418D-01
    4.65000D-01    7.44894D-01
    4.65500D-01    7.44370D-01
    4.66000D-01    7.43845D-01
    4.66500D-01    7.43320D-01
    4.67000D-01    7.42794D-01
    4.67500D-01    7.42268D-01
    4.68000D-01    7.41742D-01
    4.68500D-01    7.41215D-01
    4.69000D-01    7.40687D-01
    4.69500D-01    7.40159D-01
    4.70000D-01    7.39631D-01
    4.70500D-01    7.39102D-01
    4.71000D-01    7.38573D-01
    4.71500D-01    7.38043D-01
    4.72000D-01    7.37513D-01
    4.72500D-01    7.36982D-01
    4.73000D-01    7.36451D-01
    4.73500D-01    7.35920D-01
    4.74000D-01    7.35388D-01
    4.74500D-01    7.34855D-01
    4.75000D-01    7.34322D-01
    4.75500D-01    7.33789D-01
    4.76000D-01    7.33255D-01
    4.76500D-01    7.32721D-01
    4.77000D-01    7.32186D-01
    4.77500D-01    7.31651D-01
    4.78000D-01    7.31116D-01
    4.78500D-01    7.30579D-01
    4.79000D-01    7.30043D-01
    4.79500D-01    7.29506D-01
    4.80000D-01    7.28969D-01
    4.80500D-01    7.28431D-01
    4.81000D-01    7.27892D-01
    4.81500D-01    7.27354D-01
    4.82000D-01    7.26814D-01
    4.82500D-01    7.26275D-01
    4.83000D-01    7.25735D-01
    4.83500D-01    7.25194D-01
    4.84000D-01    7.24653D-01
    4.84500D-01    7.24112D-01
    4.85000D-01    7.23570D-01
    4.85500D-01    7.23027D-01
    4.86000D-01    7.22485D-01
    4.86500D-01    7.21941D-01
    4.87000D-01    7.21398D-01
    4.87500D-01    7.20854D-01
    4.88000D-01    7.20309D-01
    4.88500D-01    7.19764D-01
    4.89000D-01    7.19218D-01
    4.89500D-01    7.18673D-01
    4.90000D-01    7.18126D-01
    4.90500D-01    7.17579D-01
    4.91000D-01    7.17032D-01
    4.91500D-01    7.16485D-01
    4.92000D-01    7.15936D-01
    4.92500D-01    7.15388D-01
    4.93000D-01    7.14839D-01
    4.93500D-01    7.14289D-01
    4.94000D-01    7.13740D-01
    4.94500D-01    7.13189D-01
    4.95000D-01    7.12638D-01
    4.95500D-01    7.12087D-01
    4.96000D-01    7.11536D-01
    4.96500D-01    7.10984D-01
    4.97000D-01    7.10431D-01
    4.97500D-01    7.09878D-01
    4.98000D-01    7.09325D-01
    4.98500D-01    7.08771D-01
    4.99000D-01    7.08217D-01
    4.99500D-01    7.07662D-01
    5.00000D-01    7.07107D-01
    5.00500D-01    7.06551D-01
    5.01000D-01    7.05995D-01
    5.01500D-01    7.05439D-01
    5.02000D-01    7.04882D-01
    5.02500D-01    7.04325D-01
    5.03000D-01    7.03767D-01
    5.03500D-01    7.03209D-01
    5.04000D-01    7.02650D-01
    5.04500D-01    7.02091D-01
    5.05000D-01    7.01531D-01
    5.05500D-01    7.00971D-01
    5.06000D-01    7.00411D-01
    5.06500D-01    6.99850D-01
    5.07000D-01    6.99289D-01
    5.07500D-01    6.98727D-01
    5.08000D-01    6.98165D-01
    5.08500D-01    6.97603D-01
    5.09000D-01    6.97040D-01
    5.09500D-01    6.96477D-01
    5.10000D-01    6.95913D-01
    5.10500D-01    6.95349D-01
    5.11000D-01    6.94784D-01
    5.11500D-01    6.94219D-01
    5.12000D-01    6.93653D-01
    5.12500D-01    6.93087D-01
    5.13000D-01    6.92521D-01
    5.13500D-01    6.91954D-01
    5.14000D-01    6.91387D-01
    5.14500D-01    6.90819D-01
    5.15000D-01    6.90251D-01
    5.15500D-01    6.89683D-01
    5.16000D-01    6.89114D-01
    5.16500D-01    6.88544D-01
    5.17000D-01    6.87975D-01
    5.17500D-01    6.87404D-01
    5.18000D-01    6.86834D-01
    5.18500D-01    6.86263D-01
    5.19000D-01    6.85691D-01
    5.19500D-01    6.85119D-01
    5.20000D-01    6.84547D-01
    5.20500D-01    6.83974D-01
    5.21000D-01    6.83401D-01
    5.21500D-01    6.82828D-01
    5.22000D-01    6.82254D-01
    5.22500D-01    6.81679D-01
    5.23000D-01    6.81104D-01
    5.23500D-01    6.80529D-01
    5.24000D-01    6.79953D-01
    5.24500D-01    6.79377D-01
    5.25000D-01    6.78801D-01
    5.25500D-01    6.78224D-01
    5.26000D-01    6.77646D-01
    5.26500D-01    6.77069D-01
    5.27000D-01    6.76490D-01
    5.27500D-01    6.75912D-01
    5.28000D-01    6.75333D-01
    5.28500D-01    6.74753D-01
    5.29000D-01    6.74173D-01
    5.29500D-01    6.73593D-01
    5.30000D-01    6.73012D-01
    5.30500D-01    6.72431D-01
    5.31000D-01    6.71850D-01
    5.31500D-01    6.71268D-01
    5.32000D-01    6.70686D-01
    5.32500D-01    6.70103D-01
    5.33000D-01    6.69520D-01
    5.33500D-01    6.68936D-01
    5.34000D-01    6.68352D-01
    5.34500D-01    6.67768D-01
    5.35000D-01    6.67183D-01
    5.35500D-01    6.66597D-01
    5.36000D-01    6.66012D-01
    5.36500D-01    6.65426D-01
    5.37000D-01    6.64839D-01
    5.37500D-01    6.64252D-01
    5.38000D-01    6.63665D-01
    5.38500D-01    6.63077D-01
    5.39000D-01    6.62489D-01
    5.39500D-01    6.61901D-01
    5.40000D-01    6.61312D-01
    5.40500D-01    6.60722D-01
    5.41000D-01    6.60133D-01
    5.41500D-01    6.59543D-01
    5.42000D-01    6.58952D-01
    5.42500D-01    6.58361D-01
    5.43000D-01    6.57770D-01
    5.43500D-01    6.57178D-01
    5.44000D-01    6.56586D-01
    5.44500D-01    6.55993D-01
    5.45000D-01    6.55400D-01
    5.45500D-01    6.54807D-01
    5.46000D-01    6.54213D-01
    5.46500D-01    6.53619D-01
    5.47000D-01    6.53024D-01
    5.47500D-01    6.52429D-01
    5.48000D-01    6.51834D-01
    5.48500D-01    6.51238D-01
    5.49000D-01    6.50642D-01
    5.49500D-01    6.50045D-01
    5.50000D-01    6.49448D-01
    5.50500D-01    6.48851D-01
    5.51000D-01    6.48253D-01
    5.51500D-01    6.47655D-01
    5.52000D-01    6.47056D-01
    5.52500D-01    6.46457D-01
    5.53000D-01    6.45857D-01
    5.53500D-01    6.45258D-01
    5.54000D-01    6.44657D-01
    5.54500D-01    6.44057D-01
    5.55000D-01    6.43456D-01
    5.55500D-01    6.42854D-01
    5.56000D-01    6.42253D-01
    5.56500D-01    6.41650D-01
    5.57000D-01    6.41048D-01
    5.57500D-01    6.40445D-01
    5.58000D-01    6.39841D-01
    5.58500D-01    6.39238D-01
    5.59000D-01    6.38633D-01
    5.59500D-01    6.38029D-01
    5.60000D-01    6.37424D-01
    5.60500D-01    6.36819D-01
    5.61000D-01    6.36213D-01
    5.61500D-01    6.35607D-01
    5.62000D-01    6.35000D-01
    5.62500D-01    6.34393D-01
    5.63000D-01    6.33786D-01
    5.63500D-01    6.33178D-01
    5.64000D-01    6.32570D-01
    5.64500D-01    6.31962D-01
    5.65000D-01    6.31353D-01
    5.65500D-01    6.30743D-01
    5.66000D-01    6.30134D-01
    5.66500D-01    6.29524D-01
    5.67000D-01    6.28913D-01
    5.67500D-01    6.28302D-01
    5.68000D-01    6.27691D-01
    5.68500D-01    6.27080D-01
    5.69000D-01    6.26468D-01
    5.69500D-01    6.25855D-01
    5.70000D-01    6.25243D-01
    5.70500D-01    6.24629D-01
    5.71000D-01    6.24016D-01
    5.71500D-01    6.23402D-01
    5.72000D-01    6.22788D-01
    5.72500D-01    6.22173D-01
    5.73000D-01    6.21558D-01
    5.73500D-01    6.20943D-01
    5.74000D-01    6.20327D-01
    5.74500D-01    6.19711D-01
    5.75000D-01    6.19094D-01
    5.75500D-01    6.18477D-01
    5.76000D-01    6.17860D-01
    5.76500D-01    6.17242D-01
    5.77000D-01    6.16624D-01
    5.77500D-01    6.16005D-01
    5.78000D-01    6.15386D-01
    5.78500D-01    6.14767D-01
    5.79000D-01    6.14147D-01
    5.79500D-01    6.13527D-01
    5.80000D-01    6.12907D-01
    5.80500D-01    6.12286D-01
    5.81000D-01    6.11665D-01
    5.81500D-01    6.11044D-01
    5.82000D-01    6.10422D-01
    5.82500D-01    6.09799D-01
    5.83000D-01    6.09177D-01
    5.83500D-01    6.08554D-01
    5.84000D-01    6.07930D-01
    5.84500D-01    6.07306D-01
    5.85000D-01    6.06682D-01
    5.85500D-01    6.06058D-01
    5.86000D-01    6.05433D-01
    5.86500D-01    6.04808D-01
    5.87000D-01    6.04182D-01
    5.87500D-01    6.03556D-01
    5.88000D-01    6.02930D-01
    5.88500D-01    6.02303D-01
    5.89000D-01    6.01676D-01
    5.89500D-01    6.01048D-01
    5.90000D-01    6.00420D-01
    5.90500D-01    5.99792D-01
    5.91000D-01    5.99163D-01
    5.91500D-01    5.98534D-01
    5.92000D-01    5.97905D-01
    5.92500D-01    5.97275D-01
    5.93000D-01    5.96645D-01
    5.93500D-01    5.96015D-01
    5.94000D-01    5.95384D-01
    5.94500D-01    5.94753D-01
    5.95000D-01    5.94121D-01
    5.95500D-01    5.93489D-01
    5.96000D-01    5.92857D-01
    5.96500D-01    5.92224D-01
    5.97000D-01    5.91591D-01
    5.97500D-01    5.90958D-01
    5.98000D-01    5.90324D-01
    5.98500D-01    5.89690D-01
    5.99000D-01    5.89055D-01
    5.99500D-01    5.88420D-01
    6.00000D-01    5.87785D-01
    6.00500D-01    5.87150D-01
    6.01000D-01    5.86514D-01
    6.01500D-01    5.85877D-01
    6.02000D-01    5.85241D-01
    6.02500D-01    5.84604D-01
    6.03000D-01    5.83966D-01
    6.03500D-01    5.83329D-01
    6.04000D-01    5.82690D-01
    6.04500D-01    5.82052D-01
    6.05000D-01    5.81413D-01
    6.05500D-01    5.80774D-01
    6.06000D-01    5.80134D-01
    6.06500D-01    5.79494D-01
    6.07000D-01    5.78854D-01
    6.07500D-01    5.78214D-01
    6.08000D-01    5.77573D-01
    6.08500D-01    5.76931D-01
    6.09000D-01    5.76290D-01
    6.09500D-01    5.75648D-01
    6.10000D-01    5.75005D-01
    6.10500D-01    5.74362D-01
    6.11000D-01    5.73719D-01
    6.11500D-01    5.73076D-01
    6.12000D-01    5.72432D-01
    6.12500D-01    5.71788D-01
    6.13000D-01    5.71143D-01
    6.13500D-01    5.70498D-01
    6.14000D-01    5.69853D-01
    6.14500D-01    5.69208D-01
    6.15000D-01    5.68562D-01
    6.15500D-01    5.67915D-01
    6.16000D-01    5.67269D-01
    6.16500D-01    5.66622D-01
    6.17000D-01    5.65975D-01
    6.17500D-01    5.65327D-01
    6.18000D-01    5.64679D-01
    6.18500D-01    5.64030D-01
    6.19000D-01    5.63382D-01
    6.19500D-01    5.62733D-01
    6.20000D-01    5.62083D-01
    6.20500D-01    5.61434D-01
    6.21000D-01    5.60783D-01
    6.21500D-01    5.60133D-01
    6.22000D-01    5.59482D-01
    6.22500D-01    5.58831D-01
    6.23000D-01    5.58180D-01
    6.23500D-01    5.57528D-01
    6.24000D-01    5.56876D-01
    6.24500D-01    5.56223D-01
    6.25000D-01    5.55570D-01
    6.25500D-01    5.54917D-01
    6.26000D-01    5.54263D-01
    6.26500D-01    5.53610D-01
    6.27000D-01    5.52955D-01
    6.27500D-01    5.52301D-01
    6.28000D-01    5.51646D-01
    6.28500D-01    5.50991D-01
    6.29000D-01    5.50335D-01
    6.29500D-01    5.49679D-01
    6.30000D-01    5.49023D-01
    6.30500D-01    5.48366D-01
    6.31000D-01    5.47709D-01
    6.31500D-01    5.47052D-01
    6.32000D-01    5.46394D-01
    6.32500D-01    5.45736D-01
    6.33000D-01    5.45078D-01
    6.33500D-01    5.44419D-01
    6.34000D-01    5.43760D-01
    6.34500D-01    5.43101D-01
    6.35000D-01    5.42441D-01
    6.35500D-01    5.41781D-01
    6.36000D-01    5.41121D-01
    6.36500D-01    5.40461D-01
    6.37000D-01    5.39800D-01
    6.37500D-01    5.39138D-01
    6.38000D-01    5.38477D-01
    6.38500D-01    5.37815D-01
    6.39000D-01    5.37152D-01
    6.39500D-01    5.36490D-01
    6.40000D-01    5.35827D-01
    6.40500D-01    5.35164D-01
    6.41000D-01    5.34500D-01
    6.41500D-01    5.33836D-01
    6.42000D-01    5.33172D-01
    6.42500D-01    5.32507D-01
    6.43000D-01    5.31842D-01
    6.43500D-01    5.31177D-01
    6.44000D-01    5.30511D-01
    6.44500D-01    5.29845D-01
    6.45000D-01    5.29179D-01
    6.45500D-01    5.28512D-01
    6.46000D-01    5.27845D-01
    6.46500D-01    5.27178D-01
    6.47000D-01    5.26511D-01
    6.47500D-01    5.25843D-01
    6.48000D-01    5.25175D-01
    6.48500D-01    5.24506D-01
    6.49000D-01    5.23837D-01
    6.49500D-01    5.23168D-01
    6.50000D-01    5.22498D-01
    6.50500D-01    5.21829D-01
    6.51000D-01    5.21159D-01
    6.51500D-01    5.20488D-01
    6.52000D-01    5.19817D-01
    6.52500D-01    5.19146D-01
    6.53000D-01    5.18475D-01
    6.53500D-01    5.17803D-01
    6.54000D-01    5.17131D-01
    6.54500D-01    5.16459D-01
    6.55000D-01    5.15786D-01
    6.55500D-01    5.15113D-01
    6.56000D-01    5.14439D-01
    6.56500D-01    5.13766D-01
    6.57000D-01    5.13092D-01
    6.57500D-01    5.12418D-01
    6.58000D-01    5.11743D-01
    6.58500D-01    5.11068D-01
    6.59000D-01    5.10393D-01
    6.59500D-01    5.09717D-01
    6.60000D-01    5.09041D-01
    6.60500D-01    5.08365D-01
    6.61000D-01    5.07689D-01
    6.61500D-01    5.07012D-01
    6.62000D-01    5.06335D-01
    6.62500D-01    5.05657D-01
    6.63000D-01    5.04979D-01
    6.63500D-01    5.04301D-01
    6.64000D-01    5.03623D-01
    6.64500D-01    5.02944D-01
    6.65000D-01    5.02265D-01
    6.65500D-01    5.01586D-01
    6.66000D-01    5.00907D-01
    6.66500D-01    5.00227D-01
    6.67000D-01    4.99546D-01
    6.67500D-01    4.98866D-01
    6.68000D-01    4.98185D-01
    6.68500D-01    4.97504D-01
    6.69000D-01    4.96822D-01
    6.69500D-01    4.96141D-01
    6.70000D-01    4.95459D-01
    6.70500D-01    4.94776D-01
    6.71000D-01    4.94094D-01
    6.71500D-01    4.93411D-01
    6.72000D-01    4.92727D-01
    6.72500D-01    4.92044D-01
    6.73000D-01    4.91360D-01
    6.73500D-01    4.90676D-01
    6.74000D-01    4.89991D-01
    6.74500D-01    4.89306D-01
    6.75000D-01    4.88621D-01
    6.75500D-01    4.87936D-01
    6.76000D-01    4.87250D-01
    6.76500D-01    4.86564D-01
    6.77000D-01    4.85878D-01
    6.77500D-01    4.85191D-01
    6.78000D-01    4.84504D-01
    6.78500D-01    4.83817D-01
    6.79000D-01    4.83130D-01
    6.79500D-01    4.82442D-01
    6.80000D-01    4.81754D-01
    6.80500D-01    4.81065D-01
    6.81000D-01    4.80376D-01
    6.81500D-01    4.79688D-01
    6.82000D-01    4.78998D-01
    6.82500D-01    4.78309D-01
    6.83000D-01    4.77619D-01
    6.83500D-01    4.76929D-01
    6.84000D-01    4.76238D-01
    6.84500D-01    4.75547D-01
    6.85000D-01    4.74856D-01
    6.85500D-01    4.74165D-01
    6.86000D-01    4.73473D-01
    6.86500D-01    4.72781D-01
    6.87000D-01    4.72089D-01
    6.87500D-01    4.71397D-01
    6.88000D-01    4.70704D-01
    6.88500D-01    4.70011D-01
    6.89000D-01    4.69317D-01
    6.89500D-01    4.68624D-01
    6.90000D-01    4.67930D-01
    6.90500D-01    4.67236D-01
    6.91000D-01    4.66541D-01
    6.91500D-01    4.65846D-01
    6.92000D-01    4.65151D-01
    6.92500D-01    4.64456D-01
    6.93000D-01    4.63760D-01
    6.93500D-01    4.63064D-01
    6.94000D-01    4.62368D-01
    6.94500D-01    4.61671D-01
    6.95000D-01    4.60974D-01
    6.95500D-01    4.60277D-01
    6.96000D-01    4.59580D-01
    6.96500D-01    4.58882D-01
    6.97000D-01    4.58184D-01
    6.97500D-01    4.57486D-01
    6.98000D-01    4.56787D-01
    6.98500D-01    4.56089D-01
    6.99000D-01    4.55389D-01
    6.99500D-01    4.54690D-01
    7.00000D-01    4.53990D-01
    7.00500D-01    4.53291D-01
    7.01000D-01    4.52590D-01
    7.01500D-01    4.51890D-01
    7.02000D-01    4.51189D-01
    7.02500D-01    4.50488D-01
    7.03000D-01    4.49787D-01
    7.03500D-01    4.49085D-01
    7.04000D-01    4.48383D-01
    7.04500D-01    4.47681D-01
    7.05000D-01    4.46979D-01
    7.05500D-01    4.46276D-01
    7.06000D-01    4.45573D-01
    7.06500D-01    4.44870D-01
    7.07000D-01    4.44166D-01
    7.07500D-01    4.43462D-01
    7.08000D-01    4.42758D-01
    7.08500D-01    4.42054D-01
    7.09000D-01    4.41349D-01
    7.09500D-01    4.40644D-01
    7.10000D-01    4.39939D-01
    7.10500D-01    4.39234D-01
    7.11000D-01    4.38528D-01
    7.11500D-01    4.37822D-01
    7.12000D-01    4.37116D-01
    7.12500D-01    4.36409D-01
    7.13000D-01    4.35702D-01
    7.13500D-01    4.34995D-01
    7.14000D-01    4.34288D-01
    7.14500D-01    4.33580D-01
    7.15000D-01    4.32873D-01
    7.15500D-01    4.32164D-01
    7.16000D-01    4.31456D-01
    7.16500D-01    4.30747D-01
    7.17000D-01    4.30038D-01
    7.17500D-01    4.29329D-01
    7.18000D-01    4.28620D-01
    7.18500D-01    4.27910D-01
    7.19000D-01    4.27200D-01
    7.19500D-01    4.26490D-01
    7.20000D-01    4.25779D-01
    7.20500D-01    4.25068D-01
    7.21000D-01    4.24357D-01
    7.21500D-01    4.23646D-01
    7.22000D-01    4.22934D-01
    7.22500D-01    4.22223D-01
    7.23000D-01    4.21511D-01
    7.23500D-01    4.20798D-01
    7.24000D-01    4.20086D-01
    7.24500D-01    4.19373D-01
    7.25000D-01    4.18660D-01
    7.25500D-01    4.17946D-01
    7.26000D-01    4.17233D-01
    7.26500D-01    4.16519D-01
    7.27000D-01    4.15805D-01
    7.27500D-01    4.15090D-01
    7.28000D-01    4.14376D-01
    7.28500D-01    4.13661D-01
    7.29000D-01    4.12945D-01
    7.29500D-01    4.12230D-01
    7.30000D-01    4.11514D-01
    7.30500D-01    4.10798D-01
    7.31000D-01    4.10082D-01
    7.31500D-01    4.09366D-01
    7.32000D-01    4.08649D-01
    7.32500D-01    4.07932D-01
    7.33000D-01    4.07215D-01
    7.33500D-01    4.06497D-01
    7.34000D-01    4.05780D-01
    7.34500D-01    4.05062D-01
    7.35000D-01    4.04343D-01
    7.35500D-01    4.03625D-01
    7.36000D-01    4.02906D-01
    7.36500D-01    4.02187D-01
    7.37000D-01    4.01468D-01
    7.37500D-01    4.00749D-01
    7.38000D-01    4.00029D-01
    7.38500D-01    3.99309D-01
    7.39000D-01    3.98589D-01
    7.39500D-01    3.97868D-01
    7.40000D-01    3.97148D-01
    7.40500D-01    3.96427D-01
    7.41000D-01    3.95706D-01
    7.41500D-01    3.94984D-01
    7.42000D-01    3.94263D-01
    7.42500D-01    3.93541D-01
    7.43000D-01    3.92819D-01
    7.43500D-01    3.92096D-01
    7.44000D-01    3.91374D-01
    7.44500D-01    3.90651D-01
    7.45000D-01    3.89928D-01
    7.45500D-01    3.89204D-01
    7.46000D-01    3.88481D-01
    7.46500D-01    3.87757D-01
    7.47000D-01    3.87033D-01
    7.47500D-01    3.86308D-01
    7.48000D-01    3.85584D-01
    7.48500D-01    3.84859D-01
    7.49000D-01    3.84134D-01
    7.49500D-01    3.83409D-01
    7.50000D-01    3.82683D-01
    7.50500D-01    3.81958D-01
    7.51000D-01    3.81232D-01
    7.51500D-01    3.80505D-01
    7.52000D-01    3.79779D-01
    7.52500D-01    3.79052D-01
    7.53000D-01    3.78325D-01
    7.53500D-01    3.77598D-01
    7.54000D-01    3.76871D-01
    7.54500D-01    3.76143D-01
    7.55000D-01    3.75415D-01
    7.55500D-01    3.74687D-01
    7.56000D-01    3.73959D-01
    7.56500D-01    3.73231D-01
    7.57000D-01    3.72502D-01
    7.57500D-01    3.71773D-01
    7.58000D-01    3.71044D-01
    7.58500D-01    3.70314D-01
    7.59000D-01    3.69585D-01
    7.59500D-01    3.68855D-01
    7.60000D-01    3.68124D-01
    7.60500D-01    3.67394D-01
    7.61000D-01    3.66664D-01
    7.61500D-01    3.65933D-01
    7.62000D-01    3.65202D-01
    7.62500D-01    3.64470D-01
    7.63000D-01    3.63739D-01
    7.63500D-01    3.63007D-01
    7.64000D-01    3.62275D-01
    7.64500D-01    3.61543D-01
    7.65000D-01    3.60811D-01
    7.65500D-01    3.60078D-01
    7.66000D-01    3.59345D-01
    7.66500D-01    3.58612D-01
    7.67000D-01    3.57879D-01
    7.67500D-01    3.57145D-01
    7.68000D-01    3.56412D-01
    7.68500D-01    3.55678D-01
    7.69000D-01    3.54944D-01
    7.69500D-01    3.54209D-01
    7.70000D-01    3.53475D-01
    7.70500D-01    3.52740D-01
    7.71000D-01    3.52005D-01
    7.71500D-01    3.51270D-01
    7.72000D-01    3.50534D-01
    7.72500D-01    3.49799D-01
    7.73000D-01    3.49063D-01
    7.73500D-01    3.48327D-01
    7.74000D-01    3.47590D-01
    7.74500D-01    3.46854D-01
    7.75000D-01    3.46117D-01
    7.75500D-01    3.45380D-01
    7.76000D-01    3.44643D-01
    7.76500D-01    3.43905D-01
    7.77000D-01    3.43168D-01
    7.77500D-01    3.42430D-01
    7.78000D-01    3.41692D-01
    7.78500D-01    3.40954D-01
    7.79000D-01    3.40215D-01
    7.79500D-01    3.39477D-01
    7.80000D-01    3.38738D-01
    7.80500D-01    3.37999D-01
    7.81000D-01    3.37260D-01
    7.81500D-01    3.36520D-01
    7.82000D-01    3.35780D-01
    7.82500D-01    3.35040D-01
    7.83000D-01    3.34300D-01
    7.83500D-01    3.33560D-01
    7.84000D-01    3.32819D-01
    7.84500D-01    3.32079D-01
    7.85000D-01    3.31338D-01
    7.85500D-01    3.30597D-01
    7.86000D-01    3.29855D-01
    7.86500D-01    3.29114D-01
    7.87000D-01    3.28372D-01
    7.87500D-01    3.27630D-01
    7.88000D-01    3.26888D-01
    7.88500D-01    3.26146D-01
    7.89000D-01    3.25403D-01
    7.89500D-01    3.24660D-01
    7.90000D-01    3.23917D-01
    7.90500D-01    3.23174D-01
    7.91000D-01    3.22431D-01
    7.91500D-01    3.21687D-01
    7.92000D-01    3.20944D-01
    7.92500D-01    3.20200D-01
    7.93000D-01    3.19455D-01
    7.93500D-01    3.18711D-01
    7.94000D-01    3.17967D-01
    7.94500D-01    3.17222D-01
    7.95000D-01    3.16477D-01
    7.95500D-01    3.15732D-01
    7.96000D-01    3.14986D-01
    7.96500D-01    3.14241D-01
    7.97000D-01    3.13495D-01
    7.97500D-01    3.12749D-01
    7.98000D-01    3.12003D-01
    7.98500D-01    3.11257D-01
    7.99000D-01    3.10510D-01
    7.99500D-01    3.09764D-01
    8.00000D-01    3.09017D-01
    8.00500D-01    3.08270D-01
    8.01000D-01    3.07523D-01
    8.01500D-01    3.06775D-01
    8.02000D-01    3.06028D-01
    8.02500D-01    3.05280D-01
    8.03000D-01    3.04532D-01
    8.03500D-01    3.03783D-01
    8.04000D-01    3.03035D-01
    8.04500D-01    3.02287D-01
    8.05000D-01    3.01538D-01
    8.05500D-01    3.00789D-01
    8.06000D-01    3.00040D-01
    8.06500D-01    2.99291D-01
    8.07000D-01    2.98541D-01
    8.07500D-01    2.97791D-01
    8.08000D-01    2.97041D-01
    8.08500D-01    2.96291D-01
    8.09000D-01    2.95541D-01
    8.09500D-01    2.94791D-01
    8.10000D-01    2.94040D-01
    8.10500D-01    2.93289D-01
    8.11000D-01    2.92539D-01
    8.11500D-01    2.91787D-01
    8.12000D-01    2.91036D-01
    8.12500D-01    2.90285D-01
    8.13000D-01    2.89533D-01
    8.13500D-01    2.88781D-01
    8.14000D-01    2.88029D-01
    8.14500D-01    2.87277D-01
    8.15000D-01    2.86524D-01
    8.15500D-01    2.85772D-01
    8.16000D-01    2.85019D-01
    8.16500D-01    2.84266D-01
    8.17000D-01    2.83513D-01
    8.17500D-01    2.82760D-01
    8.18000D-01    2.82006D-01
    8.18500D-01    2.81253D-01
    8.19000D-01    2.80499D-01
    8.19500D-01    2.79745D-01
    8.20000D-01    2.78991D-01
    8.20500D-01    2.78237D-01
    8.21000D-01    2.77482D-01
    8.21500D-01    2.76728D-01
    8.22000D-01    2.75973D-01
    8.22500D-01    2.75218D-01
    8.23000D-01    2.74463D-01
    8.23500D-01    2.73707D-01
    8.24000D-01    2.72952D-01
    8.24500D-01    2.72196D-01
    8.25000D-01    2.71440D-01
    8.25500D-01    2.70684D-01
    8.26000D-01    2.69928D-01
    8.26500D-01    2.69172D-01
    8.27000D-01    2.68415D-01
    8.27500D-01    2.67659D-01
    8.28000D-01    2.66902D-01
    8.28500D-01    2.66145D-01
    8.29000D-01    2.65388D-01
    8.29500D-01    2.64630D-01
    8.30000D-01    2.63873D-01
    8.30500D-01    2.63115D-01
    8.31000D-01    2.62358D-01
    8.31500D-01    2.61599D-01
    8.32000D-01    2.60841D-01
    8.32500D-01    2.60083D-01
    8.33000D-01    2.59325D-01
    8.33500D-01    2.58566D-01
    8.34000D-01    2.57807D-01
    8.34500D-01    2.57048D-01
    8.35000D-01    2.56289D-01
    8.35500D-01    2.55530D-01
    8.36000D-01    2.54771D-01
    8.36500D-01    2.54011D-01
    8.37000D-01    2.53251D-01
    8.37500D-01    2.52492D-01
    8.38000D-01    2.51731D-01
    8.38500D-01    2.50971D-01
    8.39000D-01    2.50211D-01
    8.39500D-01    2.49450D-01
    8.40000D-01    2.48690D-01
    8.40500D-01    2.47929D-01
    8.41000D-01    2.47168D-01
    8.41500D-01    2.46407D-01
    8.42000D-01    2.45646D-01
    8.42500D-01    2.44884D-01
    8.43000D-01    2.44123D-01
    8.43500D-01    2.43361D-01
    8.44000D-01    2.42599D-01
    8.44500D-01    2.41837D-01
    8.45000D-01    2.41075D-01
    8.45500D-01    2.40313D-01
    8.46000D-01    2.39550D-01
    8.46500D-01    2.38788D-01
    8.47000D-01    2.38025D-01
    8.47500D-01    2.37262D-01
    8.48000D-01    2.36499D-01
    8.48500D-01    2.35736D-01
    8.49000D-01    2.34972D-01
    8.49500D-01    2.34209D-01
    8.50000D-01    2.33445D-01
    8.50500D-01    2.32681D-01
    8.51000D-01    2.31918D-01
    8.51500D-01    2.31154D-01
    8.52000D-01    2.30389D-01
    8.52500D-01    2.29625D-01
    8.53000D-01    2.28860D-01
    8.53500D-01    2.28096D-01
    8.54000D-01    2.27331D-01
    8.54500D-01    2.26566D-01
    8.55000D-01    2.25801D-01
    8.55500D-01    2.25036D-01
    8.56000D-01    2.24271D-01
    8.56500D-01    2.23505D-01
    8.57000D-01    2.22740D-01
    8.57500D-01    2.21974D-01
    8.58000D-01    2.21208D-01
    8.58500D-01    2.20442D-01
    8.59000D-01    2.19676D-01
    8.59500D-01    2.18910D-01
    8.60000D-01    2.18143D-01
    8.60500D-01    2.17377D-01
    8.61000D-01    2.16610D-01
    8.61500D-01    2.15843D-01
    8.62000D-01    2.15076D-01
    8.62500D-01    2.14309D-01
    8.63000D-01    2.13542D-01
    8.63500D-01    2.12774D-01
    8.64000D-01    2.12007D-01
    8.64500D-01    2.11239D-01
    8.65000D-01    2.10472D-01
    8.65500D-01    2.09704D-01
    8.66000D-01    2.08936D-01
    8.66500D-01    2.08168D-01
    8.67000D-01    2.07399D-01
    8.67500D-01    2.06631D-01
    8.68000D-01    2.05863D-01
    8.68500D-01    2.05094D-01
    8.69000D-01    2.04325D-01
    8.69500D-01    2.03556D-01
    8.70000D-01    2.02787D-01
    8.70500D-01    2.02018D-01
    8.71000D-01    2.01249D-01
    8.71500D-01    2.00479D-01
    8.72000D-01    1.99710D-01
    8.72500D-01    1.98940D-01
    8.73000D-01    1.98171D-01
    8.73500D-01    1.97401D-01
    8.74000D-01    1.96631D-01
    8.74500D-01    1.95860D-01
    8.75000D-01    1.95090D-01
    8.75500D-01    1.94320D-01
    8.76000D-01    1.93549D-01
    8.76500D-01    1.92779D-01
    8.77000D-01    1.92008D-01
    8.77500D-01    1.91237D-01
    8.78000D-01    1.90466D-01
    8.78500D-01    1.89695D-01
    8.79000D-01    1.88924D-01
    8.79500D-01    1.88153D-01
    8.80000D-01    1.87381D-01
    8.80500D-01    1.86610D-01
    8.81000D-01    1.85838D-01
    8.81500D-01    1.85066D-01
    8.82000D-01    1.84294D-01
    8.82500D-01    1.83522D-01
    8.83000D-01    1.82750D-01
    8.83500D-01    1.81978D-01
    8.84000D-01    1.81206D-01
    8.84500D-01    1.80433D-01
    8.85000D-01    1.79661D-01
    8.85500D-01    1.78888D-01
    8.86000D-01    1.78115D-01
    8.86500D-01    1.77342D-01
    8.87000D-01    1.76569D-01
    8.87500D-01    1.75796D-01
    8.88000D-01    1.75023D-01
    8.88500D-01    1.74250D-01
    8.89000D-01    1.73476D-01
    8.89500D-01    1.72703D-01
    8.90000D-01    1.71929D-01
    8.90500D-01    1.71155D-01
    8.91000D-01    1.70381D-01
    8.91500D-01    1.69607D-01
    8.92000D-01    1.68833D-01
    8.92500D-01    1.68059D-01
    8.93000D-01    1.67285D-01
    8.93500D-01    1.66510D-01
    8.94000D-01    1.65736D-01
    8.94500D-01    1.64962D-01
    8.95000D-01    1.64187D-01
    8.95500D-01    1.63412D-01
    8.96000D-01    1.62637D-01
    8.96500D-01    1.61862D-01
    8.97000D-01    1.61087D-01
    8.97500D-01    1.60312D-01
    8.98000D-01    1.59536D-01
    8.98500D-01    1.58761D-01
    8.99000D-01    1.57986D-01
    8.99500D-01    1.57210D-01
    9.00000D-01    1.56434D-01
    9.00500D-01    1.55659D-01
    9.01000D-01    1.54883D-01
    9.01500D-01    1.54107D-01
    9.02000D-01    1.53331D-01
    9.02500D-01    1.52555D-01
    9.03000D-01    1.51778D-01
    9.03500D-01    1.51002D-01
    9.04000D-01    1.50226D-01
    9.04500D-01    1.49449D-01
    9.05000D-01    1.48672D-01
    9.05500D-01    1.47896D-01
    9.06000D-01    1.47119D-01
    9.06500D-01    1.46342D-01
    9.07000D-01    1.45565D-01
    9.07500D-01    1.44788D-01
    9.08000D-01    1.44011D-01
    9.08500D-01    1.43234D-01
    9.09000D-01    1.42456D-01
    9.09500D-01    1.41679D-01
    9.10000D-01    1.40901D-01
    9.10500D-01    1.40123D-01
    9.11000D-01    1.39346D-01
    9.11500D-01    1.38568D-01
    9.12000D-01    1.37790D-01
    9.12500D-01    1.37012D-01
    9.13000D-01    1.36234D-01
    9.13500D-01    1.35456D-01
    9.14000D-01    1.34678D-01
    9.14500D-01    1.33900D-01
    9.15000D-01    1.33121D-01
    9.15500D-01    1.32343D-01
    9.16000D-01    1.31564D-01
    9.16500D-01    1.30786D-01
    9.17000D-01    1.30007D-01
    9.17500D-01    1.29228D-01
    9.18000D-01    1.28449D-01
    9.18500D-01    1.27670D-01
    9.19000D-01    1.26891D-01
    9.19500D-01    1.26112D-01
    9.20000D-01    1.25333D-01
    9.20500D-01    1.24554D-01
    9.21000D-01    1.23775D-01
    9.21500D-01    1.22995D-01
    9.22000D-01    1.22216D-01
    9.22500D-01    1.21436D-01
    9.23000D-01    1.20657D-01
    9.23500D-01    1.19877D-01
    9.24000D-01    1.19097D-01
    9.24500D-01    1.18317D-01
    9.25000D-01    1.17537D-01
    9.25500D-01    1.16757D-01
    9.26000D-01    1.15977D-01
    9.26500D-01    1.15197D-01
    9.27000D-01    1.14417D-01
    9.27500D-01    1.13637D-01
    9.28000D-01    1.12856D-01
    9.28500D-01    1.12076D-01
    9.29000D-01    1.11295D-01
    9.29500D-01    1.10515D-01
    9.30000D-01    1.09734D-01
    9.30500D-01    1.08954D-01
    9.31000D-01    1.08173D-01
    9.31500D-01    1.07392D-01
    9.32000D-01    1.06611D-01
    9.32500D-01    1.05830D-01
    9.33000D-01    1.05049D-01
    9.33500D-01    1.04268D-01
    9.34000D-01    1.03487D-01
    9.34500D-01    1.02706D-01
    9.35000D-01    1.01924D-01
    9.35500D-01    1.01143D-01
    9.36000D-01    1.00362D-01
    9.36500D-01    9.95802D-02
    9.37000D-01    9.87987D-02
    9.37500D-01    9.80170D-02
    9.38000D-01    9.72354D-02
    9.38500D-01    9.64536D-02
    9.39000D-01    9.56719D-02
    9.39500D-01    9.48901D-02
    9.40000D-01    9.41082D-02
    9.40500D-01    9.33263D-02
    9.41000D-01    9.25442D-02
    9.41500D-01    9.17622D-02
    9.42000D-01    9.09801D-02
    9.42500D-01    9.01979D-02
    9.43000D-01    8.94157D-02
    9.43500D-01    8.86334D-02
    9.44000D-01    8.78511D-02
    9.44500D-01    8.70688D-02
    9.45000D-01    8.62862D-02
    9.45500D-01    8.55038D-02
    9.46000D-01    8.47212D-02
    9.46500D-01    8.39386D-02
    9.47000D-01    8.31560D-02
    9.47500D-01    8.23732D-02
    9.48000D-01    8.15904D-02
    9.48500D-01    8.08077D-02
    9.49000D-01    8.00248D-02
    9.49500D-01    7.92420D-02
    9.50000D-01    7.84590D-02
    9.50500D-01    7.76759D-02
    9.51000D-01    7.68929D-02
    9.51500D-01    7.61098D-02
    9.52000D-01    7.53267D-02
    9.52500D-01    7.45435D-02
    9.53000D-01    7.37602D-02
    9.53500D-01    7.29771D-02
    9.54000D-01    7.21937D-02
    9.54500D-01    7.14103D-02
    9.55000D-01    7.06269D-02
    9.55500D-01    6.98434D-02
    9.56000D-01    6.90600D-02
    9.56500D-01    6.82764D-02
    9.57000D-01    6.74928D-02
    9.57500D-01    6.67091D-02
    9.58000D-01    6.59255D-02
    9.58500D-01    6.51418D-02
    9.59000D-01    6.43580D-02
    9.59500D-01    6.35742D-02
    9.60000D-01    6.27904D-02
    9.60500D-01    6.20066D-02
    9.61000D-01    6.12227D-02
    9.61500D-01    6.04387D-02
    9.62000D-01    5.96546D-02
    9.62500D-01    5.88707D-02
    9.63000D-01    5.80867D-02
    9.63500D-01    5.73026D-02
    9.64000D-01    5.65184D-02
    9.64500D-01    5.57342D-02
    9.65000D-01    5.49500D-02
    9.65500D-01    5.41659D-02
    9.66000D-01    5.33816D-02
    9.66500D-01    5.25973D-02
    9.67000D-01    5.18129D-02
    9.67500D-01    5.10286D-02
    9.68000D-01    5.02442D-02
    9.68500D-01    4.94598D-02
    9.69000D-01    4.86753D-02
    9.69500D-01    4.78908D-02
    9.70000D-01    4.71063D-02
    9.70500D-01    4.63218D-02
    9.71000D-01    4.55372D-02
    9.71500D-01    4.47526D-02
    9.72000D-01    4.39679D-02
    9.72500D-01    4.31834D-02
    9.73000D-01    4.23987D-02
    9.73500D-01    4.16139D-02
    9.74000D-01    4.08292D-02
    9.74500D-01    4.00444D-02
    9.75000D-01    3.92598D-02
    9.75500D-01    3.84749D-02
    9.76000D-01    3.76900D-02
    9.76500D-01    3.69052D-02
    9.77000D-01    3.61204D-02
    9.77500D-01    3.53355D-02
    9.78000D-01    3.45505D-02
    9.78500D-01    3.37655D-02
    9.79000D-01    3.29806D-02
    9.79500D-01    3.21957D-02
    9.80000D-01    3.14107D-02
    9.80500D-01    3.06256D-02
    9.81000D-01    2.98405D-02
    9.81500D-01    2.90555D-02
    9.82000D-01    2.82705D-02
    9.82500D-01    2.74853D-02
    9.83000D-01    2.67003D-02
    9.83500D-01    2.59151D-02
    9.84000D-01    2.51300D-02
    9.84500D-01    2.43449D-02
    9.85000D-01    2.35596D-02
    9.85500D-01    2.27745D-02
    9.86000D-01    2.19892D-02
    9.86500D-01    2.12040D-02
    9.87000D-01    2.04189D-02
    9.87500D-01    1.96335D-02
    9.88000D-01    1.88483D-02
    9.88500D-01    1.80630D-02
    9.89000D-01    1.72778D-02
    9.89500D-01    1.64925D-02
    9.90000D-01    1.57072D-02
    9.90500D-01    1.49219D-02
    9.91000D-01    1.41365D-02
    9.91500D-01    1.33512D-02
    9.92000D-01    1.25660D-02
    9.92500D-01    1.17805D-02
    9.93000D-01    1.09952D-02
    9.93500D-01    1.02098D-02
    9.94000D-01    9.42462D-03
    9.94500D-01    8.63918D-03
    9.95000D-01    7.85374D-03
    9.95500D-01    7.06841D-03
    9.96000D-01    6.28308D-03
    9.96500D-01    5.49762D-03
    9.97000D-01    4.71228D-03
    9.97500D-01    3.92682D-03
    9.98000D-01    3.14147D-03
    9.98500D-01    2.35613D-03
    9.99000D-01    1.57066D-03
    9.99500D-01    7.85307D-04
    1.00000D+00    0.00000D+00
