    5.00000D-04    1.00000D+00
    1.00000D-03    9.99999D-01
    1.50000D-03    9.99998D-01
    2.00000D-03    9.99996D-01
    2.50000D-03    9.99994D-01
    3.00000D-03    9.99991D-01
    3.50000D-03    9.99988D-01
    4.00000D-03    9.99984D-01
    4.50000D-03    9.99980D-01
    5.00000D-03    9.99975D-01
    5.50000D-03    9.99970D-01
    6.00000D-03    9.99964D-01
    6.50000D-03    9.99958D-01
    7.00000D-03    9.99951D-01
    7.50000D-03    9.99944D-01
    8.00000D-03    9.99936D-01
    8.50000D-03    9.99928D-01
    9.00000D-03    9.99919D-01
    9.50000D-03    9.99910D-01
    1.00000D-02    9.99900D-01
    1.05000D-02    9.99890D-01
    1.10000D-02    9.99879D-01
    1.15000D-02    9.99868D-01
    1.20000D-02    9.99856D-01
    1.25000D-02    9.99844D-01
    1.30000D-02    9.99831D-01
    1.35000D-02    9.99818D-01
    1.40000D-02    9.99804D-01
    1.45000D-02    9.99790D-01
    1.50000D-02    9.99775D-01
    1.55000D-02    9.99760D-01
    1.60000D-02    9.99744D-01
    1.65000D-02    9.99728D-01
    1.70000D-02    9.99711D-01
    1.75000D-02    9.99694D-01
    1.80000D-02    9.99676D-01
    1.85000D-02    9.99658D-01
    1.90000D-02    9.99639D-01
    1.95000D-02    9.99620D-01
    2.00000D-02    9.99600D-01
    2.05000D-02    9.99580D-01
    2.10000D-02    9.99559D-01
    2.15000D-02    9.99538D-01
    2.20000D-02    9.99516D-01
    2.25000D-02    9.99494D-01
    2.30000D-02    9.99471D-01
    2.35000D-02    9.99448D-01
    2.40000D-02    9.99424D-01
    2.45000D-02    9.99400D-01
    2.50000D-02    9.99375D-01
    2.55000D-02    9.99350D-01
    2.60000D-02    9.99324D-01
    2.65000D-02    9.99298D-01
    2.70000D-02    9.99271D-01
    2.75000D-02    9.99244D-01
    2.80000D-02    9.99216D-01
    2.85000D-02    9.99188D-01
    2.90000D-02    9.99159D-01
    2.95000D-02    9.99130D-01
    3.00000D-02    9.99100D-01
    3.05000D-02    9.99070D-01
    3.10000D-02    9.99039D-01
    3.15000D-02    9.99008D-01
    3.20000D-02    9.98976D-01
    3.25000D-02    9.98944D-01
    3.30000D-02    9.98911D-01
    3.35000D-02    9.98878D-01
    3.40000D-02    9.98844D-01
    3.45000D-02    9.98810D-01
    3.50000D-02    9.98775D-01
    3.55000D-02    9.98740D-01
    3.60000D-02    9.98704D-01
    3.65000D-02    9.98668D-01
    3.70000D-02    9.98631D-01
    3.75000D-02    9.98594D-01
    3.80000D-02    9.98556D-01
    3.85000D-02    9.98518D-01
    3.90000D-02    9.98479D-01
    3.95000D-02    9.98440D-01
    4.00000D-02    9.98400D-01
    4.05000D-02    9.98360D-01
    4.10000D-02    9.98319D-01
    4.15000D-02    9.98278D-01
    4.20000D-02    9.98236D-01
    4.25000D-02    9.98194D-01
    4.30000D-02    9.98151D-01
    4.35000D-02    9.98108D-01
    4.40000D-02    9.98064D-01
    4.45000D-02    9.98020D-01
    4.50000D-02    9.97975D-01
    4.55000D-02    9.97930D-01
    4.60000D-02    9.97884D-01
    4.65000D-02    9.97838D-01
    4.70000D-02    9.97791D-01
    4.75000D-02    9.97744D-01
    4.80000D-02    9.97696D-01
    4.85000D-02    9.97648D-01
    4.90000D-02    9.97599D-01
    4.95000D-02    9.97550D-01
    5.00000D-02    9.97500D-01
    5.05000D-02    9.97450D-01
    5.10000D-02    9.97399D-01
    5.15000D-02    9.97348D-01
    5.20000D-02    9.97296D-01
    5.25000D-02    9.97244D-01
    5.30000D-02    9.97191D-01
    5.35000D-02    9.97138D-01
    5.40000D-02    9.97084D-01
    5.45000D-02    9.97030D-01
    5.50000D-02    9.96975D-01
    5.55000D-02    9.96920D-01
    5.60000D-02    9.96864D-01
    5.65000D-02    9.96808D-01
    5.70000D-02    9.96751D-01
    5.75000D-02    9.96694D-01
    5.80000D-02    9.96636D-01
    5.85000D-02    9.96578D-01
    5.90000D-02    9.96519D-01
    5.95000D-02    9.96460D-01
    6.00000D-02    9.96400D-01
    6.05000D-02    9.96340D-01
    6.10000D-02    9.96279D-01
    6.15000D-02    9.96218D-01
    6.20000D-02    9.96156D-01
    6.25000D-02    9.96094D-01
    6.30000D-02    9.96031D-01
    6.35000D-02    9.95968D-01
    6.40000D-02    9.95904D-01
    6.45000D-02    9.95840D-01
    6.50000D-02    9.95775D-01
    6.55000D-02    9.95710D-01
    6.60000D-02    9.95644D-01
    6.65000D-02    9.95578D-01
    6.70000D-02    9.95511D-01
    6.75000D-02    9.95444D-01
    6.80000D-02    9.95376D-01
    6.85000D-02    9.95308D-01
    6.90000D-02    9.95239D-01
    6.95000D-02    9.95170D-01
    7.00000D-02    9.95100D-01
    7.05000D-02    9.95030D-01
    7.10000D-02    9.94959D-01
    7.15000D-02    9.94888D-01
    7.20000D-02    9.94816D-01
    7.25000D-02    9.94744D-01
    7.30000D-02    9.94671D-01
    7.35000D-02    9.94598D-01
    7.40000D-02    9.94524D-01
    7.45000D-02    9.94450D-01
    7.50000D-02    9.94375D-01
    7.55000D-02    9.94300D-01
    7.60000D-02    9.94224D-01
    7.65000D-02    9.94148D-01
    7.70000D-02    9.94071D-01
    7.75000D-02    9.93994D-01
    7.80000D-02    9.93916D-01
    7.85000D-02    9.93838D-01
    7.90000D-02    9.93759D-01
    7.95000D-02    9.93680D-01
    8.00000D-02    9.93600D-01
    8.05000D-02    9.93520D-01
    8.10000D-02    9.93439D-01
    8.15000D-02    9.93358D-01
    8.20000D-02    9.93276D-01
    8.25000D-02    9.93194D-01
    8.30000D-02    9.93111D-01
    8.35000D-02    9.93028D-01
    8.40000D-02    9.92944D-01
    8.45000D-02    9.92860D-01
    8.50000D-02    9.92775D-01
    8.55000D-02    9.92690D-01
    8.60000D-02    9.92604D-01
    8.65000D-02    9.92518D-01
    8.70000D-02    9.92431D-01
    8.75000D-02    9.92344D-01
    8.80000D-02    9.92256D-01
    8.85000D-02    9.92168D-01
    8.90000D-02    9.92079D-01
    8.95000D-02    9.91990D-01
    9.00000D-02    9.91900D-01
    9.05000D-02    9.91810D-01
    9.10000D-02    9.91719D-01
    9.15000D-02    9.91628D-01
    9.20000D-02    9.91536D-01
    9.25000D-02    9.91444D-01
    9.30000D-02    9.91351D-01
    9.35000D-02    9.91258D-01
    9.40000D-02    9.91164D-01
    9.45000D-02    9.91070D-01
    9.50000D-02    9.90975D-01
    9.55000D-02    9.90880D-01
    9.60000D-02    9.90784D-01
    9.65000D-02    9.90688D-01
    9.70000D-02    9.90591D-01
    9.75000D-02    9.90494D-01
    9.80000D-02    9.90396D-01
    9.85000D-02    9.90298D-01
    9.90000D-02    9.90199D-01
    9.95000D-02    9.90100D-01
    1.00000D-01    9.90000D-01
    1.00500D-01    9.89900D-01
    1.01000D-01    9.89799D-01
    1.01500D-01    9.89698D-01
    1.02000D-01    9.89596D-01
    1.02500D-01    9.89494D-01
    1.03000D-01    9.89391D-01
    1.03500D-01    9.89288D-01
    1.04000D-01    9.89184D-01
    1.04500D-01    9.89080D-01
    1.05000D-01    9.88975D-01
    1.05500D-01    9.88870D-01
    1.06000D-01    9.88764D-01
    1.06500D-01    9.88658D-01
    1.07000D-01    9.88551D-01
    1.07500D-01    9.88444D-01
    1.08000D-01    9.88336D-01
    1.08500D-01    9.88228D-01
    1.09000D-01    9.88119D-01
    1.09500D-01    9.88010D-01
    1.10000D-01    9.87900D-01
    1.10500D-01    9.87790D-01
    1.11000D-01    9.87679D-01
    1.11500D-01    9.87568D-01
    1.12000D-01    9.87456D-01
    1.12500D-01    9.87344D-01
    1.13000D-01    9.87231D-01
    1.13500D-01    9.87118D-01
    1.14000D-01    9.87004D-01
    1.14500D-01    9.86890D-01
    1.15000D-01    9.86775D-01
    1.15500D-01    9.86660D-01
    1.16000D-01    9.86544D-01
    1.16500D-01    9.86428D-01
    1.17000D-01    9.86311D-01
    1.17500D-01    9.86194D-01
    1.18000D-01    9.86076D-01
    1.18500D-01    9.85958D-01
    1.19000D-01    9.85839D-01
    1.19500D-01    9.85720D-01
    1.20000D-01    9.85600D-01
    1.20500D-01    9.85480D-01
    1.21000D-01    9.85359D-01
    1.21500D-01    9.85238D-01
    1.22000D-01    9.85116D-01
    1.22500D-01    9.84994D-01
    1.23000D-01    9.84871D-01
    1.23500D-01    9.84748D-01
    1.24000D-01    9.84624D-01
    1.24500D-01    9.84500D-01
    1.25000D-01    9.84375D-01
    1.25500D-01    9.84250D-01
    1.26000D-01    9.84124D-01
    1.26500D-01    9.83998D-01
    1.27000D-01    9.83871D-01
    1.27500D-01    9.83744D-01
    1.28000D-01    9.83616D-01
    1.28500D-01    9.83488D-01
    1.29000D-01    9.83359D-01
    1.29500D-01    9.83230D-01
    1.30000D-01    9.83100D-01
    1.30500D-01    9.82970D-01
    1.31000D-01    9.82839D-01
    1.31500D-01    9.82708D-01
    1.32000D-01    9.82576D-01
    1.32500D-01    9.82444D-01
    1.33000D-01    9.82311D-01
    1.33500D-01    9.82178D-01
    1.34000D-01    9.82044D-01
    1.34500D-01    9.81910D-01
    1.35000D-01    9.81775D-01
    1.35500D-01    9.81640D-01
    1.36000D-01    9.81504D-01
    1.36500D-01    9.81368D-01
    1.37000D-01    9.81231D-01
    1.37500D-01    9.81094D-01
    1.38000D-01    9.80956D-01
    1.38500D-01    9.80818D-01
    1.39000D-01    9.80679D-01
    1.39500D-01    9.80540D-01
    1.40000D-01    9.80400D-01
    1.40500D-01    9.80260D-01
    1.41000D-01    9.80119D-01
    1.41500D-01    9.79978D-01
    1.42000D-01    9.79836D-01
    1.42500D-01    9.79694D-01
    1.43000D-01    9.79551D-01
    1.43500D-01    9.79408D-01
    1.44000D-01    9.79264D-01
    1.44500D-01    9.79120D-01
    1.45000D-01    9.78975D-01
    1.45500D-01    9.78830D-01
    1.46000D-01    9.78684D-01
    1.46500D-01    9.78538D-01
    1.47000D-01    9.78391D-01
    1.47500D-01    9.78244D-01
    1.48000D-01    9.78096D-01
    1.48500D-01    9.77948D-01
    1.49000D-01    9.77799D-01
    1.49500D-01    9.77650D-01
    1.50000D-01    9.77500D-01
    1.50500D-01    9.77350D-01
    1.51000D-01    9.77199D-01
    1.51500D-01    9.77048D-01
    1.52000D-01    9.76896D-01
    1.52500D-01    9.76744D-01
    1.53000D-01    9.76591D-01
    1.53500D-01    9.76438D-01
    1.54000D-01    9.76284D-01
    1.54500D-01    9.76130D-01
    1.55000D-01    9.75975D-01
    1.55500D-01    9.75820D-01
    1.56000D-01    9.75664D-01
    1.56500D-01    9.75508D-01
    1.57000D-01    9.75351D-01
    1.57500D-01    9.75194D-01
    1.58000D-01    9.75036D-01
    1.58500D-01    9.74878D-01
    1.59000D-01    9.74719D-01
    1.59500D-01    9.74560D-01
    1.60000D-01    9.74400D-01
    1.60500D-01    9.74240D-01
    1.61000D-01    9.74079D-01
    1.61500D-01    9.73918D-01
    1.62000D-01    9.73756D-01
    1.62500D-01    9.73594D-01
    1.63000D-01    9.73431D-01
    1.63500D-01    9.73268D-01
    1.64000D-01    9.73104D-01
    1.64500D-01    9.72940D-01
    1.65000D-01    9.72775D-01
    1.65500D-01    9.72610D-01
    1.66000D-01    9.72444D-01
    1.66500D-01    9.72278D-01
    1.67000D-01    9.72111D-01
    1.67500D-01    9.71944D-01
    1.68000D-01    9.71776D-01
    1.68500D-01    9.71608D-01
    1.69000D-01    9.71439D-01
    1.69500D-01    9.71270D-01
    1.70000D-01    9.71100D-01
    1.70500D-01    9.70930D-01
    1.71000D-01    9.70759D-01
    1.71500D-01    9.70588D-01
    1.72000D-01    9.70416D-01
    1.72500D-01    9.70244D-01
    1.73000D-01    9.70071D-01
    1.73500D-01    9.69898D-01
    1.74000D-01    9.69724D-01
    1.74500D-01    9.69550D-01
    1.75000D-01    9.69375D-01
    1.75500D-01    9.69200D-01
    1.76000D-01    9.69024D-01
    1.76500D-01    9.68848D-01
    1.77000D-01    9.68671D-01
    1.77500D-01    9.68494D-01
    1.78000D-01    9.68316D-01
    1.78500D-01    9.68138D-01
    1.79000D-01    9.67959D-01
    1.79500D-01    9.67780D-01
    1.80000D-01    9.67600D-01
    1.80500D-01    9.67420D-01
    1.81000D-01    9.67239D-01
    1.81500D-01    9.67058D-01
    1.82000D-01    9.66876D-01
    1.82500D-01    9.66694D-01
    1.83000D-01    9.66511D-01
    1.83500D-01    9.66328D-01
    1.84000D-01    9.66144D-01
    1.84500D-01    9.65960D-01
    1.85000D-01    9.65775D-01
    1.85500D-01    9.65590D-01
    1.86000D-01    9.65404D-01
    1.86500D-01    9.65218D-01
    1.87000D-01    9.65031D-01
    1.87500D-01    9.64844D-01
    1.88000D-01    9.64656D-01
    1.88500D-01    9.64468D-01
    1.89000D-01    9.64279D-01
    1.89500D-01    9.64090D-01
    1.90000D-01    9.63900D-01
    1.90500D-01    9.63710D-01
    1.91000D-01    9.63519D-01
    1.91500D-01    9.63328D-01
    1.92000D-01    9.63136D-01
    1.92500D-01    9.62944D-01
    1.93000D-01    9.62751D-01
    1.93500D-01    9.62558D-01
    1.94000D-01    9.62364D-01
    1.94500D-01    9.62170D-01
    1.95000D-01    9.61975D-01
    1.95500D-01    9.61780D-01
    1.96000D-01    9.61584D-01
    1.96500D-01    9.61388D-01
    1.97000D-01    9.61191D-01
    1.97500D-01    9.60994D-01
    1.98000D-01    9.60796D-01
    1.98500D-01    9.60598D-01
    1.99000D-01    9.60399D-01
    1.99500D-01    9.60200D-01
    2.00000D-01    9.60000D-01
    2.00500D-01    9.59800D-01
    2.01000D-01    9.59599D-01
    2.01500D-01    9.59398D-01
    2.02000D-01    9.59196D-01
    2.02500D-01    9.58994D-01
    2.03000D-01    9.58791D-01
    2.03500D-01    9.58588D-01
    2.04000D-01    9.58384D-01
    2.04500D-01    9.58180D-01
    2.05000D-01    9.57975D-01
    2.05500D-01    9.57770D-01
    2.06000D-01    9.57564D-01
    2.06500D-01    9.57358D-01
    2.07000D-01    9.57151D-01
    2.07500D-01    9.56944D-01
    2.08000D-01    9.56736D-01
    2.08500D-01    9.56528D-01
    2.09000D-01    9.56319D-01
    2.09500D-01    9.56110D-01
    2.10000D-01    9.55900D-01
    2.10500D-01    9.55690D-01
    2.11000D-01    9.55479D-01
    2.11500D-01    9.55268D-01
    2.12000D-01    9.55056D-01
    2.12500D-01    9.54844D-01
    2.13000D-01    9.54631D-01
    2.13500D-01    9.54418D-01
    2.14000D-01    9.54204D-01
    2.14500D-01    9.53990D-01
    2.15000D-01    9.53775D-01
    2.15500D-01    9.53560D-01
    2.16000D-01    9.53344D-01
    2.16500D-01    9.53128D-01
    2.17000D-01    9.52911D-01
    2.17500D-01    9.52694D-01
    2.18000D-01    9.52476D-01
    2.18500D-01    9.52258D-01
    2.19000D-01    9.52039D-01
    2.19500D-01    9.51820D-01
    2.20000D-01    9.51600D-01
    2.20500D-01    9.51380D-01
    2.21000D-01    9.51159D-01
    2.21500D-01    9.50938D-01
    2.22000D-01    9.50716D-01
    2.22500D-01    9.50494D-01
    2.23000D-01    9.50271D-01
    2.23500D-01    9.50048D-01
    2.24000D-01    9.49824D-01
    2.24500D-01    9.49600D-01
    2.25000D-01    9.49375D-01
    2.25500D-01    9.49150D-01
    2.26000D-01    9.48924D-01
    2.26500D-01    9.48698D-01
    2.27000D-01    9.48471D-01
    2.27500D-01    9.48244D-01
    2.28000D-01    9.48016D-01
    2.28500D-01    9.47788D-01
    2.29000D-01    9.47559D-01
    2.29500D-01    9.47330D-01
    2.30000D-01    9.47100D-01
    2.30500D-01    9.46870D-01
    2.31000D-01    9.46639D-01
    2.31500D-01    9.46408D-01
    2.32000D-01    9.46176D-01
    2.32500D-01    9.45944D-01
    2.33000D-01    9.45711D-01
    2.33500D-01    9.45478D-01
    2.34000D-01    9.45244D-01
    2.34500D-01    9.45010D-01
    2.35000D-01    9.44775D-01
    2.35500D-01    9.44540D-01
    2.36000D-01    9.44304D-01
    2.36500D-01    9.44068D-01
    2.37000D-01    9.43831D-01
    2.37500D-01    9.43594D-01
    2.38000D-01    9.43356D-01
    2.38500D-01    9.43118D-01
    2.39000D-01    9.42879D-01
    2.39500D-01    9.42640D-01
    2.40000D-01    9.42400D-01
    2.40500D-01    9.42160D-01
    2.41000D-01    9.41919D-01
    2.41500D-01    9.41678D-01
    2.42000D-01    9.41436D-01
    2.42500D-01    9.41194D-01
    2.43000D-01    9.40951D-01
    2.43500D-01    9.40708D-01
    2.44000D-01    9.40464D-01
    2.44500D-01    9.40220D-01
    2.45000D-01    9.39975D-01
    2.45500D-01    9.39730D-01
    2.46000D-01    9.39484D-01
    2.46500D-01    9.39238D-01
    2.47000D-01    9.38991D-01
    2.47500D-01    9.38744D-01
    2.48000D-01    9.38496D-01
    2.48500D-01    9.38248D-01
    2.49000D-01    9.37999D-01
    2.49500D-01    9.37750D-01
    2.50000D-01    9.37500D-01
    2.50500D-01    9.37250D-01
    2.51000D-01    9.36999D-01
    2.51500D-01    9.36748D-01
    2.52000D-01    9.36496D-01
    2.52500D-01    9.36244D-01
    2.53000D-01    9.35991D-01
    2.53500D-01    9.35738D-01
    2.54000D-01    9.35484D-01
    2.54500D-01    9.35230D-01
    2.55000D-01    9.34975D-01
    2.55500D-01    9.34720D-01
    2.56000D-01    9.34464D-01
    2.56500D-01    9.34208D-01
    2.57000D-01    9.33951D-01
    2.57500D-01    9.33694D-01
    2.58000D-01    9.33436D-01
    2.58500D-01    9.33178D-01
    2.59000D-01    9.32919D-01
    2.59500D-01    9.32660D-01
    2.60000D-01    9.32400D-01
    2.60500D-01    9.32140D-01
    2.61000D-01    9.31879D-01
    2.61500D-01    9.31618D-01
    2.62000D-01    9.31356D-01
    2.62500D-01    9.31094D-01
    2.63000D-01    9.30831D-01
    2.63500D-01    9.30568D-01
    2.64000D-01    9.30304D-01
    2.64500D-01    9.30040D-01
    2.65000D-01    9.29775D-01
    2.65500D-01    9.29510D-01
    2.66000D-01    9.29244D-01
    2.66500D-01    9.28978D-01
    2.67000D-01    9.28711D-01
    2.67500D-01    9.28444D-01
    2.68000D-01    9.28176D-01
    2.68500D-01    9.27908D-01
    2.69000D-01    9.27639D-01
    2.69500D-01    9.27370D-01
    2.70000D-01    9.27100D-01
    2.70500D-01    9.26830D-01
    2.71000D-01    9.26559D-01
    2.71500D-01    9.26288D-01
    2.72000D-01    9.26016D-01
    2.72500D-01    9.25744D-01
    2.73000D-01    9.25471D-01
    2.73500D-01    9.25198D-01
    2.74000D-01    9.24924D-01
    2.74500D-01    9.24650D-01
    2.75000D-01    9.24375D-01
    2.75500D-01    9.24100D-01
    2.76000D-01    9.23824D-01
    2.76500D-01    9.23548D-01
    2.77000D-01    9.23271D-01
    2.77500D-01    9.22994D-01
    2.78000D-01    9.22716D-01
    2.78500D-01    9.22438D-01
    2.79000D-01    9.22159D-01
    2.79500D-01    9.21880D-01
    2.80000D-01    9.21600D-01
    2.80500D-01    9.21320D-01
    2.81000D-01    9.21039D-01
    2.81500D-01    9.20758D-01
    2.82000D-01    9.20476D-01
    2.82500D-01    9.20194D-01
    2.83000D-01    9.19911D-01
    2.83500D-01    9.19628D-01
    2.84000D-01    9.19344D-01
    2.84500D-01    9.19060D-01
    2.85000D-01    9.18775D-01
    2.85500D-01    9.18490D-01
    2.86000D-01    9.18204D-01
    2.86500D-01    9.17918D-01
    2.87000D-01    9.17631D-01
    2.87500D-01    9.17344D-01
    2.88000D-01    9.17056D-01
    2.88500D-01    9.16768D-01
    2.89000D-01    9.16479D-01
    2.89500D-01    9.16190D-01
    2.90000D-01    9.15900D-01
    2.90500D-01    9.15610D-01
    2.91000D-01    9.15319D-01
    2.91500D-01    9.15028D-01
    2.92000D-01    9.14736D-01
    2.92500D-01    9.14444D-01
    2.93000D-01    9.14151D-01
    2.93500D-01    9.13858D-01
    2.94000D-01    9.13564D-01
    2.94500D-01    9.13270D-01
    2.95000D-01    9.12975D-01
    2.95500D-01    9.12680D-01
    2.96000D-01    9.12384D-01
    2.96500D-01    9.12088D-01
    2.97000D-01    9.11791D-01
    2.97500D-01    9.11494D-01
    2.98000D-01    9.11196D-01
    2.98500D-01    9.10898D-01
    2.99000D-01    9.10599D-01
    2.99500D-01    9.10300D-01
    3.00000D-01    9.10000D-01
    3.00500D-01    9.09700D-01
    3.01000D-01    9.09399D-01
    3.01500D-01    9.09098D-01
    3.02000D-01    9.08796D-01
    3.02500D-01    9.08494D-01
    3.03000D-01    9.08191D-01
    3.03500D-01    9.07888D-01
    3.04000D-01    9.07584D-01
    3.04500D-01    9.07280D-01
    3.05000D-01    9.06975D-01
    3.05500D-01    9.06670D-01
    3.06000D-01    9.06364D-01
    3.06500D-01    9.06058D-01
    3.07000D-01    9.05751D-01
    3.07500D-01    9.05444D-01
    3.08000D-01    9.05136D-01
    3.08500D-01    9.04828D-01
    3.09000D-01    9.04519D-01
    3.09500D-01    9.04210D-01
    3.10000D-01    9.03900D-01
    3.10500D-01    9.03590D-01
    3.11000D-01    9.03279D-01
    3.11500D-01    9.02968D-01
    3.12000D-01    9.02656D-01
    3.12500D-01    9.02344D-01
    3.13000D-01    9.02031D-01
    3.13500D-01    9.01718D-01
    3.14000D-01    9.01404D-01
    3.14500D-01    9.01090D-01
    3.15000D-01    9.00775D-01
    3.15500D-01    9.00460D-01
    3.16000D-01    9.00144D-01
    3.16500D-01    8.99828D-01
    3.17000D-01    8.99511D-01
    3.17500D-01    8.99194D-01
    3.18000D-01    8.98876D-01
    3.18500D-01    8.98558D-01
    3.19000D-01    8.98239D-01
    3.19500D-01    8.97920D-01
    3.20000D-01    8.97600D-01
    3.20500D-01    8.97280D-01
    3.21000D-01    8.96959D-01
    3.21500D-01    8.96638D-01
    3.22000D-01    8.96316D-01
    3.22500D-01    8.95994D-01
    3.23000D-01    8.95671D-01
    3.23500D-01    8.95348D-01
    3.24000D-01    8.95024D-01
    3.24500D-01    8.94700D-01
    3.25000D-01    8.94375D-01
    3.25500D-01    8.94050D-01
    3.26000D-01    8.93724D-01
    3.26500D-01    8.93398D-01
    3.27000D-01    8.93071D-01
    3.27500D-01    8.92744D-01
    3.28000D-01    8.92416D-01
    3.28500D-01    8.92088D-01
    3.29000D-01    8.91759D-01
    3.29500D-01    8.91430D-01
    3.30000D-01    8.91100D-01
    3.30500D-01    8.90770D-01
    3.31000D-01    8.90439D-01
    3.31500D-01    8.90108D-01
    3.32000D-01    8.89776D-01
    3.32500D-01    8.89444D-01
    3.33000D-01    8.89111D-01
    3.33500D-01    8.88778D-01
    3.34000D-01    8.88444D-01
    3.34500D-01    8.88110D-01
    3.35000D-01    8.87775D-01
    3.35500D-01    8.87440D-01
    3.36000D-01    8.87104D-01
    3.36500D-01    8.86768D-01
    3.37000D-01    8.86431D-01
    3.37500D-01    8.86094D-01
    3.38000D-01    8.85756D-01
    3.38500D-01    8.85418D-01
    3.39000D-01    8.85079D-01
    3.39500D-01    8.84740D-01
    3.40000D-01    8.84400D-01
    3.40500D-01    8.84060D-01
    3.41000D-01    8.83719D-01
    3.41500D-01    8.83378D-01
    3.42000D-01    8.83036D-01
    3.42500D-01    8.82694D-01
    3.43000D-01    8.82351D-01
    3.43500D-01    8.82008D-01
    3.44000D-01    8.81664D-01
    3.44500D-01    8.81320D-01
    3.45000D-01    8.80975D-01
    3.45500D-01    8.80630D-01
    3.46000D-01    8.80284D-01
    3.46500D-01    8.79938D-01
    3.47000D-01    8.79591D-01
    3.47500D-01    8.79244D-01
    3.48000D-01    8.78896D-01
    3.48500D-01    8.78548D-01
    3.49000D-01    8.78199D-01
    3.49500D-01    8.77850D-01
    3.50000D-01    8.77500D-01
    3.50500D-01    8.77150D-01
    3.51000D-01    8.76799D-01
    3.51500D-01    8.76448D-01
    3.52000D-01    8.76096D-01
    3.52500D-01    8.75744D-01
    3.53000D-01    8.75391D-01
    3.53500D-01    8.75038D-01
    3.54000D-01    8.74684D-01
    3.54500D-01    8.74330D-01
    3.55000D-01    8.73975D-01
    3.55500D-01    8.73620D-01
    3.56000D-01    8.73264D-01
    3.56500D-01    8.72908D-01
    3.57000D-01    8.72551D-01
    3.57500D-01    8.72194D-01
    3.58000D-01    8.71836D-01
    3.58500D-01    8.71478D-01
    3.59000D-01    8.71119D-01
    3.59500D-01    8.70760D-01
    3.60000D-01    8.70400D-01
    3.60500D-01    8.70040D-01
    3.61000D-01    8.69679D-01
    3.61500D-01    8.69318D-01
    3.62000D-01    8.68956D-01
    3.62500D-01    8.68594D-01
    3.63000D-01    8.68231D-01
    3.63500D-01    8.67868D-01
    3.64000D-01    8.67504D-01
    3.64500D-01    8.67140D-01
    3.65000D-01    8.66775D-01
    3.65500D-01    8.66410D-01
    3.66000D-01    8.66044D-01
    3.66500D-01    8.65678D-01
    3.67000D-01    8.65311D-01
    3.67500D-01    8.64944D-01
    3.68000D-01    8.64576D-01
    3.68500D-01    8.64208D-01
    3.69000D-01    8.63839D-01
    3.69500D-01    8.63470D-01
    3.70000D-01    8.63100D-01
    3.70500D-01    8.62730D-01
    3.71000D-01    8.62359D-01
    3.71500D-01    8.61988D-01
    3.72000D-01    8.61616D-01
    3.72500D-01    8.61244D-01
    3.73000D-01    8.60871D-01
    3.73500D-01    8.60498D-01
    3.74000D-01    8.60124D-01
    3.74500D-01    8.59750D-01
    3.75000D-01    8.59375D-01
    3.75500D-01    8.59000D-01
    3.76000D-01    8.58624D-01
    3.76500D-01    8.58248D-01
    3.77000D-01    8.57871D-01
    3.77500D-01    8.57494D-01
    3.78000D-01    8.57116D-01
    3.78500D-01    8.56738D-01
    3.79000D-01    8.56359D-01
    3.79500D-01    8.55980D-01
    3.80000D-01    8.55600D-01
    3.80500D-01    8.55220D-01
    3.81000D-01    8.54839D-01
    3.81500D-01    8.54458D-01
    3.82000D-01    8.54076D-01
    3.82500D-01    8.53694D-01
    3.83000D-01    8.53311D-01
    3.83500D-01    8.52928D-01
    3.84000D-01    8.52544D-01
    3.84500D-01    8.52160D-01
    3.85000D-01    8.51775D-01
    3.85500D-01    8.51390D-01
    3.86000D-01    8.51004D-01
    3.86500D-01    8.50618D-01
    3.87000D-01    8.50231D-01
    3.87500D-01    8.49844D-01
    3.88000D-01    8.49456D-01
    3.88500D-01    8.49068D-01
    3.89000D-01    8.48679D-01
    3.89500D-01    8.48290D-01
    3.90000D-01    8.47900D-01
    3.90500D-01    8.47510D-01
    3.91000D-01    8.47119D-01
    3.91500D-01    8.46728D-01
    3.92000D-01    8.46336D-01
    3.92500D-01    8.45944D-01
    3.93000D-01    8.45551D-01
    3.93500D-01    8.45158D-01
    3.94000D-01    8.44764D-01
    3.94500D-01    8.44370D-01
    3.95000D-01    8.43975D-01
    3.95500D-01    8.43580D-01
    3.96000D-01    8.43184D-01
    3.96500D-01    8.42788D-01
    3.97000D-01    8.42391D-01
    3.97500D-01    8.41994D-01
    3.98000D-01    8.41596D-01
    3.98500D-01    8.41198D-01
    3.99000D-01    8.40799D-01
    3.99500D-01    8.40400D-01
    4.00000D-01    8.40000D-01
    4.00500D-01    8.39600D-01
    4.01000D-01    8.39199D-01
    4.01500D-01    8.38798D-01
    4.02000D-01    8.38396D-01
    4.02500D-01    8.37994D-01
    4.03000D-01    8.37591D-01
    4.03500D-01    8.37188D-01
    4.04000D-01    8.36784D-01
    4.04500D-01    8.36380D-01
    4.05000D-01    8.35975D-01
    4.05500D-01    8.35570D-01
    4.06000D-01    8.35164D-01
    4.06500D-01    8.34758D-01
    4.07000D-01    8.34351D-01
    4.07500D-01    8.33944D-01
    4.08000D-01    8.33536D-01
    4.08500D-01    8.33128D-01
    4.09000D-01    8.32719D-01
    4.09500D-01    8.32310D-01
    4.10000D-01    8.31900D-01
    4.10500D-01    8.31490D-01
    4.11000D-01    8.31079D-01
    4.11500D-01    8.30668D-01
    4.12000D-01    8.30256D-01
    4.12500D-01    8.29844D-01
    4.13000D-01    8.29431D-01
    4.13500D-01    8.29018D-01
    4.14000D-01    8.28604D-01
    4.14500D-01    8.28190D-01
    4.15000D-01    8.27775D-01
    4.15500D-01    8.27360D-01
    4.16000D-01    8.26944D-01
    4.16500D-01    8.26528D-01
    4.17000D-01    8.26111D-01
    4.17500D-01    8.25694D-01
    4.18000D-01    8.25276D-01
    4.18500D-01    8.24858D-01
    4.19000D-01    8.24439D-01
    4.19500D-01    8.24020D-01
    4.20000D-01    8.23600D-01
    4.20500D-01    8.23180D-01
    4.21000D-01    8.22759D-01
    4.21500D-01    8.22338D-01
    4.22000D-01    8.21916D-01
    4.22500D-01    8.21494D-01
    4.23000D-01    8.21071D-01
    4.23500D-01    8.20648D-01
    4.24000D-01    8.20224D-01
    4.24500D-01    8.19800D-01
    4.25000D-01    8.19375D-01
    4.25500D-01    8.18950D-01
    4.26000D-01    8.18524D-01
    4.26500D-01    8.18098D-01
    4.27000D-01    8.17671D-01
    4.27500D-01    8.17244D-01
    4.28000D-01    8.16816D-01
    4.28500D-01    8.16388D-01
    4.29000D-01    8.15959D-01
    4.29500D-01    8.15530D-01
    4.30000D-01    8.15100D-01
    4.30500D-01    8.14670D-01
    4.31000D-01    8.14239D-01
    4.31500D-01    8.13808D-01
    4.32000D-01    8.13376D-01
    4.32500D-01    8.12944D-01
    4.33000D-01    8.12511D-01
    4.33500D-01    8.12078D-01
    4.34000D-01    8.11644D-01
    4.34500D-01    8.11210D-01
    4.35000D-01    8.10775D-01
    4.35500D-01    8.10340D-01
    4.36000D-01    8.09904D-01
    4.36500D-01    8.09468D-01
    4.37000D-01    8.09031D-01
    4.37500D-01    8.08594D-01
    4.38000D-01    8.08156D-01
    4.38500D-01    8.07718D-01
    4.39000D-01    8.07279D-01
    4.39500D-01    8.06840D-01
    4.40000D-01    8.06400D-01
    4.40500D-01    8.05960D-01
    4.41000D-01    8.05519D-01
    4.41500D-01    8.05078D-01
    4.42000D-01    8.04636D-01
    4.42500D-01    8.04194D-01
    4.43000D-01    8.03751D-01
    4.43500D-01    8.03308D-01
    4.44000D-01    8.02864D-01
    4.44500D-01    8.02420D-01
    4.45000D-01    8.01975D-01
    4.45500D-01    8.01530D-01
    4.46000D-01    8.01084D-01
    4.46500D-01    8.00638D-01
    4.47000D-01    8.00191D-01
    4.47500D-01    7.99744D-01
    4.48000D-01    7.99296D-01
    4.48500D-01    7.98848D-01
    4.49000D-01    7.98399D-01
    4.49500D-01    7.97950D-01
    4.50000D-01    7.97500D-01
    4.50500D-01    7.97050D-01
    4.51000D-01    7.96599D-01
    4.51500D-01    7.96148D-01
    4.52000D-01    7.95696D-01
    4.52500D-01    7.95244D-01
    4.53000D-01    7.94791D-01
    4.53500D-01    7.94338D-01
    4.54000D-01    7.93884D-01
    4.54500D-01    7.93430D-01
    4.55000D-01    7.92975D-01
    4.55500D-01    7.92520D-01
    4.56000D-01    7.92064D-01
    4.56500D-01    7.91608D-01
    4.57000D-01    7.91151D-01
    4.57500D-01    7.90694D-01
    4.58000D-01    7.90236D-01
    4.58500D-01    7.89778D-01
    4.59000D-01    7.89319D-01
    4.59500D-01    7.88860D-01
    4.60000D-01    7.88400D-01
    4.60500D-01    7.87940D-01
    4.61000D-01    7.87479D-01
    4.61500D-01    7.87018D-01
    4.62000D-01    7.86556D-01
    4.62500D-01    7.86094D-01
    4.63000D-01    7.85631D-01
    4.63500D-01    7.85168D-01
    4.64000D-01    7.84704D-01
    4.64500D-01    7.84240D-01
    4.65000D-01    7.83775D-01
    4.65500D-01    7.83310D-01
    4.66000D-01    7.82844D-01
    4.66500D-01    7.82378D-01
    4.67000D-01    7.81911D-01
    4.67500D-01    7.81444D-01
    4.68000D-01    7.80976D-01
    4.68500D-01    7.80508D-01
    4.69000D-01    7.80039D-01
    4.69500D-01    7.79570D-01
    4.70000D-01    7.79100D-01
    4.70500D-01    7.78630D-01
    4.71000D-01    7.78159D-01
    4.71500D-01    7.77688D-01
    4.72000D-01    7.77216D-01
    4.72500D-01    7.76744D-01
    4.73000D-01    7.76271D-01
    4.73500D-01    7.75798D-01
    4.74000D-01    7.75324D-01
    4.74500D-01    7.74850D-01
    4.75000D-01    7.74375D-01
    4.75500D-01    7.73900D-01
    4.76000D-01    7.73424D-01
    4.76500D-01    7.72948D-01
    4.77000D-01    7.72471D-01
    4.77500D-01    7.71994D-01
    4.78000D-01    7.71516D-01
    4.78500D-01    7.71038D-01
    4.79000D-01    7.70559D-01
    4.79500D-01    7.70080D-01
    4.80000D-01    7.69600D-01
    4.80500D-01    7.69120D-01
    4.81000D-01    7.68639D-01
    4.81500D-01    7.68158D-01
    4.82000D-01    7.67676D-01
    4.82500D-01    7.67194D-01
    4.83000D-01    7.66711D-01
    4.83500D-01    7.66228D-01
    4.84000D-01    7.65744D-01
    4.84500D-01    7.65260D-01
    4.85000D-01    7.64775D-01
    4.85500D-01    7.64290D-01
    4.86000D-01    7.63804D-01
    4.86500D-01    7.63318D-01
    4.87000D-01    7.62831D-01
    4.87500D-01    7.62344D-01
    4.88000D-01    7.61856D-01
    4.88500D-01    7.61368D-01
    4.89000D-01    7.60879D-01
    4.89500D-01    7.60390D-01
    4.90000D-01    7.59900D-01
    4.90500D-01    7.59410D-01
    4.91000D-01    7.58919D-01
    4.91500D-01    7.58428D-01
    4.92000D-01    7.57936D-01
    4.92500D-01    7.57444D-01
    4.93000D-01    7.56951D-01
    4.93500D-01    7.56458D-01
    4.94000D-01    7.55964D-01
    4.94500D-01    7.55470D-01
    4.95000D-01    7.54975D-01
    4.95500D-01    7.54480D-01
    4.96000D-01    7.53984D-01
    4.96500D-01    7.53488D-01
    4.97000D-01    7.52991D-01
    4.97500D-01    7.52494D-01
    4.98000D-01    7.51996D-01
    4.98500D-01    7.51498D-01
    4.99000D-01    7.50999D-01
    4.99500D-01    7.50500D-01
    5.00000D-01    7.50000D-01
    5.00500D-01    7.49500D-01
    5.01000D-01    7.48999D-01
    5.01500D-01    7.48498D-01
    5.02000D-01    7.47996D-01
    5.02500D-01    7.47494D-01
    5.03000D-01    7.46991D-01
    5.03500D-01    7.46488D-01
    5.04000D-01    7.45984D-01
    5.04500D-01    7.45480D-01
    5.05000D-01    7.44975D-01
    5.05500D-01    7.44470D-01
    5.06000D-01    7.43964D-01
    5.06500D-01    7.43458D-01
    5.07000D-01    7.42951D-01
    5.07500D-01    7.42444D-01
    5.08000D-01    7.41936D-01
    5.08500D-01    7.41428D-01
    5.09000D-01    7.40919D-01
    5.09500D-01    7.40410D-01
    5.10000D-01    7.39900D-01
    5.10500D-01    7.39390D-01
    5.11000D-01    7.38879D-01
    5.11500D-01    7.38368D-01
    5.12000D-01    7.37856D-01
    5.12500D-01    7.37344D-01
    5.13000D-01    7.36831D-01
    5.13500D-01    7.36318D-01
    5.14000D-01    7.35804D-01
    5.14500D-01    7.35290D-01
    5.15000D-01    7.34775D-01
    5.15500D-01    7.34260D-01
    5.16000D-01    7.33744D-01
    5.16500D-01    7.33228D-01
    5.17000D-01    7.32711D-01
    5.17500D-01    7.32194D-01
    5.18000D-01    7.31676D-01
    5.18500D-01    7.31158D-01
    5.19000D-01    7.30639D-01
    5.19500D-01    7.30120D-01
    5.20000D-01    7.29600D-01
    5.20500D-01    7.29080D-01
    5.21000D-01    7.28559D-01
    5.21500D-01    7.28038D-01
    5.22000D-01    7.27516D-01
    5.22500D-01    7.26994D-01
    5.23000D-01    7.26471D-01
    5.23500D-01    7.25948D-01
    5.24000D-01    7.25424D-01
    5.24500D-01    7.24900D-01
    5.25000D-01    7.24375D-01
    5.25500D-01    7.23850D-01
    5.26000D-01    7.23324D-01
    5.26500D-01    7.22798D-01
    5.27000D-01    7.22271D-01
    5.27500D-01    7.21744D-01
    5.28000D-01    7.21216D-01
    5.28500D-01    7.20688D-01
    5.29000D-01    7.20159D-01
    5.29500D-01    7.19630D-01
    5.30000D-01    7.19100D-01
    5.30500D-01    7.18570D-01
    5.31000D-01    7.18039D-01
    5.31500D-01    7.17508D-01
    5.32000D-01    7.16976D-01
    5.32500D-01    7.16444D-01
    5.33000D-01    7.15911D-01
    5.33500D-01    7.15378D-01
    5.34000D-01    7.14844D-01
    5.34500D-01    7.14310D-01
    5.35000D-01    7.13775D-01
    5.35500D-01    7.13240D-01
    5.36000D-01    7.12704D-01
    5.36500D-01    7.12168D-01
    5.37000D-01    7.11631D-01
    5.37500D-01    7.11094D-01
    5.38000D-01    7.10556D-01
    5.38500D-01    7.10018D-01
    5.39000D-01    7.09479D-01
    5.39500D-01    7.08940D-01
    5.40000D-01    7.08400D-01
    5.40500D-01    7.07860D-01
    5.41000D-01    7.07319D-01
    5.41500D-01    7.06778D-01
    5.42000D-01    7.06236D-01
    5.42500D-01    7.05694D-01
    5.43000D-01    7.05151D-01
    5.43500D-01    7.04608D-01
    5.44000D-01    7.04064D-01
    5.44500D-01    7.03520D-01
    5.45000D-01    7.02975D-01
    5.45500D-01    7.02430D-01
    5.46000D-01    7.01884D-01
    5.46500D-01    7.01338D-01
    5.47000D-01    7.00791D-01
    5.47500D-01    7.00244D-01
    5.48000D-01    6.99696D-01
    5.48500D-01    6.99148D-01
    5.49000D-01    6.98599D-01
    5.49500D-01    6.98050D-01
    5.50000D-01    6.97500D-01
    5.50500D-01    6.96950D-01
    5.51000D-01    6.96399D-01
    5.51500D-01    6.95848D-01
    5.52000D-01    6.95296D-01
    5.52500D-01    6.94744D-01
    5.53000D-01    6.94191D-01
    5.53500D-01    6.93638D-01
    5.54000D-01    6.93084D-01
    5.54500D-01    6.92530D-01
    5.55000D-01    6.91975D-01
    5.55500D-01    6.91420D-01
    5.56000D-01    6.90864D-01
    5.56500D-01    6.90308D-01
    5.57000D-01    6.89751D-01
    5.57500D-01    6.89194D-01
    5.58000D-01    6.88636D-01
    5.58500D-01    6.88078D-01
    5.59000D-01    6.87519D-01
    5.59500D-01    6.86960D-01
    5.60000D-01    6.86400D-01
    5.60500D-01    6.85840D-01
    5.61000D-01    6.85279D-01
    5.61500D-01    6.84718D-01
    5.62000D-01    6.84156D-01
    5.62500D-01    6.83594D-01
    5.63000D-01    6.83031D-01
    5.63500D-01    6.82468D-01
    5.64000D-01    6.81904D-01
    5.64500D-01    6.81340D-01
    5.65000D-01    6.80775D-01
    5.65500D-01    6.80210D-01
    5.66000D-01    6.79644D-01
    5.66500D-01    6.79078D-01
    5.67000D-01    6.78511D-01
    5.67500D-01    6.77944D-01
    5.68000D-01    6.77376D-01
    5.68500D-01    6.76808D-01
    5.69000D-01    6.76239D-01
    5.69500D-01    6.75670D-01
    5.70000D-01    6.75100D-01
    5.70500D-01    6.74530D-01
    5.71000D-01    6.73959D-01
    5.71500D-01    6.73388D-01
    5.72000D-01    6.72816D-01
    5.72500D-01    6.72244D-01
    5.73000D-01    6.71671D-01
    5.73500D-01    6.71098D-01
    5.74000D-01    6.70524D-01
    5.74500D-01    6.69950D-01
    5.75000D-01    6.69375D-01
    5.75500D-01    6.68800D-01
    5.76000D-01    6.68224D-01
    5.76500D-01    6.67648D-01
    5.77000D-01    6.67071D-01
    5.77500D-01    6.66494D-01
    5.78000D-01    6.65916D-01
    5.78500D-01    6.65338D-01
    5.79000D-01    6.64759D-01
    5.79500D-01    6.64180D-01
    5.80000D-01    6.63600D-01
    5.80500D-01    6.63020D-01
    5.81000D-01    6.62439D-01
    5.81500D-01    6.61858D-01
    5.82000D-01    6.61276D-01
    5.82500D-01    6.60694D-01
    5.83000D-01    6.60111D-01
    5.83500D-01    6.59528D-01
    5.84000D-01    6.58944D-01
    5.84500D-01    6.58360D-01
    5.85000D-01    6.57775D-01
    5.85500D-01    6.57190D-01
    5.86000D-01    6.56604D-01
    5.86500D-01    6.56018D-01
    5.87000D-01    6.55431D-01
    5.87500D-01    6.54844D-01
    5.88000D-01    6.54256D-01
    5.88500D-01    6.53668D-01
    5.89000D-01    6.53079D-01
    5.89500D-01    6.52490D-01
    5.90000D-01    6.51900D-01
    5.90500D-01    6.51310D-01
    5.91000D-01    6.50719D-01
    5.91500D-01    6.50128D-01
    5.92000D-01    6.49536D-01
    5.92500D-01    6.48944D-01
    5.93000D-01    6.48351D-01
    5.93500D-01    6.47758D-01
    5.94000D-01    6.47164D-01
    5.94500D-01    6.46570D-01
    5.95000D-01    6.45975D-01
    5.95500D-01    6.45380D-01
    5.96000D-01    6.44784D-01
    5.96500D-01    6.44188D-01
    5.97000D-01    6.43591D-01
    5.97500D-01    6.42994D-01
    5.98000D-01    6.42396D-01
    5.98500D-01    6.41798D-01
    5.99000D-01    6.41199D-01
    5.99500D-01    6.40600D-01
    6.00000D-01    6.40000D-01
    6.00500D-01    6.39400D-01
    6.01000D-01    6.38799D-01
    6.01500D-01    6.38198D-01
    6.02000D-01    6.37596D-01
    6.02500D-01    6.36994D-01
    6.03000D-01    6.36391D-01
    6.03500D-01    6.35788D-01
    6.04000D-01    6.35184D-01
    6.04500D-01    6.34580D-01
    6.05000D-01    6.33975D-01
    6.05500D-01    6.33370D-01
    6.06000D-01    6.32764D-01
    6.06500D-01    6.32158D-01
    6.07000D-01    6.31551D-01
    6.07500D-01    6.30944D-01
    6.08000D-01    6.30336D-01
    6.08500D-01    6.29728D-01
    6.09000D-01    6.29119D-01
    6.09500D-01    6.28510D-01
    6.10000D-01    6.27900D-01
    6.10500D-01    6.27290D-01
    6.11000D-01    6.26679D-01
    6.11500D-01    6.26068D-01
    6.12000D-01    6.25456D-01
    6.12500D-01    6.24844D-01
    6.13000D-01    6.24231D-01
    6.13500D-01    6.23618D-01
    6.14000D-01    6.23004D-01
    6.14500D-01    6.22390D-01
    6.15000D-01    6.21775D-01
    6.15500D-01    6.21160D-01
    6.16000D-01    6.20544D-01
    6.16500D-01    6.19928D-01
    6.17000D-01    6.19311D-01
    6.17500D-01    6.18694D-01
    6.18000D-01    6.18076D-01
    6.18500D-01    6.17458D-01
    6.19000D-01    6.16839D-01
    6.19500D-01    6.16220D-01
    6.20000D-01    6.15600D-01
    6.20500D-01    6.14980D-01
    6.21000D-01    6.14359D-01
    6.21500D-01    6.13738D-01
    6.22000D-01    6.13116D-01
    6.22500D-01    6.12494D-01
    6.23000D-01    6.11871D-01
    6.23500D-01    6.11248D-01
    6.24000D-01    6.10624D-01
    6.24500D-01    6.10000D-01
    6.25000D-01    6.09375D-01
    6.25500D-01    6.08750D-01
    6.26000D-01    6.08124D-01
    6.26500D-01    6.07498D-01
    6.27000D-01    6.06871D-01
    6.27500D-01    6.06244D-01
    6.28000D-01    6.05616D-01
    6.28500D-01    6.04988D-01
    6.29000D-01    6.04359D-01
    6.29500D-01    6.03730D-01
    6.30000D-01    6.03100D-01
    6.30500D-01    6.02470D-01
    6.31000D-01    6.01839D-01
    6.31500D-01    6.01208D-01
    6.32000D-01    6.00576D-01
    6.32500D-01    5.99944D-01
    6.33000D-01    5.99311D-01
    6.33500D-01    5.98678D-01
    6.34000D-01    5.98044D-01
    6.34500D-01    5.97410D-01
    6.35000D-01    5.96775D-01
    6.35500D-01    5.96140D-01
    6.36000D-01    5.95504D-01
    6.36500D-01    5.94868D-01
    6.37000D-01    5.94231D-01
    6.37500D-01    5.93594D-01
    6.38000D-01    5.92956D-01
    6.38500D-01    5.92318D-01
    6.39000D-01    5.91679D-01
    6.39500D-01    5.91040D-01
    6.40000D-01    5.90400D-01
    6.40500D-01    5.89760D-01
    6.41000D-01    5.89119D-01
    6.41500D-01    5.88478D-01
    6.42000D-01    5.87836D-01
    6.42500D-01    5.87194D-01
    6.43000D-01    5.86551D-01
    6.43500D-01    5.85908D-01
    6.44000D-01    5.85264D-01
    6.44500D-01    5.84620D-01
    6.45000D-01    5.83975D-01
    6.45500D-01    5.83330D-01
    6.46000D-01    5.82684D-01
    6.46500D-01    5.82038D-01
    6.47000D-01    5.81391D-01
    6.47500D-01    5.80744D-01
    6.48000D-01    5.80096D-01
    6.48500D-01    5.79448D-01
    6.49000D-01    5.78799D-01
    6.49500D-01    5.78150D-01
    6.50000D-01    5.77500D-01
    6.50500D-01    5.76850D-01
    6.51000D-01    5.76199D-01
    6.51500D-01    5.75548D-01
    6.52000D-01    5.74896D-01
    6.52500D-01    5.74244D-01
    6.53000D-01    5.73591D-01
    6.53500D-01    5.72938D-01
    6.54000D-01    5.72284D-01
    6.54500D-01    5.71630D-01
    6.55000D-01    5.70975D-01
    6.55500D-01    5.70320D-01
    6.56000D-01    5.69664D-01
    6.56500D-01    5.69008D-01
    6.57000D-01    5.68351D-01
    6.57500D-01    5.67694D-01
    6.58000D-01    5.67036D-01
    6.58500D-01    5.66378D-01
    6.59000D-01    5.65719D-01
    6.59500D-01    5.65060D-01
    6.60000D-01    5.64400D-01
    6.60500D-01    5.63740D-01
    6.61000D-01    5.63079D-01
    6.61500D-01    5.62418D-01
    6.62000D-01    5.61756D-01
    6.62500D-01    5.61094D-01
    6.63000D-01    5.60431D-01
    6.63500D-01    5.59768D-01
    6.64000D-01    5.59104D-01
    6.64500D-01    5.58440D-01
    6.65000D-01    5.57775D-01
    6.65500D-01    5.57110D-01
    6.66000D-01    5.56444D-01
    6.66500D-01    5.55778D-01
    6.67000D-01    5.55111D-01
    6.67500D-01    5.54444D-01
    6.68000D-01    5.53776D-01
    6.68500D-01    5.53108D-01
    6.69000D-01    5.52439D-01
    6.69500D-01    5.51770D-01
    6.70000D-01    5.51100D-01
    6.70500D-01    5.50430D-01
    6.71000D-01    5.49759D-01
    6.71500D-01    5.49088D-01
    6.72000D-01    5.48416D-01
    6.72500D-01    5.47744D-01
    6.73000D-01    5.47071D-01
    6.73500D-01    5.46398D-01
    6.74000D-01    5.45724D-01
    6.74500D-01    5.45050D-01
    6.75000D-01    5.44375D-01
    6.75500D-01    5.43700D-01
    6.76000D-01    5.43024D-01
    6.76500D-01    5.42348D-01
    6.77000D-01    5.41671D-01
    6.77500D-01    5.40994D-01
    6.78000D-01    5.40316D-01
    6.78500D-01    5.39638D-01
    6.79000D-01    5.38959D-01
    6.79500D-01    5.38280D-01
    6.80000D-01    5.37600D-01
    6.80500D-01    5.36920D-01
    6.81000D-01    5.36239D-01
    6.81500D-01    5.35558D-01
    6.82000D-01    5.34876D-01
    6.82500D-01    5.34194D-01
    6.83000D-01    5.33511D-01
    6.83500D-01    5.32828D-01
    6.84000D-01    5.32144D-01
    6.84500D-01    5.31460D-01
    6.85000D-01    5.30775D-01
    6.85500D-01    5.30090D-01
    6.86000D-01    5.29404D-01
    6.86500D-01    5.28718D-01
    6.87000D-01    5.28031D-01
    6.87500D-01    5.27344D-01
    6.88000D-01    5.26656D-01
    6.88500D-01    5.25968D-01
    6.89000D-01    5.25279D-01
    6.89500D-01    5.24590D-01
    6.90000D-01    5.23900D-01
    6.90500D-01    5.23210D-01
    6.91000D-01    5.22519D-01
    6.91500D-01    5.21828D-01
    6.92000D-01    5.21136D-01
    6.92500D-01    5.20444D-01
    6.93000D-01    5.19751D-01
    6.93500D-01    5.19058D-01
    6.94000D-01    5.18364D-01
    6.94500D-01    5.17670D-01
    6.95000D-01    5.16975D-01
    6.95500D-01    5.16280D-01
    6.96000D-01    5.15584D-01
    6.96500D-01    5.14888D-01
    6.97000D-01    5.14191D-01
    6.97500D-01    5.13494D-01
    6.98000D-01    5.12796D-01
    6.98500D-01    5.12098D-01
    6.99000D-01    5.11399D-01
    6.99500D-01    5.10700D-01
    7.00000D-01    5.10000D-01
    7.00500D-01    5.09300D-01
    7.01000D-01    5.08599D-01
    7.01500D-01    5.07898D-01
    7.02000D-01    5.07196D-01
    7.02500D-01    5.06494D-01
    7.03000D-01    5.05791D-01
    7.03500D-01    5.05088D-01
    7.04000D-01    5.04384D-01
    7.04500D-01    5.03680D-01
    7.05000D-01    5.02975D-01
    7.05500D-01    5.02270D-01
    7.06000D-01    5.01564D-01
    7.06500D-01    5.00858D-01
    7.07000D-01    5.00151D-01
    7.07500D-01    4.99444D-01
    7.08000D-01    4.98736D-01
    7.08500D-01    4.98028D-01
    7.09000D-01    4.97319D-01
    7.09500D-01    4.96610D-01
    7.10000D-01    4.95900D-01
    7.10500D-01    4.95190D-01
    7.11000D-01    4.94479D-01
    7.11500D-01    4.93768D-01
    7.12000D-01    4.93056D-01
    7.12500D-01    4.92344D-01
    7.13000D-01    4.91631D-01
    7.13500D-01    4.90918D-01
    7.14000D-01    4.90204D-01
    7.14500D-01    4.89490D-01
    7.15000D-01    4.88775D-01
    7.15500D-01    4.88060D-01
    7.16000D-01    4.87344D-01
    7.16500D-01    4.86628D-01
    7.17000D-01    4.85911D-01
    7.17500D-01    4.85194D-01
    7.18000D-01    4.84476D-01
    7.18500D-01    4.83758D-01
    7.19000D-01    4.83039D-01
    7.19500D-01    4.82320D-01
    7.20000D-01    4.81600D-01
    7.20500D-01    4.80880D-01
    7.21000D-01    4.80159D-01
    7.21500D-01    4.79438D-01
    7.22000D-01    4.78716D-01
    7.22500D-01    4.77994D-01
    7.23000D-01    4.77271D-01
    7.23500D-01    4.76548D-01
    7.24000D-01    4.75824D-01
    7.24500D-01    4.75100D-01
    7.25000D-01    4.74375D-01
    7.25500D-01    4.73650D-01
    7.26000D-01    4.72924D-01
    7.26500D-01    4.72198D-01
    7.27000D-01    4.71471D-01
    7.27500D-01    4.70744D-01
    7.28000D-01    4.70016D-01
    7.28500D-01    4.69288D-01
    7.29000D-01    4.68559D-01
    7.29500D-01    4.67830D-01
    7.30000D-01    4.67100D-01
    7.30500D-01    4.66370D-01
    7.31000D-01    4.65639D-01
    7.31500D-01    4.64908D-01
    7.32000D-01    4.64176D-01
    7.32500D-01    4.63444D-01
    7.33000D-01    4.62711D-01
    7.33500D-01    4.61978D-01
    7.34000D-01    4.61244D-01
    7.34500D-01    4.60510D-01
    7.35000D-01    4.59775D-01
    7.35500D-01    4.59040D-01
    7.36000D-01    4.58304D-01
    7.36500D-01    4.57568D-01
    7.37000D-01    4.56831D-01
    7.37500D-01    4.56094D-01
    7.38000D-01    4.55356D-01
    7.38500D-01    4.54618D-01
    7.39000D-01    4.53879D-01
    7.39500D-01    4.53140D-01
    7.40000D-01    4.52400D-01
    7.40500D-01    4.51660D-01
    7.41000D-01    4.50919D-01
    7.41500D-01    4.50178D-01
    7.42000D-01    4.49436D-01
    7.42500D-01    4.48694D-01
    7.43000D-01    4.47951D-01
    7.43500D-01    4.47208D-01
    7.44000D-01    4.46464D-01
    7.44500D-01    4.45720D-01
    7.45000D-01    4.44975D-01
    7.45500D-01    4.44230D-01
    7.46000D-01    4.43484D-01
    7.46500D-01    4.42738D-01
    7.47000D-01    4.41991D-01
    7.47500D-01    4.41244D-01
    7.48000D-01    4.40496D-01
    7.48500D-01    4.39748D-01
    7.49000D-01    4.38999D-01
    7.49500D-01    4.38250D-01
    7.50000D-01    4.37500D-01
    7.50500D-01    4.36750D-01
    7.51000D-01    4.35999D-01
    7.51500D-01    4.35248D-01
    7.52000D-01    4.34496D-01
    7.52500D-01    4.33744D-01
    7.53000D-01    4.32991D-01
    7.53500D-01    4.32238D-01
    7.54000D-01    4.31484D-01
    7.54500D-01    4.30730D-01
    7.55000D-01    4.29975D-01
    7.55500D-01    4.29220D-01
    7.56000D-01    4.28464D-01
    7.56500D-01    4.27708D-01
    7.57000D-01    4.26951D-01
    7.57500D-01    4.26194D-01
    7.58000D-01    4.25436D-01
    7.58500D-01    4.24678D-01
    7.59000D-01    4.23919D-01
    7.59500D-01    4.23160D-01
    7.60000D-01    4.22400D-01
    7.60500D-01    4.21640D-01
    7.61000D-01    4.20879D-01
    7.61500D-01    4.20118D-01
    7.62000D-01    4.19356D-01
    7.62500D-01    4.18594D-01
    7.63000D-01    4.17831D-01
    7.63500D-01    4.17068D-01
    7.64000D-01    4.16304D-01
    7.64500D-01    4.15540D-01
    7.65000D-01    4.14775D-01
    7.65500D-01    4.14010D-01
    7.66000D-01    4.13244D-01
    7.66500D-01    4.12478D-01
    7.67000D-01    4.11711D-01
    7.67500D-01    4.10944D-01
    7.68000D-01    4.10176D-01
    7.68500D-01    4.09408D-01
    7.69000D-01    4.08639D-01
    7.69500D-01    4.07870D-01
    7.70000D-01    4.07100D-01
    7.70500D-01    4.06330D-01
    7.71000D-01    4.05559D-01
    7.71500D-01    4.04788D-01
    7.72000D-01    4.04016D-01
    7.72500D-01    4.03244D-01
    7.73000D-01    4.02471D-01
    7.73500D-01    4.01698D-01
    7.74000D-01    4.00924D-01
    7.74500D-01    4.00150D-01
    7.75000D-01    3.99375D-01
    7.75500D-01    3.98600D-01
    7.76000D-01    3.97824D-01
    7.76500D-01    3.97048D-01
    7.77000D-01    3.96271D-01
    7.77500D-01    3.95494D-01
    7.78000D-01    3.94716D-01
    7.78500D-01    3.93938D-01
    7.79000D-01    3.93159D-01
    7.79500D-01    3.92380D-01
    7.80000D-01    3.91600D-01
    7.80500D-01    3.90820D-01
    7.81000D-01    3.90039D-01
    7.81500D-01    3.89258D-01
    7.82000D-01    3.88476D-01
    7.82500D-01    3.87694D-01
    7.83000D-01    3.86911D-01
    7.83500D-01    3.86128D-01
    7.84000D-01    3.85344D-01
    7.84500D-01    3.84560D-01
    7.85000D-01    3.83775D-01
    7.85500D-01    3.82990D-01
    7.86000D-01    3.82204D-01
    7.86500D-01    3.81418D-01
    7.87000D-01    3.80631D-01
    7.87500D-01    3.79844D-01
    7.88000D-01    3.79056D-01
    7.88500D-01    3.78268D-01
    7.89000D-01    3.77479D-01
    7.89500D-01    3.76690D-01
    7.90000D-01    3.75900D-01
    7.90500D-01    3.75110D-01
    7.91000D-01    3.74319D-01
    7.91500D-01    3.73528D-01
    7.92000D-01    3.72736D-01
    7.92500D-01    3.71944D-01
    7.93000D-01    3.71151D-01
    7.93500D-01    3.70358D-01
    7.94000D-01    3.69564D-01
    7.94500D-01    3.68770D-01
    7.95000D-01    3.67975D-01
    7.95500D-01    3.67180D-01
    7.96000D-01    3.66384D-01
    7.96500D-01    3.65588D-01
    7.97000D-01    3.64791D-01
    7.97500D-01    3.63994D-01
    7.98000D-01    3.63196D-01
    7.98500D-01    3.62398D-01
    7.99000D-01    3.61599D-01
    7.99500D-01    3.60800D-01
    8.00000D-01    3.60000D-01
    8.00500D-01    3.59200D-01
    8.01000D-01    3.58399D-01
    8.01500D-01    3.57598D-01
    8.02000D-01    3.56796D-01
    8.02500D-01    3.55994D-01
    8.03000D-01    3.55191D-01
    8.03500D-01    3.54388D-01
    8.04000D-01    3.53584D-01
    8.04500D-01    3.52780D-01
    8.05000D-01    3.51975D-01
    8.05500D-01    3.51170D-01
    8.06000D-01    3.50364D-01
    8.06500D-01    3.49558D-01
    8.07000D-01    3.48751D-01
    8.07500D-01    3.47944D-01
    8.08000D-01    3.47136D-01
    8.08500D-01    3.46328D-01
    8.09000D-01    3.45519D-01
    8.09500D-01    3.44710D-01
    8.10000D-01    3.43900D-01
    8.10500D-01    3.43090D-01
    8.11000D-01    3.42279D-01
    8.11500D-01    3.41468D-01
    8.12000D-01    3.40656D-01
    8.12500D-01    3.39844D-01
    8.13000D-01    3.39031D-01
    8.13500D-01    3.38218D-01
    8.14000D-01    3.37404D-01
    8.14500D-01    3.36590D-01
    8.15000D-01    3.35775D-01
    8.15500D-01    3.34960D-01
    8.16000D-01    3.34144D-01
    8.16500D-01    3.33328D-01
    8.17000D-01    3.32511D-01
    8.17500D-01    3.31694D-01
    8.18000D-01    3.30876D-01
    8.18500D-01    3.30058D-01
    8.19000D-01    3.29239D-01
    8.19500D-01    3.28420D-01
    8.20000D-01    3.27600D-01
    8.20500D-01    3.26780D-01
    8.21000D-01    3.25959D-01
    8.21500D-01    3.25138D-01
    8.22000D-01    3.24316D-01
    8.22500D-01    3.23494D-01
    8.23000D-01    3.22671D-01
    8.23500D-01    3.21848D-01
    8.24000D-01    3.21024D-01
    8.24500D-01    3.20200D-01
    8.25000D-01    3.19375D-01
    8.25500D-01    3.18550D-01
    8.26000D-01    3.17724D-01
    8.26500D-01    3.16898D-01
    8.27000D-01    3.16071D-01
    8.27500D-01    3.15244D-01
    8.28000D-01    3.14416D-01
    8.28500D-01    3.13588D-01
    8.29000D-01    3.12759D-01
    8.29500D-01    3.11930D-01
    8.30000D-01    3.11100D-01
    8.30500D-01    3.10270D-01
    8.31000D-01    3.09439D-01
    8.31500D-01    3.08608D-01
    8.32000D-01    3.07776D-01
    8.32500D-01    3.06944D-01
    8.33000D-01    3.06111D-01
    8.33500D-01    3.05278D-01
    8.34000D-01    3.04444D-01
    8.34500D-01    3.03610D-01
    8.35000D-01    3.02775D-01
    8.35500D-01    3.01940D-01
    8.36000D-01    3.01104D-01
    8.36500D-01    3.00268D-01
    8.37000D-01    2.99431D-01
    8.37500D-01    2.98594D-01
    8.38000D-01    2.97756D-01
    8.38500D-01    2.96918D-01
    8.39000D-01    2.96079D-01
    8.39500D-01    2.95240D-01
    8.40000D-01    2.94400D-01
    8.40500D-01    2.93560D-01
    8.41000D-01    2.92719D-01
    8.41500D-01    2.91878D-01
    8.42000D-01    2.91036D-01
    8.42500D-01    2.90194D-01
    8.43000D-01    2.89351D-01
    8.43500D-01    2.88508D-01
    8.44000D-01    2.87664D-01
    8.44500D-01    2.86820D-01
    8.45000D-01    2.85975D-01
    8.45500D-01    2.85130D-01
    8.46000D-01    2.84284D-01
    8.46500D-01    2.83438D-01
    8.47000D-01    2.82591D-01
    8.47500D-01    2.81744D-01
    8.48000D-01    2.80896D-01
    8.48500D-01    2.80048D-01
    8.49000D-01    2.79199D-01
    8.49500D-01    2.78350D-01
    8.50000D-01    2.77500D-01
    8.50500D-01    2.76650D-01
    8.51000D-01    2.75799D-01
    8.51500D-01    2.74948D-01
    8.52000D-01    2.74096D-01
    8.52500D-01    2.73244D-01
    8.53000D-01    2.72391D-01
    8.53500D-01    2.71538D-01
    8.54000D-01    2.70684D-01
    8.54500D-01    2.69830D-01
    8.55000D-01    2.68975D-01
    8.55500D-01    2.68120D-01
    8.56000D-01    2.67264D-01
    8.56500D-01    2.66408D-01
    8.57000D-01    2.65551D-01
    8.57500D-01    2.64694D-01
    8.58000D-01    2.63836D-01
    8.58500D-01    2.62978D-01
    8.59000D-01    2.62119D-01
    8.59500D-01    2.61260D-01
    8.60000D-01    2.60400D-01
    8.60500D-01    2.59540D-01
    8.61000D-01    2.58679D-01
    8.61500D-01    2.57818D-01
    8.62000D-01    2.56956D-01
    8.62500D-01    2.56094D-01
    8.63000D-01    2.55231D-01
    8.63500D-01    2.54368D-01
    8.64000D-01    2.53504D-01
    8.64500D-01    2.52640D-01
    8.65000D-01    2.51775D-01
    8.65500D-01    2.50910D-01
    8.66000D-01    2.50044D-01
    8.66500D-01    2.49178D-01
    8.67000D-01    2.48311D-01
    8.67500D-01    2.47444D-01
    8.68000D-01    2.46576D-01
    8.68500D-01    2.45708D-01
    8.69000D-01    2.44839D-01
    8.69500D-01    2.43970D-01
    8.70000D-01    2.43100D-01
    8.70500D-01    2.42230D-01
    8.71000D-01    2.41359D-01
    8.71500D-01    2.40488D-01
    8.72000D-01    2.39616D-01
    8.72500D-01    2.38744D-01
    8.73000D-01    2.37871D-01
    8.73500D-01    2.36998D-01
    8.74000D-01    2.36124D-01
    8.74500D-01    2.35250D-01
    8.75000D-01    2.34375D-01
    8.75500D-01    2.33500D-01
    8.76000D-01    2.32624D-01
    8.76500D-01    2.31748D-01
    8.77000D-01    2.30871D-01
    8.77500D-01    2.29994D-01
    8.78000D-01    2.29116D-01
    8.78500D-01    2.28238D-01
    8.79000D-01    2.27359D-01
    8.79500D-01    2.26480D-01
    8.80000D-01    2.25600D-01
    8.80500D-01    2.24720D-01
    8.81000D-01    2.23839D-01
    8.81500D-01    2.22958D-01
    8.82000D-01    2.22076D-01
    8.82500D-01    2.21194D-01
    8.83000D-01    2.20311D-01
    8.83500D-01    2.19428D-01
    8.84000D-01    2.18544D-01
    8.84500D-01    2.17660D-01
    8.85000D-01    2.16775D-01
    8.85500D-01    2.15890D-01
    8.86000D-01    2.15004D-01
    8.86500D-01    2.14118D-01
    8.87000D-01    2.13231D-01
    8.87500D-01    2.12344D-01
    8.88000D-01    2.11456D-01
    8.88500D-01    2.10568D-01
    8.89000D-01    2.09679D-01
    8.89500D-01    2.08790D-01
    8.90000D-01    2.07900D-01
    8.90500D-01    2.07010D-01
    8.91000D-01    2.06119D-01
    8.91500D-01    2.05228D-01
    8.92000D-01    2.04336D-01
    8.92500D-01    2.03444D-01
    8.93000D-01    2.02551D-01
    8.93500D-01    2.01658D-01
    8.94000D-01    2.00764D-01
    8.94500D-01    1.99870D-01
    8.95000D-01    1.98975D-01
    8.95500D-01    1.98080D-01
    8.96000D-01    1.97184D-01
    8.96500D-01    1.96288D-01
    8.97000D-01    1.95391D-01
    8.97500D-01    1.94494D-01
    8.98000D-01    1.93596D-01
    8.98500D-01    1.92698D-01
    8.99000D-01    1.91799D-01
    8.99500D-01    1.90900D-01
    9.00000D-01    1.90000D-01
    9.00500D-01    1.89100D-01
    9.01000D-01    1.88199D-01
    9.01500D-01    1.87298D-01
    9.02000D-01    1.86396D-01
    9.02500D-01    1.85494D-01
    9.03000D-01    1.84591D-01
    9.03500D-01    1.83688D-01
    9.04000D-01    1.82784D-01
    9.04500D-01    1.81880D-01
    9.05000D-01    1.80975D-01
    9.05500D-01    1.80070D-01
    9.06000D-01    1.79164D-01
    9.06500D-01    1.78258D-01
    9.07000D-01    1.77351D-01
    9.07500D-01    1.76444D-01
    9.08000D-01    1.75536D-01
    9.08500D-01    1.74628D-01
    9.09000D-01    1.73719D-01
    9.09500D-01    1.72810D-01
    9.10000D-01    1.71900D-01
    9.10500D-01    1.70990D-01
    9.11000D-01    1.70079D-01
    9.11500D-01    1.69168D-01
    9.12000D-01    1.68256D-01
    9.12500D-01    1.67344D-01
    9.13000D-01    1.66431D-01
    9.13500D-01    1.65518D-01
    9.14000D-01    1.64604D-01
    9.14500D-01    1.63690D-01
    9.15000D-01    1.62775D-01
    9.15500D-01    1.61860D-01
    9.16000D-01    1.60944D-01
    9.16500D-01    1.60028D-01
    9.17000D-01    1.59111D-01
    9.17500D-01    1.58194D-01
    9.18000D-01    1.57276D-01
    9.18500D-01    1.56358D-01
    9.19000D-01    1.55439D-01
    9.19500D-01    1.54520D-01
    9.20000D-01    1.53600D-01
    9.20500D-01    1.52680D-01
    9.21000D-01    1.51759D-01
    9.21500D-01    1.50838D-01
    9.22000D-01    1.49916D-01
    9.22500D-01    1.48994D-01
    9.23000D-01    1.48071D-01
    9.23500D-01    1.47148D-01
    9.24000D-01    1.46224D-01
    9.24500D-01    1.45300D-01
    9.25000D-01    1.44375D-01
    9.25500D-01    1.43450D-01
    9.26000D-01    1.42524D-01
    9.26500D-01    1.41598D-01
    9.27000D-01    1.40671D-01
    9.27500D-01    1.39744D-01
    9.28000D-01    1.38816D-01
    9.28500D-01    1.37888D-01
    9.29000D-01    1.36959D-01
    9.29500D-01    1.36030D-01
    9.30000D-01    1.35100D-01
    9.30500D-01    1.34170D-01
    9.31000D-01    1.33239D-01
    9.31500D-01    1.32308D-01
    9.32000D-01    1.31376D-01
    9.32500D-01    1.30444D-01
    9.33000D-01    1.29511D-01
    9.33500D-01    1.28578D-01
    9.34000D-01    1.27644D-01
    9.34500D-01    1.26710D-01
    9.35000D-01    1.25775D-01
    9.35500D-01    1.24840D-01
    9.36000D-01    1.23904D-01
    9.36500D-01    1.22968D-01
    9.37000D-01    1.22031D-01
    9.37500D-01    1.21094D-01
    9.38000D-01    1.20156D-01
    9.38500D-01    1.19218D-01
    9.39000D-01    1.18279D-01
    9.39500D-01    1.17340D-01
    9.40000D-01    1.16400D-01
    9.40500D-01    1.15460D-01
    9.41000D-01    1.14519D-01
    9.41500D-01    1.13578D-01
    9.42000D-01    1.12636D-01
    9.42500D-01    1.11694D-01
    9.43000D-01    1.10751D-01
    9.43500D-01    1.09808D-01
    9.44000D-01    1.08864D-01
    9.44500D-01    1.07920D-01
    9.45000D-01    1.06975D-01
    9.45500D-01    1.06030D-01
    9.46000D-01    1.05084D-01
    9.46500D-01    1.04138D-01
    9.47000D-01    1.03191D-01
    9.47500D-01    1.02244D-01
    9.48000D-01    1.01296D-01
    9.48500D-01    1.00348D-01
    9.49000D-01    9.93989D-02
    9.49500D-01    9.84497D-02
    9.50000D-01    9.74999D-02
    9.50500D-01    9.65496D-02
    9.51000D-01    9.55989D-02
    9.51500D-01    9.46476D-02
    9.52000D-01    9.36959D-02
    9.52500D-01    9.27436D-02
    9.53000D-01    9.17909D-02
    9.53500D-01    9.08377D-02
    9.54000D-01    8.98839D-02
    9.54500D-01    8.89297D-02
    9.55000D-01    8.79749D-02
    9.55500D-01    8.70196D-02
    9.56000D-01    8.60639D-02
    9.56500D-01    8.51076D-02
    9.57000D-01    8.41510D-02
    9.57500D-01    8.31937D-02
    9.58000D-01    8.22359D-02
    9.58500D-01    8.12777D-02
    9.59000D-01    8.03189D-02
    9.59500D-01    7.93596D-02
    9.60000D-01    7.84000D-02
    9.60500D-01    7.74396D-02
    9.61000D-01    7.64790D-02
    9.61500D-01    7.55177D-02
    9.62000D-01    7.45559D-02
    9.62500D-01    7.35937D-02
    9.63000D-01    7.26309D-02
    9.63500D-01    7.16677D-02
    9.64000D-01    7.07039D-02
    9.64500D-01    6.97396D-02
    9.65000D-01    6.87749D-02
    9.65500D-01    6.78096D-02
    9.66000D-01    6.68440D-02
    9.66500D-01    6.58777D-02
    9.67000D-01    6.49109D-02
    9.67500D-01    6.39437D-02
    9.68000D-01    6.29759D-02
    9.68500D-01    6.20077D-02
    9.69000D-01    6.10389D-02
    9.69500D-01    6.00696D-02
    9.70000D-01    5.91000D-02
    9.70500D-01    5.81297D-02
    9.71000D-01    5.71588D-02
    9.71500D-01    5.61877D-02
    9.72000D-01    5.52159D-02
    9.72500D-01    5.42437D-02
    9.73000D-01    5.32709D-02
    9.73500D-01    5.22976D-02
    9.74000D-01    5.13240D-02
    9.74500D-01    5.03497D-02
    9.75000D-01    4.93749D-02
    9.75500D-01    4.83997D-02
    9.76000D-01    4.74238D-02
    9.76500D-01    4.64477D-02
    9.77000D-01    4.54709D-02
    9.77500D-01    4.44937D-02
    9.78000D-01    4.35159D-02
    9.78500D-01    4.25376D-02
    9.79000D-01    4.15589D-02
    9.79500D-01    4.05796D-02
    9.80000D-01    3.96000D-02
    9.80500D-01    3.86196D-02
    9.81000D-01    3.76388D-02
    9.81500D-01    3.66577D-02
    9.82000D-01    3.56759D-02
    9.82500D-01    3.46936D-02
    9.83000D-01    3.37109D-02
    9.83500D-01    3.27276D-02
    9.84000D-01    3.17439D-02
    9.84500D-01    3.07596D-02
    9.85000D-01    2.97748D-02
    9.85500D-01    2.87897D-02
    9.86000D-01    2.78039D-02
    9.86500D-01    2.68177D-02
    9.87000D-01    2.58309D-02
    9.87500D-01    2.48436D-02
    9.88000D-01    2.38559D-02
    9.88500D-01    2.28676D-02
    9.89000D-01    2.18790D-02
    9.89500D-01    2.08896D-02
    9.90000D-01    1.98998D-02
    9.90500D-01    1.89097D-02
    9.91000D-01    1.79189D-02
    9.91500D-01    1.69277D-02
    9.92000D-01    1.59359D-02
    9.92500D-01    1.49436D-02
    9.93000D-01    1.39509D-02
    9.93500D-01    1.29576D-02
    9.94000D-01    1.19640D-02
    9.94500D-01    1.09696D-02
    9.95000D-01    9.97490D-03
    9.95500D-01    8.97968D-03
    9.96000D-01    7.98392D-03
    9.96500D-01    6.98757D-03
    9.97000D-01    5.99092D-03
    9.97500D-01    4.99362D-03
    9.98000D-01    3.99595D-03
    9.98500D-01    2.99764D-03
    9.99000D-01    1.99884D-03
    9.99500D-01    9.99689D-04
    1.00000D+00    0.00000D+00
