    1.0000000000D+09    2.2998015201D-02    4.7309340659D-03   -6.0628897335D-07    4.7303277769D-03    9.2898738501D-06    2.0214500976D-05    3.2852980839D-05    4.1279676586D-06    1.9272017356D-09
    1.3803842646D+09    1.6660589222D-02    6.5333812253D-03   -8.3735948186D-07    6.5325438659D-03    9.4324179001D-06    2.7929926207D-05    4.4861714829D-05    5.7006895518D-06    2.6614498563D-09
    1.9054607180D+09    1.2069529949D-02    9.0221995273D-03   -1.1564463379D-06    9.0210430810D-03    8.7078925918D-06    3.8587572476D-05    6.1313361049D-05    7.8723032999D-06    3.6752993716D-09
    2.6302679919D+09    8.7436015160D-03    1.2456303799D-02   -1.5971987817D-06    1.2454706600D-02    9.2212350150D-06    5.3286838590D-05    8.4239880828D-05    1.0868724550D-05    5.0742224779D-09
    3.6307805477D+09    6.3341793587D-03    1.7197651309D-02   -2.2058150943D-06    1.7195445494D-02    8.4181902989D-06    7.3587595732D-05    1.1566943961D-04    1.5005778440D-05    7.0056666569D-09
    5.0118723363D+09    4.5887073050D-03    2.3741079786D-02   -3.0461270217D-06    2.3738033659D-02    7.9859630767D-06    1.0160062898D-04    1.5914485199D-04    2.0715234703D-05    9.6712100576D-09
    6.9183097092D+09    3.3242245820D-03    3.2771313667D-02   -4.2062367857D-06    3.2767107430D-02    7.2897199606D-06    1.4025824240D-04    2.1912720332D-04    2.8594548363D-05    1.3349783390D-08
    9.5499258602D+09    2.4081878266D-03    4.5230474150D-02   -5.8080791337D-06    4.5224666071D-02    6.3197233501D-06    1.9358933305D-04    3.0188181571D-04    3.9465765508D-05    1.8425171314D-08
    1.3182567386D+10    1.7445778602D-03    6.2413030164D-02   -8.0191504370D-06    6.2405011013D-02    4.9784238824D-06    2.6712438337D-04    4.1600198226D-04    5.4458372576D-05    2.5424691653D-08
    1.8197008586D+10    1.2638349371D-03    8.6089868355D-02   -1.1069593867D-05    8.6078798761D-02    3.1262746876D-06    3.6841476219D-04    5.7323572163D-04    7.5117553396D-05    3.5069737251D-08
    2.5118864315D+10    9.1556747601D-04    1.1866365852D-01   -1.5273863763D-05    1.1864838465D-01    5.7488013282D-07    5.0766752068D-04    7.8950363008D-04    1.0353975299D-04    4.8339066625D-08
    3.0000000000D+10    7.6660050671D-04    1.4153541106D-01   -1.8231355066D-05    1.4151717971D-01   -1.2183727711D-06    6.0535485993D-04    9.4131268066D-04    1.2349645784D-04    5.7656155267D-08
    3.4673685045D+10    6.6327000350D-04    1.6334200556D-01   -2.1054810807D-05    1.6332095075D-01   -2.9297397839D-06    6.9840852280D-04    1.0860104167D-03    1.4252376103D-04    6.6539340234D-08
    4.7863009232D+10    4.8049664177D-04    2.2427101792D-01   -2.8965399671D-05    2.2424205252D-01   -7.7145472112D-06    9.5785648440D-04    1.4900359385D-03    1.9568725665D-04    9.1359533030D-08
    6.6069344801D+10    3.4808904600D-04    3.0645805468D-01   -3.9690141007D-05    3.0641836454D-01   -1.4167666990D-05    1.3061100724D-03    2.0341873869D-03    2.6739940165D-04    1.2483946921D-07
    9.1201083936D+10    2.5216822223D-04    4.1505085848D-01   -5.3969821328D-05    4.1499688866D-01   -2.2677476132D-05    1.7619704728D-03    2.7510787295D-03    3.6215184922D-04    1.6907617556D-07
    1.2589254118D+11    1.8267972817D-04    5.5305574902D-01   -7.2338306904D-05    5.5298341072D-01   -3.3435076441D-05    2.3310672559D-03    3.6571489535D-03    4.8256775800D-04    2.2529437264D-07
    1.7378008287D+11    1.3233976426D-04    7.1611970056D-01   -9.4499977796D-05    7.1602520058D-01   -4.6008584858D-05    2.9808724796D-03    4.7167137121D-03    6.2484890350D-04    2.9172091155D-07
    2.3988329190D+11    9.5871684180D-05    8.8419498956D-01   -1.1824932989D-04    8.8407674023D-01   -5.8748176808D-05    3.6064092694D-03    5.7872750591D-03    7.7150268214D-04    3.6018926498D-07
    3.3113112148D+11    6.9452895573D-05    1.0163444141D+00   -1.3859081310D-04    1.0162058232D+00   -6.8518149045D-05    4.0244702171D-03    6.5930375439D-03    8.8680941498D-04    4.1402328414D-07
    4.5708818961D+11    5.0314175084D-05    1.0640848713D+00   -1.4892452825D-04    1.0639359468D+00   -7.1903363253D-05    4.0610935776D-03    6.8283276392D-03    9.2846526156D-04    4.3347264734D-07
    6.3095734448D+11    3.6449397733D-05    1.0061464730D+00   -1.4540970940D-04    1.0060010633D+00   -6.7757192657D-05    3.6973594056D-03    6.3869986630D-03    8.7791122059D-04    4.0987235755D-07
    8.7096358996D+11    2.6405254441D-05    8.6807167755D-01   -1.3031241851D-04    8.6794136514D-01   -5.8218510337D-05    3.0896736859D-03    5.4616268551D-03    7.5743431644D-04    3.5362702321D-07
    1.2022644346D+12    1.9128915852D-05    6.9896940436D-01   -1.0980739509D-04    6.9885959696D-01   -4.6763923422D-05    2.4317446819D-03    4.3703690971D-03    6.0988444468D-04    2.8474169299D-07
    1.6595869074D+12    1.3857674520D-05    5.3784824002D-01   -8.9349580889D-05    5.3775889044D-01   -3.5961936788D-05    1.8444851074D-03    3.3499118963D-03    4.6929847450D-04    2.1910716190D-07
    2.2908676528D+12    1.0038997745D-05    4.0279035702D-01   -7.1769249925D-05    4.0271858777D-01   -2.6946895743D-05    1.3697896603D-03    2.5030818787D-03    3.5145397163D-04    1.6408962667D-07
    3.1622776602D+12    7.2726109699D-06    2.9706295041D-01   -5.7799057347D-05    2.9700515135D-01   -1.9894892499D-05    1.0055320281D-03    1.8437375454D-03    2.5920172101D-04    1.2102014649D-07
    4.3651583224D+12    5.2685409103D-06    2.1726447432D-01   -4.7156565610D-05    2.1721731776D-01   -1.4567503181D-05    7.3355549525D-04    1.3475306486D-03    1.8957371016D-04    8.8513124389D-08
    6.0255958607D+12    3.8167204925D-06    1.5819248418D-01   -3.9230679603D-05    1.5815325350D-01   -1.0617907410D-05    5.3337588665D-04    9.8076979564D-04    1.3803055579D-04    6.4449305892D-08
    8.3176377110D+12    2.7649695743D-06    1.1490921273D-01   -3.3398337333D-05    1.1487581440D-01   -7.7192090795D-06    3.8714628026D-04    7.1225456128D-04    1.0026381836D-04    4.6817237181D-08
    1.1481536215D+13    2.0030433882D-06    8.3365323966D-02   -2.9138025730D-05    8.3336185941D-02   -5.6039607833D-06    2.8074843091D-04    5.1665032784D-04    7.2740257292D-05    3.3967372335D-08
    1.5848931925D+13    1.4510766600D-06    6.0441967999D-02   -2.6035551799D-05    6.0415932447D-02   -4.0649394046D-06    2.0349304870D-04    3.7453426963D-04    5.2738525976D-05    2.4629205081D-08
    2.1877616239D+13    1.0512121133D-06    4.3808080055D-02   -2.3781462281D-05    4.3784298592D-02   -2.9471929541D-06    1.4745907525D-04    2.7142278193D-04    3.8224658204D-05    1.7853144258D-08
    3.0199517204D+13    7.6153585655D-07    3.1747467048D-02   -2.2146202749D-05    3.1725320845D-02   -2.1361647281D-06    1.0684040129D-04    1.9666517826D-04    2.7701192913D-05    1.2940074402D-08
    4.1686938347D+13    5.5168395937D-07    2.3006356626D-02   -2.0959148141D-05    2.2985397478D-02   -1.5480229275D-06    7.7405016330D-05    1.4248529469D-04    2.0074153385D-05    9.3792524664D-09
    5.7543993734D+13    3.9965969876D-07    1.6672472932D-02   -2.0098777264D-05    1.6652374155D-02   -1.1216995241D-06    5.6077254450D-05    1.0322677404D-04    1.4547535031D-05    6.7990502158D-09
    7.9432823472D+13    2.8952785758D-07    1.2083406874D-02   -1.9476221118D-05    1.2063930653D-02   -8.1273914933D-07    4.0625245761D-05    7.4783197812D-05    1.0543354037D-05    4.9296258522D-09
    1.0964781961D+14    2.0974439147D-07    8.7587020334D-03   -1.9023020037D-05    8.7396790134D-03   -5.8882839318D-07    2.9430718177D-05    5.4176402652D-05    7.6423890551D-06    3.5752569656D-09
    1.5135612484D+14    1.5194637961D-07    6.3500839492D-03   -1.8695304143D-05    6.3313886450D-03   -4.2659536106D-07    2.1320795798D-05    3.9247624463D-05    5.5407538568D-06    2.5940701468D-09
    2.0892961309D+14    1.1007542139D-07    4.6051630504D-03   -1.8458088498D-05    4.5867049619D-03   -3.0905503122D-07    1.5445598829D-05    2.8432499962D-05    4.0182263947D-06    1.8832504436D-09
    2.8840315031D+14    7.9742593576D-08    3.3410682773D-03   -1.8286904413D-05    3.3227813729D-03   -2.2390031687D-07    1.1189365387D-05    2.0597566064D-05    2.9152428679D-06    1.3683027466D-09
    3.9810717055D+14    5.7768402336D-08    2.4253065784D-03   -1.8161468589D-05    2.4071451098D-03   -1.6220218480D-07    8.1059855381D-06    1.4921633494D-05    2.1161967126D-06    9.9525309773D-10
    5.4954087386D+14    4.1849508008D-08    1.7618957087D-03   -1.8072158213D-05    1.7438235505D-03   -1.1751443402D-07    5.8722700402D-06    1.0809773798D-05    1.5373388008D-06    7.2500308614D-10
    7.5857757503D+14    3.0317288513D-08    1.2812944315D-03   -1.8005542208D-05    1.2632888893D-03   -8.5128967281D-08    4.2540845779D-06    7.8309911856D-06    1.1179910565D-06    5.2922242480D-10
    1.0471285481D+15    2.1962934010D-08    9.3312998743D-04   -1.7957934947D-05    9.1517205248D-04   -6.1669793667D-08    3.0818122128D-06    5.6730526921D-06    8.1420082288D-07    3.8739230346D-10
    1.4454397707D+15    1.5910739186D-08    6.8090706296D-04   -1.7923459150D-05    6.6298360381D-04   -4.4677119626D-08    2.2325757528D-06    4.1097633426D-06    5.9412418252D-07    2.8464543542D-10
    1.9952623150D+15    1.1526311618D-08    4.9818839810D-04   -1.7899212536D-05    4.8028918557D-04   -3.2365443719D-08    1.6173582086D-06    2.9772605707D-06    4.3469335371D-07    2.1021248821D-10
    2.7542287033D+15    8.3500746229D-09    3.6581948617D-04   -1.7880720275D-05    3.4793876590D-04   -2.3446872753D-08    1.1716724661D-06    2.1568346920D-06    3.1919510752D-07    1.5628982366D-10
    3.8018939632D+15    6.0490943261D-09    2.5560085429D-04   -3.5502802722D-06    2.5205057401D-04   -6.7854194434D-09    8.4872529854D-07    1.5638742695D-06    2.2302404669D-07    1.0555574512D-10
    5.2480746025D+15    4.3821814557D-09    1.8614041383D-04   -3.5459135542D-06    1.8259450027D-04   -4.9148295767D-09    6.1484711566D-07    1.1329270178D-06    1.6241646946D-07    7.7262061741D-11
    7.2443596007D+15    3.1746098301D-09    1.3582175149D-04   -3.5437290073D-06    1.3227802248D-04   -3.5608323902D-09    4.4541738585D-07    8.2073263256D-07    1.1851101488D-07    5.6765897602D-11
    1.0000000000D+16    2.2998015201D-09    9.9367631766D-05   -3.5406740742D-06    9.5826957692D-05   -2.5810938174D-09    3.2267638280D-07    5.9456803609D-07    8.6703040993D-08    4.1916539869D-11
